filename,width,height,class,xmin,ymin,xmax,ymax
1#01AAS545#05062020#104312.jpg,212,37,car plate,824,639,1036,676
1#01ACB811#06062020#032814.jpg,201,33,car plate,794,623,995,656
1#01AEE23#07062020#141248.jpg,136,27,car plate,477,596,613,623
1#01AU833#08062020#142446.jpg,156,25,car plate,522,601,678,626
1#01AZJ34#06062020#032800.jpg,211,34,car plate,750,598,961,632
1#01BAL01#06062020#002929.jpg,208,33,car plate,724,584,932,617
1#01BKA89#07062020#122513.jpg,121,27,car plate,477,601,598,628
1#01BM391#03062020#130019 .jpg,197,37,car plate,525,565,722,602
1#01EGV17#06062020#000638.jpg,232,38,car plate,723,622,955,660
1#01EMB16#06062020#032820.jpg,205,34,car plate,620,576,825,610
1#01GM781#03062020#125232 .jpg,205,37,car plate,641,589,846,626
1#01JS776#03062020#165552.jpg,134,27,car plate,758,569,892,596
1#01LC033#03062020#124251 .jpg,198,33,car plate,400,580,598,613
1#01SR010#08062020#015730.jpg,130,26,car plate,668,566,798,592
1#01SR010#08062020#071431.jpg,130,25,car plate,668,566,798,591
1#01V9104#08062020#050207.jpg,144,26,car plate,697,617,841,643
1#01YS031#08062020#135536.jpg,150,24,car plate,723,571,873,595
1#02AAY389#07062020#152413.jpg,81,25,car plate,658,579,739,604
1#02FL632#03062020#165322.jpg,135,33,car plate,440,613,575,646
1#02ZA240#03062020#171314.jpg,167,26,car plate,589,587,756,613
1#03AAD05#08062020#011024.jpg,142,25,car plate,1008,624,1150,649
1#03AAD05#08062020#062725.jpg,142,26,car plate,1008,623,1150,649
1#03AAD361#07062020#134206.jpg,104,25,car plate,527,603,631,628
1#03AAE171#07062020#142357.jpg,95,27,car plate,503,609,598,636
1#03AAE762#08062020#064053.jpg,72,25,car plate,674,621,746,646
1#03AAG315#08062020#145318.jpg,156,29,car plate,1003,658,1159,687
1#03AAH950#08062020#032612.jpg,134,26,car plate,604,584,738,610
1#03AAP280#08062020#054549.jpg,134,26,car plate,735,622,869,648
1#03AAP284#08062020#053647.jpg,83,24,car plate,672,628,755,652
1#03AAP467#08062020#025356.jpg,141,26,car plate,679,609,820,635
1#03AAT455#07062020#121209.jpg,133,29,car plate,679,609,812,638
1#03AAU362#08062020#201948.jpg,156,24,car plate,793,625,949,649
1#03AAV362#08062020#205751.jpg,162,28,car plate,494,556,656,584
1#03AAV502#08062020#043420.jpg,142,25,car plate,900,611,1042,636
1#03AAY997#07062020#153805.jpg,135,28,car plate,631,617,766,645
1#03AB485#07062020#195721.jpg,91,24,car plate,1100,613,1191,637
1#03ABD265#08062020#210003.jpg,145,23,car plate,682,526,827,549
1#03ABE515#07062020#112842.jpg,135,26,car plate,760,593,895,619
1#03ABE727#08062020#052053.jpg,135,29,car plate,642,605,777,634
1#03ABG246#07062020#150029.jpg,135,26,car plate,575,614,710,640
1#03ABH068#07062020#132349.jpg,131,27,car plate,600,609,731,636
1#03ABH208#08062020#044621.jpg,140,25,car plate,650,604,790,629
1#03ABL167#07062020#025024.jpg,88,23,car plate,100,596,188,619
1#03ABP529#08062020#052857.jpg,50,23,car plate,498,565,548,588
1#03ABR344#07062020#213525.jpg,88,20,car plate,811,595,899,615
1#03ABS096#08062020#172105.jpg,150,26,car plate,530,554,680,580
1#03ABS096#08062020#191107.jpg,156,27,car plate,525,600,681,627
1#03ABS59#08062020#062413.jpg,134,25,car plate,766,597,900,622
1#03ABS658#07062020#123221.jpg,120,26,car plate,615,624,735,650
1#03ABT574#07062020#112647.jpg,129,26,car plate,888,567,1017,593
1#03ABT667#08062020#133013.jpg,140,27,car plate,985,510,1125,537
1#03ABU414#08062020#041259.jpg,78,25,car plate,756,576,834,601
1#03ABU583#07062020#135613.jpg,131,27,car plate,591,582,722,609
1#03AS957#07062020#173336.jpg,126,24,car plate,601,617,727,641
1#03AT505#08062020#040117.jpg,135,27,car plate,246,591,381,618
1#03AV118#08062020#053637.jpg,115,25,car plate,531,548,646,573
1#03BA083#08062020#132308.jpg,140,24,car plate,706,477,846,501
1#03BA543#08062020#141554.jpg,151,25,car plate,479,618,630,643
1#03BB130#08062020#202806.jpg,156,27,car plate,635,621,791,648
1#03BC073#08062020#201247.jpg,148,26,car plate,547,575,695,601
1#03BE490#08062020#042035.jpg,130,26,car plate,667,563,797,589
1#03BFP989#05062020#104324.jpg,166,28,car plate,711,485,877,513
1#03BG745#07062020#132431.jpg,133,27,car plate,531,606,664,633
1#03BG954#07062020#123259.jpg,134,27,car plate,532,620,666,647
1#03BN222#07062020#155737.jpg,137,25,car plate,918,618,1055,643
1#03BR003#07062020#120129.jpg,136,26,car plate,549,598,685,624
1#03BR409#07062020#112811.jpg,104,26,car plate,745,592,849,618
1#03BS045#08062020#201459.jpg,150,26,car plate,679,598,829,624
1#03BT905#07062020#131907.jpg,142,27,car plate,715,620,857,647
1#03DL725#08062020#054349.jpg,132,24,car plate,635,584,767,608
1#03DN095#08062020#140744.jpg,148,26,car plate,625,562,773,588
1#03DR172#05062020#104056.jpg,199,34,car plate,790,576,989,610
1#03DR359#08062020#013200.jpg,135,26,car plate,510,592,645,618
1#03DR359#08062020#064901.jpg,133,26,car plate,505,550,638,576
1#03DR435#07062020#113008.jpg,110,26,car plate,365,605,475,631
1#03DR587#08062020#203506.jpg,150,26,car plate,626,648,776,674
1#03EA757#07062020#120006.jpg,137,26,car plate,513,612,650,638
1#03ED197#07062020#120521.jpg,132,27,car plate,505,572,637,599
1#03ED197#07062020#120737.jpg,135,26,car plate,510,605,645,631
1#03EF013#07062020#160513.jpg,82,24,car plate,721,588,803,612
1#03EH750#07062020#211455.jpg,83,23,car plate,95,615,178,638
1#03EK162#08062020#022640.jpg,136,27,car plate,495,620,631,647
1#03EK162#08062020#074341.jpg,135,27,car plate,495,620,630,647
1#03EK202#08062020#023300.jpg,86,24,car plate,649,592,735,616
1#03EK202#08062020#075000.jpg,72,24,car plate,662,592,734,616
1#03EP202#07062020#034300.jpg,92,23,car plate,548,590,640,613
1#03ER023#07062020#160427.jpg,103,24,car plate,944,564,1047,588
1#03FS735#08062020#052522.jpg,133,25,car plate,836,573,969,598
1#03HB538#08062020#194332.jpg,150,24,car plate,700,566,850,590
1#03HE346#07062020#181129.jpg,120,24,car plate,267,626,387,650
1#03HS582#07062020#172334.jpg,134,25,car plate,417,561,551,586
1#03HS582#07062020#221033.jpg,134,25,car plate,417,561,551,586
1#03KK528#08062020#013244.jpg,78,24,car plate,566,579,644,603
1#03KK528#08062020#064944.jpg,95,25,car plate,570,610,665,635
1#03L1848#07062020#154250.jpg,76,25,car plate,756,613,832,638
1#03NH713#03062020#124929 .jpg,192,28,car plate,411,550,603,578
1#03RA626#07062020#135824.jpg,144,27,car plate,690,625,834,652
1#03RD621#08062020#195744.jpg,137,24,car plate,595,469,732,493
1#03SL149#08062020#150506.jpg,159,25,car plate,968,663,1127,688
1#03UA172#08062020#025642.jpg,132,26,car plate,683,584,815,610
1#03UF777#08062020#042208.jpg,136,26,car plate,611,591,747,617
1#03UN206#08062020#025620.jpg,75,24,car plate,684,613,759,637
1#03UN348#08062020#034207.jpg,133,26,car plate,651,604,784,630
1#03UN499#07062020#122800.jpg,141,29,car plate,699,624,840,653
1#03UY051#08062020#205015.jpg,147,26,car plate,709,533,856,559
1#03VR1828#07062020#113450.jpg,127,24,car plate,573,604,700,628
1#03VS148#08062020#205204.jpg,144,25,car plate,736,529,880,554
1#03VV246#08062020#013201.jpg,118,25,car plate,677,589,795,614
1#03VY166#08062020#052058.jpg,53,24,car plate,642,577,695,601
1#03VY600#08062020#022618.jpg,135,26,car plate,656,592,791,618
1#03VY600#08062020#074319.jpg,130,24,car plate,644,530,774,554
1#03VY652#08062020#143406.jpg,153,26,car plate,735,605,888,631
1#03VZ606#07062020#154113.jpg,143,26,car plate,704,619,847,645
1#03YC204#08062020#131253.jpg,157,25,car plate,739,626,896,651
1#03ZB377#08062020#020412.jpg,83,25,car plate,508,555,591,580
1#03ZB377#08062020#072112.jpg,131,28,car plate,467,590,598,618
1#042FDD90#07062020#115610.jpg,125,26,car plate,537,616,662,642
1#04DJB38#08062020#151106.jpg,153,26,car plate,658,631,811,657
1#04TDV39#08062020#040339.jpg,134,26,car plate,617,586,751,612
1#05DM709#06062020#000339.jpg,209,34,car plate,767,623,976,657
1#05DN732#07062020#141305.jpg,134,25,car plate,704,579,838,604
1#05DU383#08062020#054940.jpg,137,28,car plate,436,608,573,636
1#05DU383#08062020#131651.jpg,153,25,car plate,509,608,662,633
1#05ES627#08062020#024344.jpg,100,26,car plate,462,611,562,637
1#05HK382#05062020#103244.jpg,213,32,car plate,631,629,844,661
1#05LA188#08062020#134818.jpg,150,23,car plate,469,564,619,587
1#05LS488#06062020#025259.jpg,192,27,car plate,858,623,1050,650
1#05VHB18#06062020#030629.jpg,197,29,car plate,726,564,923,593
1#05VHB18#06062020#140606.jpg,197,28,car plate,664,572,861,600
1#06A4554#03062020#165350.jpg,140,29,car plate,675,631,815,660
1#06AAC471#05062020#103855.jpg,198,32,car plate,681,577,879,609
1#06AAC471#05062020#120510.jpg,145,27,car plate,443,595,588,622
1#06AAD013#06062020#000451.jpg,181,29,car plate,773,514,954,543
1#06AAE436#06062020#033934.jpg,218,34,car plate,588,622,806,656
1#06AAG648#06062020#033013.jpg,197,33,car plate,794,574,991,607
1#06AAG947#07062020#150430.jpg,136,26,car plate,590,606,726,632
1#06AAN842#03062020#012159 .jpg,164,27,car plate,514,628,678,655
1#06AAZ63#05062020#103834.jpg,217,36,car plate,683,626,900,662
1#06AB2559#05062020#234215.jpg,212,29,car plate,600,588,812,617
1#06AB2559#06062020#030126.jpg,195,32,car plate,640,512,835,544
1#06AB2559#06062020#140901.jpg,217,36,car plate,689,606,906,642
1#06AB7682#06062020#033043.jpg,202,33,car plate,813,595,1015,628
1#06AB9618#05062020#132402.jpg,150,28,car plate,507,626,657,654
1#06ABG324#06062020#142148.jpg,202,34,car plate,698,596,900,630
1#06ABN306#06062020#002809.jpg,200,33,car plate,706,563,906,596
1#06ABR142#07062020#122150.jpg,94,23,car plate,782,576,876,599
1#06ABT782#06062020#001944.jpg,193,32,car plate,727,563,920,595
1#06ABU06#06062020#032312.jpg,226,38,car plate,779,599,1005,637
1#06ABY542#05062020#105904.jpg,175,29,car plate,648,463,823,492
1#06ABY542#05062020#235128.jpg,217,34,car plate,656,618,873,652
1#06ABY581#06062020#031936.jpg,191,34,car plate,789,514,980,548
1#06ABZ254#03062020#003746 .jpg,164,29,car plate,432,626,596,655
1#06AC3901#06062020#000158.jpg,185,29,car plate,722,582,907,611
1#06AC7461#08062020#040254.jpg,134,25,car plate,543,575,677,600
1#06AC7461#08062020#142318.jpg,153,26,car plate,418,597,571,623
1#06AC9292#06062020#141516.jpg,199,36,car plate,810,557,1009,593
1#06ACB401#06062020#033420.jpg,186,33,car plate,828,582,1014,615
1#06ACE885#06062020#031857.jpg,199,29,car plate,595,552,794,581
1#06ACG438#06062020#033521.jpg,186,28,car plate,683,491,869,519
1#06ACG478#03062020#124127 .jpg,207,41,car plate,698,616,905,657
1#06ACH242#05062020#104451.jpg,183,28,car plate,844,516,1027,544
1#06ACL320#06062020#001345.jpg,207,33,car plate,737,608,944,641
1#06ACN516#03062020#132442 .jpg,183,33,car plate,553,564,736,597
1#06ACN516#03062020#134420 .jpg,189,32,car plate,547,598,736,630
1#06ACN703#06062020#001915.jpg,212,35,car plate,755,627,967,662
1#06ACN767#05062020#104940.jpg,202,34,car plate,713,584,915,618
1#06ACS599#08062020#043737.jpg,132,28,car plate,456,585,588,613
1#06AD4001#08062020#201201.jpg,153,26,car plate,306,655,459,681
1#06AD6869#05062020#100313.jpg,193,28,car plate,776,554,969,582
1#06AD6869#06062020#031325.jpg,211,33,car plate,756,615,967,648
1#06ADD892#06062020#013305.jpg,195,33,car plate,381,590,576,623
1#06ADE969#05062020#105016.jpg,181,28,car plate,743,503,924,531
1#06ADF613#08062020#060428.jpg,137,27,car plate,568,594,705,621
1#06ADG996#06062020#122629.jpg,161,27,car plate,434,634,595,661
1#06ADG996#06062020#142608.jpg,212,33,car plate,720,588,932,621
1#06ADP803#06062020#000352.jpg,191,32,car plate,755,562,946,594
1#06ADR603#06062020#033100.jpg,205,33,car plate,785,590,990,623
1#06ADT44#05062020#110236.jpg,172,26,car plate,719,454,891,480
1#06AEC97#08062020#132925.jpg,151,26,car plate,531,572,682,598
1#06AEG573#06062020#001135.jpg,191,29,car plate,626,538,817,567
1#06AEP733#06062020#033517.jpg,195,29,car plate,651,524,846,553
1#06AES509#06062020#032651.jpg,201,32,car plate,709,586,910,618
1#06AEV358#06062020#032913.jpg,192,29,car plate,667,530,859,559
1#06AEY920#05062020#104334.jpg,177,28,car plate,798,508,975,536
1#06AF0652#08062020#200327.jpg,150,27,car plate,659,567,809,594
1#06AF6383#05062020#102836.jpg,208,35,car plate,759,605,967,640
1#06AF6552#03062020#165449.jpg,128,27,car plate,519,481,647,508
1#06AFF637#06062020#033911.jpg,197,33,car plate,678,579,875,612
1#06AFF870#05062020#104538.jpg,151,25,car plate,713,428,864,453
1#06AFN799#06062020#001315.jpg,202,33,car plate,783,591,985,624
1#06AFP944#05062020#105653.jpg,189,28,car plate,809,545,998,573
1#06AFU14#06062020#002109.jpg,215,33,car plate,707,611,922,644
1#06AFZ690#06062020#033511.jpg,198,32,car plate,661,588,859,620
1#06AG0933#06062020#030658.jpg,202,29,car plate,794,583,996,612
1#06AG1432#03062020#130057 .jpg,207,32,car plate,752,598,959,630
1#06AG9311#08062020#060153.jpg,130,27,car plate,425,558,555,585
1#06AGB220#08062020#040710.jpg,137,25,car plate,677,596,814,621
1#06AGB599#05062020#142548.jpg,158,25,car plate,407,481,565,506
1#06AGB599#06062020#002014.jpg,207,32,car plate,650,603,857,635
1#06AGB72#05062020#105746.jpg,218,35,car plate,750,589,968,624
1#06AGD291#06062020#142238.jpg,212,35,car plate,767,600,979,635
1#06AGD430#05062020#103359.jpg,208,33,car plate,768,625,976,658
1#06AGJ144#06062020#000631.jpg,194,29,car plate,853,540,1047,569
1#06AGS661#06062020#001533.jpg,184,32,car plate,874,501,1058,533
1#06AIL11#03062020#185904.jpg,189,32,car plate,521,578,710,610
1#06AIT62#06062020#000119.jpg,201,34,car plate,695,565,896,599
1#06AJ0178#03062020#125245 .jpg,202,38,car plate,602,598,804,636
1#06AK251#05062020#103817.jpg,200,33,car plate,741,613,941,646
1#06AK7144#05062020#202446.jpg,102,23,car plate,574,617,676,640
1#06AK7144#06062020#000354.jpg,207,34,car plate,734,618,941,652
1#06AK7144#06062020#013451.jpg,180,32,car plate,397,602,577,634
1#06AL0725#08062020#193457.jpg,156,26,car plate,654,626,810,652
1#06AL4368#05062020#110104.jpg,199,32,car plate,599,615,798,647
1#06ALY74#05062020#132637.jpg,91,24,car plate,456,570,547,594
1#06ALY74#05062020#144006.jpg,165,25,car plate,425,494,590,519
1#06AN3013#06062020#001054.jpg,200,32,car plate,722,583,922,615
1#06AN3383#08062020#191550.jpg,161,27,car plate,466,663,627,690
1#06AN5394#05062020#105337.jpg,201,32,car plate,739,570,940,602
1#06AN5819#06062020#002248.jpg,197,29,car plate,734,549,931,578
1#06AP0138#05062020#104341.jpg,215,34,car plate,663,578,878,612
1#06AP0855#08062020#044148.jpg,50,23,car plate,669,566,719,589
1#06APN61#06062020#142440.jpg,201,35,car plate,773,585,974,620
1#06AR7219#05062020#105217.jpg,176,29,car plate,902,534,1078,563
1#06AR7442#05062020#100435.jpg,190,29,car plate,660,526,850,555
1#06AR7832#06062020#032609.jpg,196,32,car plate,782,596,978,628
1#06AS3169#06062020#143101.jpg,210,34,car plate,628,611,838,645
1#06AS4369#08062020#044844.jpg,136,26,car plate,675,610,811,636
1#06AS6444#05062020#233711.jpg,209,34,car plate,687,624,896,658
1#06AS692#05062020#110848.jpg,205,34,car plate,763,596,968,630
1#06AS7679#06062020#002235.jpg,217,35,car plate,718,602,935,637
1#06ASU52#06062020#001141.jpg,202,33,car plate,782,604,984,637
1#06AT0471#05062020#110444.jpg,197,33,car plate,700,567,897,600
1#06AT1711#06062020#034537.jpg,197,32,car plate,746,586,943,618
1#06AT4079#03062020#125537 .jpg,197,33,car plate,573,558,770,591
1#06AT9617#07062020#160924.jpg,119,26,car plate,556,610,675,636
1#06AT9617#08062020#014405.jpg,48,23,car plate,632,568,680,591
1#06AT9617#08062020#070105.jpg,48,24,car plate,632,567,680,591
1#06AT9617#08062020#132521.jpg,150,25,car plate,671,599,821,624
1#06AT9617#08062020#191246.jpg,148,26,car plate,603,584,751,610
1#06AU6666#05062020#234545.jpg,126,23,car plate,676,386,802,409
1#06AU6666#06062020#141046.jpg,200,34,car plate,699,588,899,622
1#06AV1565#06062020#033906.jpg,200,29,car plate,730,602,930,631
1#06AV4385#05062020#233652.jpg,199,34,car plate,856,587,1055,621
1#06AV4385#06062020#025252.jpg,206,36,car plate,748,595,954,631
1#06AYG46#05062020#104007.jpg,207,34,car plate,749,628,956,662
1#06AYL20#06062020#002026.jpg,199,33,car plate,835,627,1034,660
1#06AZ4293#06062020#002021.jpg,199,29,car plate,834,582,1033,611
1#06AZ4867#06062020#000237.jpg,206,32,car plate,668,531,874,563
1#06AZ9997#06062020#142245.jpg,207,32,car plate,774,622,981,654
1#06BA2226#06062020#022508.jpg,135,27,car plate,390,604,525,631
1#06BA2226#06062020#111514.jpg,182,32,car plate,394,595,576,627
1#06BA2710#06062020#001215.jpg,212,32,car plate,714,617,926,649
1#06BA4313#05062020#105401.jpg,190,29,car plate,851,564,1041,593
1#06BA7253#08062020#143140.jpg,156,27,car plate,664,602,820,629
1#06BA8698#06062020#142901.jpg,215,35,car plate,597,563,812,598
1#06BAH315#05062020#144414.jpg,169,28,car plate,464,519,633,547
1#06BAH841#08062020#041053.jpg,136,29,car plate,519,624,655,653
1#06BB3510#06062020#000805.jpg,200,29,car plate,778,621,978,650
1#06BB3823#03062020#124906 .jpg,198,36,car plate,573,612,771,648
1#06BBY854#06062020#031211.jpg,206,33,car plate,763,602,969,635
1#06BC3136#06062020#030830.jpg,199,34,car plate,812,608,1011,642
1#06BC3308#06062020#001745.jpg,205,33,car plate,696,603,901,636
1#06BC3592#05062020#141002.jpg,157,26,car plate,493,428,650,454
1#06BC4432#06062020#135307.jpg,185,29,car plate,813,531,998,560
1#06BCA278#06062020#135143.jpg,202,33,car plate,603,573,805,606
1#06BCF115#05062020#104533.jpg,202,32,car plate,749,636,951,668
1#06BCG066#06062020#002549.jpg,185,32,car plate,846,524,1031,556
1#06BCJ939#06062020#002218.jpg,214,34,car plate,662,632,876,666
1#06BCL246#07062020#123033.jpg,133,26,car plate,600,609,733,635
1#06BCP586#06062020#142535.jpg,213,32,car plate,444,625,657,657
1#06BCR215#05062020#235502.jpg,195,33,car plate,851,549,1046,582
1#06BCR215#05062020#235520.jpg,208,34,car plate,853,607,1061,641
1#06BCR215#05062020#235600.jpg,200,32,car plate,852,577,1052,609
1#06BCR834#05062020#101156.jpg,164,25,car plate,670,443,834,468
1#06BCR834#06062020#002501.jpg,206,32,car plate,688,571,894,603
1#06BCR834#06062020#141106.jpg,210,33,car plate,625,586,835,619
1#06BCT537#06062020#033708.jpg,202,34,car plate,742,596,944,630
1#06BCU242#06062020#000746.jpg,208,34,car plate,646,615,854,649
1#06BCV002#07062020#141412.jpg,137,28,car plate,570,610,707,638
1#06BCZ553#06062020#033720.jpg,207,32,car plate,769,604,976,636
1#06BCZ848#06062020#001854.jpg,185,32,car plate,811,580,996,612
1#06BD0770#08062020#033050.jpg,65,23,car plate,598,583,663,606
1#06BD0770#08062020#142925.jpg,157,27,car plate,734,627,891,654
1#06BD2506#06062020#142530.jpg,191,32,car plate,728,549,919,581
1#06BDE657#05062020#110724.jpg,180,29,car plate,694,533,874,562
1#06BDG074#06062020#142523.jpg,200,29,car plate,780,581,980,610
1#06BDH152#05062020#102411.jpg,178,32,car plate,840,508,1018,540
1#06BDH152#06062020#030958.jpg,192,33,car plate,783,554,975,587
1#06BDH152#06062020#142736.jpg,193,33,car plate,733,546,926,579
1#06BDH523#07062020#124353.jpg,136,27,car plate,634,602,770,629
1#06BDJ913#05062020#103943.jpg,202,35,car plate,686,614,888,649
1#06BDL131#05062020#235931.jpg,195,29,car plate,672,551,867,580
1#06BDM767#06062020#033106.jpg,192,29,car plate,747,532,939,561
1#06BDS311#06062020#033857.jpg,210,33,car plate,869,622,1079,655
1#06BDZ558#06062020#031235.jpg,193,29,car plate,761,575,954,604
1#06BEK036#05062020#102501.jpg,206,34,car plate,851,620,1057,654
1#06BEK797#05062020#110124.jpg,186,28,car plate,700,573,886,601
1#06BEV826#06062020#142717.jpg,181,28,car plate,698,489,879,517
1#06BEY172#05062020#235403.jpg,202,29,car plate,689,613,891,642
1#06BEY172#06062020#031440.jpg,200,33,car plate,677,600,877,633
1#06BEY928#07062020#135120.jpg,39,24,car plate,669,590,708,614
1#06BF5515#08062020#134032.jpg,153,27,car plate,603,588,756,615
1#06BFB646#08062020#203555.jpg,151,27,car plate,688,589,839,616
1#06BFD644#05062020#101515.jpg,218,34,car plate,647,644,865,678
1#06BFE647#06062020#030713.jpg,201,33,car plate,757,584,958,617
1#06BFN257#07062020#134029.jpg,134,27,car plate,553,564,687,591
1#06BFN257#08062020#131254.jpg,159,27,car plate,680,620,839,647
1#06BFS161#07062020#031304.jpg,62,24,car plate,624,584,686,608
1#06BFY359#06062020#002706.jpg,200,29,car plate,814,565,1014,594
1#06BFY493#06062020#142909.jpg,201,33,car plate,614,562,815,595
1#06BG6625#05062020#105119.jpg,212,34,car plate,642,585,854,619
1#06BG9870#06062020#033959.jpg,221,36,car plate,705,620,926,656
1#06BGA979#06062020#025715.jpg,208,35,car plate,660,584,868,619
1#06BGE683#06062020#033535.jpg,193,29,car plate,624,589,817,618
1#06BGJ447#06062020#002716.jpg,208,29,car plate,771,589,979,618
1#06BGJ686#06062020#111154.jpg,176,28,car plate,408,600,584,628
1#06BGT896#05062020#114239.jpg,159,27,car plate,438,650,597,677
1#06BGT896#05062020#134225.jpg,167,27,car plate,244,545,411,572
1#06BGT934#06062020#143603.jpg,185,33,car plate,847,524,1032,557
1#06BHD832#06062020#001323.jpg,202,34,car plate,919,619,1121,653
1#06BHF169#06062020#143402.jpg,218,35,car plate,807,633,1025,668
1#06BHG991#06062020#142855.jpg,194,34,car plate,752,549,946,583
1#06BHS456#05062020#105248.jpg,183,28,car plate,862,577,1045,605
1#06BHT619#06062020#001612.jpg,186,32,car plate,687,494,873,526
1#06BHZ358#06062020#000521.jpg,195,32,car plate,820,545,1015,577
1#06BID171#06062020#034214.jpg,207,32,car plate,636,623,843,655
1#06BIK281#05062020#110051.jpg,166,27,car plate,758,454,924,481
1#06BIS833#08062020#043857.jpg,143,26,car plate,692,612,835,638
1#06BIS833#08062020#141048.jpg,159,27,car plate,912,604,1071,631
1#06BJ6724#08062020#194433.jpg,152,27,car plate,404,578,556,605
1#06BJ7860#08062020#040658.jpg,136,27,car plate,659,607,795,634
1#06BJ8611#06062020#031919.jpg,180,27,car plate,838,544,1018,571
1#06BJR958#08062020#194726.jpg,160,27,car plate,460,652,620,679
1#06BK1253#06062020#000704.jpg,212,32,car plate,741,618,953,650
1#06BK1936#06062020#142417.jpg,210,34,car plate,779,628,989,662
1#06BK2507#08062020#200955.jpg,151,26,car plate,607,570,758,596
1#06BK3417#07062020#035233.jpg,78,23,car plate,632,539,710,562
1#06BK7226#06062020#000546.jpg,196,29,car plate,664,572,860,601
1#06BKC010#06062020#033129.jpg,176,27,car plate,735,532,911,559
1#06BKE442#06062020#001232.jpg,196,33,car plate,738,568,934,601
1#06BKF118#05062020#203250.jpg,152,26,car plate,408,618,560,644
1#06BKK438#08062020#054549.jpg,130,25,car plate,463,541,593,566
1#06BKL144#07062020#162715.jpg,142,26,car plate,786,614,928,640
1#06BL0460#05062020#103015.jpg,186,33,car plate,722,515,908,548
1#06BL0460#05062020#235154.jpg,182,29,car plate,659,493,841,522
1#06BL0460#06062020#141907.jpg,207,34,car plate,724,586,931,620
1#06BL1782#05062020#104912.jpg,195,34,car plate,708,546,903,580
1#06BL5183#06062020#142702.jpg,210,36,car plate,622,602,832,638
1#06BL5480#05062020#110107.jpg,202,32,car plate,653,573,855,605
1#06BL6484#05062020#102941.jpg,160,26,car plate,688,420,848,446
1#06BL6484#05062020#235443.jpg,215,34,car plate,508,605,723,639
1#06BL6484#06062020#031458.jpg,218,35,car plate,480,622,698,657
1#06BL6606#05062020#102444.jpg,192,27,car plate,747,570,939,597
1#06BL6606#05062020#235004.jpg,200,29,car plate,673,599,873,628
1#06BLH870#06062020#001505.jpg,190,32,car plate,829,587,1019,619
1#06BLL39#03062020#165308.jpg,137,32,car plate,620,630,757,662
1#06BLM288#06062020#143636.jpg,196,32,car plate,819,571,1015,603
1#06BLY47#03062020#165153.jpg,136,35,car plate,565,605,701,640
1#06BM1842#06062020#001048.jpg,209,32,car plate,722,628,931,660
1#06BM2576#05062020#110906.jpg,199,32,car plate,745,594,944,626
1#06BME617#06062020#143307.jpg,199,34,car plate,721,565,920,599
1#06BMF202#05062020#233550.jpg,205,33,car plate,688,608,893,641
1#06BMJ521#08062020#050708.jpg,134,27,car plate,570,595,704,622
1#06BMK942#07062020#154720.jpg,53,24,car plate,468,536,521,560
1#06BMZ63#06062020#030119.jpg,194,29,car plate,845,614,1039,643
1#06BMZ63#06062020#030840.jpg,181,29,car plate,753,551,934,580
1#06BN1161#05062020#104138.jpg,178,28,car plate,891,523,1069,551
1#06BN1250#07062020#131414.jpg,134,27,car plate,491,577,625,604
1#06BN2760#05062020#101733.jpg,185,27,car plate,775,522,960,549
1#06BN2760#06062020#025121.jpg,213,34,car plate,713,616,926,650
1#06BN2760#06062020#135706.jpg,196,29,car plate,772,561,968,590
1#06BN6693#06062020#024832.jpg,199,29,car plate,747,561,946,590
1#06BNA909#05062020#110431.jpg,182,29,car plate,708,517,890,546
1#06BNB648#07062020#032429.jpg,114,26,car plate,20,580,134,606
1#06BNB842#06062020#143339.jpg,213,35,car plate,575,608,788,643
1#06BNC854#05062020#104902.jpg,186,32,car plate,821,510,1007,542
1#06BND746#06062020#033737.jpg,201,32,car plate,796,615,997,647
1#06BNP831#07062020#124927.jpg,135,26,car plate,758,600,893,626
1#06BNT975#08062020#133501.jpg,160,24,car plate,451,612,611,636
1#06BNU40#06062020#031819.jpg,184,32,car plate,819,557,1003,589
1#06BNU567#06062020#030305.jpg,200,32,car plate,639,554,839,586
1#06BNV845#07062020#121942.jpg,132,26,car plate,545,563,677,589
1#06BOC041#05062020#102821.jpg,196,33,car plate,777,526,973,559
1#06BOE626#05062020#102142.jpg,192,29,car plate,787,582,979,611
1#06BOE626#06062020#141132.jpg,202,32,car plate,646,619,848,651
1#06BOF835#06062020#001538.jpg,201,34,car plate,792,603,993,637
1#06BOH230#05062020#235807.jpg,195,33,car plate,708,512,903,545
1#06BOJ656#06062020#030337.jpg,181,27,car plate,671,567,852,594
1#06BOJ656#06062020#140335.jpg,182,26,car plate,797,586,979,612
1#06BOU701#06062020#000728.jpg,195,32,car plate,718,593,913,625
1#06BOU701#06062020#011435.jpg,172,29,car plate,468,590,640,619
1#06BOV724#06062020#001621.jpg,200,34,car plate,732,602,932,636
1#06BOY282#05062020#105347.jpg,194,34,car plate,657,573,851,607
1#06BP3496#07062020#141528.jpg,67,24,car plate,452,632,519,656
1#06BP7208#08062020#014347.jpg,136,27,car plate,619,594,755,621
1#06BP7208#08062020#070047.jpg,136,27,car plate,619,594,755,621
1#06BPA914#06062020#000622.jpg,201,34,car plate,773,597,974,631
1#06BPD966#05062020#143226.jpg,165,25,car plate,229,543,394,568
1#06BPD987#07062020#130556.jpg,136,27,car plate,583,625,719,652
1#06BPJ157#06062020#034719.jpg,202,34,car plate,637,597,839,631
1#06BPU859#06062020#002114.jpg,197,29,car plate,764,567,961,596
1#06BPV389#06062020#003254.jpg,200,33,car plate,795,602,995,635
1#06BR590#08062020#054110.jpg,137,26,car plate,552,604,689,630
1#06BR590#08062020#132601.jpg,150,26,car plate,673,563,823,589
1#06BRN36#05062020#202320.jpg,163,28,car plate,430,626,593,654
1#06BRN36#06062020#013246.jpg,190,28,car plate,312,600,502,628
1#06BS7029#06062020#002417.jpg,218,35,car plate,706,613,924,648
1#06BS9102#05062020#234234.jpg,193,29,car plate,727,560,920,589
1#06BS9102#06062020#030940.jpg,208,34,car plate,775,625,983,659
1#06BT2397#05062020#104829.jpg,153,28,car plate,750,433,903,461
1#06BT4662#05062020#100846.jpg,180,26,car plate,783,482,963,508
1#06BT4662#06062020#140639.jpg,201,32,car plate,792,559,993,591
1#06BT4898#06062020#000511.jpg,210,33,car plate,642,606,852,639
1#06BT4928#05062020#102558.jpg,174,28,car plate,746,471,920,499
1#06BT6623#05062020#110520.jpg,213,33,car plate,732,614,945,647
1#06BTT515#07062020#175409.jpg,134,26,car plate,26,606,160,632
1#06BU1942#06062020#001521.jpg,197,32,car plate,735,575,932,607
1#06BU2036#06062020#002253.jpg,195,32,car plate,849,592,1044,624
1#06BU8658#08062020#040218.jpg,91,24,car plate,597,552,688,576
1#06BUB052#08062020#041223.jpg,134,26,car plate,442,591,576,617
1#06BUB052#08062020#043941.jpg,132,25,car plate,734,559,866,584
1#06BV1837#05062020#234226.jpg,214,34,car plate,793,599,1007,633
1#06BV1837#06062020#025940.jpg,200,34,car plate,793,537,993,571
1#06BV2476#03062020#164847.jpg,127,29,car plate,579,499,706,528
1#06BV8844#06062020#032151.jpg,182,28,car plate,689,504,871,532
1#06BVC021#07062020#201005.jpg,37,24,car plate,120,623,157,647
1#06BY2229#03062020#165615.jpg,132,29,car plate,545,531,677,560
1#06BY5789#06062020#001937.jpg,210,34,car plate,746,623,956,657
1#06BY8149#05062020#104439.jpg,200,32,car plate,653,564,853,596
1#06BY880#06062020#002446.jpg,189,28,car plate,649,539,838,567
1#06BYK48#08062020#191827.jpg,157,26,car plate,621,623,778,649
1#06BYL915#08062020#201429.jpg,152,26,car plate,765,623,917,649
1#06BYU683#07062020#151553.jpg,83,25,car plate,691,597,774,622
1#06BZ593#05062020#110114.jpg,206,33,car plate,741,615,947,648
1#06BZ7970#06062020#021839.jpg,134,25,car plate,513,624,647,649
1#06BZ7970#06062020#110836.jpg,178,26,car plate,402,614,580,640
1#06CD2022#05062020#132815.jpg,162,29,car plate,461,614,623,643
1#06CD3563#05062020#104059.jpg,209,35,car plate,799,565,1008,600
1#06CD3725#05062020#103755.jpg,213,33,car plate,668,606,881,639
1#06CD5460#05062020#104239.jpg,162,26,car plate,795,462,957,488
1#06CD5886#06062020#001414.jpg,221,35,car plate,749,616,970,651
1#06CD6010#06062020#034727.jpg,202,32,car plate,824,611,1026,643
1#06CD6064#05062020#102429.jpg,217,34,car plate,798,618,1015,652
1#06CD6966#06062020#002456.jpg,192,32,car plate,830,522,1022,554
1#06CD6988#05062020#102717.jpg,223,33,car plate,732,638,955,671
1#06CD7515#05062020#103849.jpg,223,37,car plate,707,628,930,665
1#06CD7607#05062020#105018.jpg,185,33,car plate,747,498,932,531
1#06CD7620#06062020#142831.jpg,226,35,car plate,821,631,1047,666
1#06CD7651#06062020#140251.jpg,217,33,car plate,670,602,887,635
1#06CEY70#06062020#003029.jpg,199,33,car plate,834,603,1033,636
1#06CGN02#06062020#000842.jpg,211,29,car plate,680,606,891,635
1#06CM1787#06062020#142952.jpg,205,34,car plate,695,538,900,572
1#06CM2257#06062020#003058.jpg,209,32,car plate,782,605,991,637
1#06CNK79#05062020#132934.jpg,160,29,car plate,433,635,593,664
1#06CNK79#05062020#141241.jpg,176,27,car plate,324,555,500,582
1#06CNK79#05062020#141537.jpg,179,27,car plate,319,574,498,601
1#06CNK79#05062020#144542.jpg,173,26,car plate,330,537,503,563
1#06CO5762#05062020#103029.jpg,205,32,car plate,706,538,911,570
1#06COE51#06062020#142024.jpg,196,33,car plate,789,543,985,576
1#06CRN97#06062020#142157.jpg,200,32,car plate,829,595,1029,627
1#06DA2888#05062020#102725.jpg,195,32,car plate,719,536,914,568
1#06DA6157#03062020#164940.jpg,136,29,car plate,448,579,584,608
1#06DB1263#07062020#213728.jpg,134,25,car plate,233,624,367,649
1#06DB2305#06062020#135152.jpg,206,29,car plate,742,599,948,628
1#06DC0422#05062020#101927.jpg,185,28,car plate,693,533,878,561
1#06DC0422#06062020#140418.jpg,177,28,car plate,636,483,813,511
1#06DC1415#05062020#101724.jpg,189,32,car plate,737,521,926,553
1#06DC2204#06062020#032047.jpg,207,34,car plate,849,619,1056,653
1#06DC4655#06062020#143248.jpg,198,29,car plate,676,564,874,593
1#06DC4788#06062020#032729.jpg,202,36,car plate,809,605,1011,641
1#06DC5150#05062020#105515.jpg,185,29,car plate,778,545,963,574
1#06DC5150#05062020#142952.jpg,151,24,car plate,365,467,516,491
1#06DC5305#06062020#032011.jpg,201,29,car plate,580,610,781,639
1#06DD0927#06062020#001609.jpg,211,34,car plate,794,598,1005,632
1#06DD2298#05062020#105432.jpg,200,29,car plate,833,566,1033,595
1#06DD8454#06062020#002440.jpg,217,35,car plate,736,617,953,652
1#06DE4231#05062020#110514.jpg,179,29,car plate,805,535,984,564
1#06DE6893#05062020#233116.jpg,198,36,car plate,790,607,988,643
1#06DE6893#06062020#034504.jpg,201,36,car plate,805,622,1006,658
1#06DE6893#06062020#135138.jpg,205,33,car plate,643,613,848,646
1#06DE8799#06062020#003021.jpg,211,34,car plate,682,622,893,656
1#06DE9325#05062020#202805.jpg,153,27,car plate,362,630,515,657
1#06DE9325#06062020#001603.jpg,210,34,car plate,727,613,937,647
1#06DE9929#05062020#132954.jpg,153,26,car plate,478,633,631,659
1#06DE9929#05062020#141556.jpg,162,27,car plate,397,518,559,545
1#06DE9929#05062020#144612.jpg,165,28,car plate,392,539,557,567
1#06DF5604#03062020#165455.jpg,133,32,car plate,558,574,691,606
1#06DF6662#06062020#031448.jpg,210,35,car plate,791,598,1001,633
1#06DG0168#03062020#130122 .jpg,207,37,car plate,667,598,874,635
1#06DG1356#03062020#164845.jpg,142,28,car plate,563,637,705,665
1#06DG2837#08062020#193334.jpg,160,26,car plate,289,655,449,681
1#06DG3710#05062020#201008.jpg,157,26,car plate,582,639,739,665
1#06DG3710#06062020#011641.jpg,180,27,car plate,351,606,531,633
1#06DG4240#06062020#032907.jpg,207,35,car plate,843,623,1050,658
1#06DG7033#05062020#233721.jpg,202,33,car plate,743,594,945,627
1#06DG8138#06062020#031750.jpg,214,32,car plate,719,623,933,655
1#06DG844#06062020#002638.jpg,209,33,car plate,721,591,930,624
1#06DGN44#05062020#203059.jpg,152,28,car plate,348,619,500,647
1#06DH2059#06062020#135334.jpg,191,32,car plate,662,507,853,539
1#06DH3953#06062020#001221.jpg,208,33,car plate,772,615,980,648
1#06DH4188#06062020#003228.jpg,208,32,car plate,859,605,1067,637
1#06DH6528#05062020#110634.jpg,199,29,car plate,709,557,908,586
1#06DH7540#03062020#165806.jpg,135,32,car plate,550,581,685,613
1#06DHL24#05062020#103417.jpg,208,29,car plate,779,603,987,632
1#06DIC91#05062020#103954.jpg,207,33,car plate,726,636,933,669
1#06DIL49#05062020#102651.jpg,201,32,car plate,653,567,854,599
1#06DJ2474#05062020#104524.jpg,184,28,car plate,572,527,756,555
1#06DJ6630#05062020#235451.jpg,198,33,car plate,750,566,948,599
1#06DJ6630#06062020#034742.jpg,209,36,car plate,766,620,975,656
1#06DK1294#06062020#034220.jpg,209,32,car plate,709,592,918,624
1#06DK544#08062020#191218.jpg,149,26,car plate,810,515,959,541
1#06DK5479#06062020#001042.jpg,206,34,car plate,705,610,911,644
1#06DK7484#08062020#050117.jpg,137,28,car plate,467,601,604,629
1#06DK8568#03062020#164953.jpg,144,34,car plate,585,614,729,648
1#06DL8640#05062020#104417.jpg,185,32,car plate,703,508,888,540
1#06DL8818#06062020#002555.jpg,193,29,car plate,860,568,1053,597
1#06DM0243#08062020#141448.jpg,159,26,car plate,462,568,621,594
1#06DM1920#06062020#143551.jpg,209,36,car plate,873,636,1082,672
1#06DM2048#08062020#204102.jpg,147,24,car plate,543,548,690,572
1#06DM4079#03062020#165719.jpg,121,27,car plate,533,613,654,640
1#06DM8106#05062020#104918.jpg,213,34,car plate,742,636,955,670
1#06DM9226#05062020#105523.jpg,214,34,car plate,729,631,943,665
1#06DNK91#08062020#074323.jpg,133,28,car plate,524,610,657,638
1#06DOE39#06062020#003044.jpg,205,29,car plate,747,575,952,604
1#06DP5241#06062020#032534.jpg,208,34,car plate,727,624,935,658
1#06DP9705#06062020#001206.jpg,206,34,car plate,756,600,962,634
1#06DRU81#05062020#110450.jpg,206,32,car plate,740,608,946,640
1#06DRU81#05062020#143946.jpg,137,24,car plate,264,445,401,469
1#06DRY53#05062020#235710.jpg,179,27,car plate,775,518,954,545
1#06DRY53#06062020#141959.jpg,194,29,car plate,649,547,843,576
1#06DS2015#05062020#102629.jpg,191,33,car plate,712,540,903,573
1#06DS2198#06062020#030847.jpg,201,33,car plate,803,624,1004,657
1#06DS6195#06062020#034321.jpg,200,33,car plate,809,606,1009,639
1#06DT3176#06062020#002215.jpg,195,29,car plate,795,596,990,625
1#06DT4108#06062020#143654.jpg,189,32,car plate,808,510,997,542
1#06DT909#06062020#143145.jpg,195,29,car plate,799,563,994,592
1#06DTG94#03062020#165128.jpg,140,29,car plate,520,576,660,605
1#06DU2942#03062020#165247.jpg,135,33,car plate,466,492,601,525
1#06DU2975#03062020#165527.jpg,140,32,car plate,489,536,629,568
1#06DU3963#08062020#131543.jpg,151,28,car plate,842,572,993,600
1#06DU8294#06062020#031217.jpg,194,32,car plate,683,553,877,585
1#06DU8294#06062020#141412.jpg,196,32,car plate,807,581,1003,613
1#06DV2876#06062020#000657.jpg,209,33,car plate,797,580,1006,613
1#06DV6649#06062020#001729.jpg,208,33,car plate,742,576,950,609
1#06DV6781#05062020#105928.jpg,184,29,car plate,814,512,998,541
1#06DV8576#06062020#002815.jpg,206,34,car plate,770,610,976,644
1#06DY2100#06062020#143005.jpg,207,29,car plate,701,604,908,633
1#06DY2584#08062020#041554.jpg,141,27,car plate,680,578,821,605
1#06DY8474#06062020#034120.jpg,207,32,car plate,694,593,901,625
1#06DY9247#06062020#143227.jpg,193,32,car plate,812,573,1005,605
1#06DYG20#08062020#204613.jpg,156,25,car plate,403,621,559,646
1#06DZ3060#06062020#143422.jpg,192,29,car plate,774,560,966,589
1#06DZ8784#05062020#104032.jpg,207,32,car plate,719,611,926,643
1#06DZ9615#06062020#001239.jpg,198,33,car plate,879,598,1077,631
1#06E2333#06062020#032701.jpg,189,32,car plate,658,526,847,558
1#06E2790#06062020#034452.jpg,206,33,car plate,704,596,910,629
1#06E3125#06062020#002645.jpg,196,32,car plate,837,589,1033,621
1#06E8887#06062020#003236.jpg,199,29,car plate,789,594,988,623
1#06EA4103#08062020#171225.jpg,152,26,car plate,545,571,697,597
1#06EA4103#08062020#190648.jpg,152,26,car plate,545,571,697,597
1#06EA4375#08062020#034415.jpg,140,25,car plate,812,609,952,634
1#06EA6798#05062020#105007.jpg,191,29,car plate,877,590,1068,619
1#06EAM29#08062020#144548.jpg,158,26,car plate,544,643,702,669
1#06EB3913#06062020#000646.jpg,196,28,car plate,734,552,930,580
1#06EB7659#06062020#001819.jpg,201,33,car plate,770,559,971,592
1#06EB895#08062020#134111.jpg,151,25,car plate,724,584,875,609
1#06EBB86#06062020#032422.jpg,190,28,car plate,763,576,953,604
1#06EC0404#07062020#130212.jpg,136,24,car plate,1065,593,1201,617
1#06EC6789#05062020#143411.jpg,174,26,car plate,232,580,406,606
1#06EC793#05062020#104236.jpg,186,32,car plate,752,499,938,531
1#06EC8880#07062020#150002.jpg,68,24,car plate,590,590,658,614
1#06ED3082#08062020#145112.jpg,152,26,car plate,901,578,1053,604
1#06EEC37#05062020#104936.jpg,230,36,car plate,676,616,906,652
1#06EF2155#06062020#000723.jpg,207,33,car plate,751,611,958,644
1#06EF6233#06062020#154600.jpg,172,27,car plate,290,579,462,606
1#06EFE01#06062020#111856.jpg,180,28,car plate,368,620,548,648
1#06EFU34#03062020#164550.jpg,173,36,car plate,738,546,911,582
1#06EKS78#06062020#143325.jpg,212,36,car plate,645,518,857,554
1#06EML63#06062020#033917.jpg,206,33,car plate,769,589,975,622
1#06EMM19#05062020#110733.jpg,183,32,car plate,765,503,948,535
1#06EMM19#05062020#234743.jpg,189,33,car plate,755,511,944,544
1#06EMM19#06062020#140515.jpg,168,28,car plate,646,456,814,484
1#06EPC05#08062020#210258.jpg,152,26,car plate,691,577,843,603
1#06EPN70#05062020#102119.jpg,192,33,car plate,819,548,1011,581
1#06EPN70#06062020#141406.jpg,189,33,car plate,783,517,972,550
1#06ERG24#06062020#142358.jpg,202,33,car plate,822,613,1024,646
1#06ESM15#05062020#203812.jpg,150,26,car plate,364,623,514,649
1#06ESM15#06062020#003111.jpg,202,33,car plate,671,580,873,613
1#06ET0825#06062020#001119.jpg,202,35,car plate,801,605,1003,640
1#06ET8347#08062020#202732.jpg,149,25,car plate,567,636,716,661
1#06EU6136#03062020#175859.jpg,174,27,car plate,686,592,860,619
1#06EU6790#06062020#001154.jpg,211,35,car plate,783,599,994,634
1#06EU8743#08062020#044556.jpg,81,25,car plate,650,592,731,617
1#06EV3318#08062020#061442.jpg,137,29,car plate,430,608,567,637
1#06EV7620#08062020#203103.jpg,152,26,car plate,438,582,590,608
1#06EV9800#06062020#034622.jpg,207,34,car plate,852,618,1059,652
1#06EVP47#08062020#171224.jpg,153,27,car plate,542,603,695,630
1#06EVP47#08062020#190646.jpg,160,28,car plate,537,651,697,679
1#06EY376#06062020#034509.jpg,198,32,car plate,717,559,915,591
1#06EY7065#06062020#002420.jpg,201,35,car plate,697,566,898,601
1#06EY8487#06062020#031959.jpg,205,32,car plate,783,587,988,619
1#06EZ9978#07062020#160920.jpg,134,25,car plate,741,575,875,600
1#06F4840#06062020#002052.jpg,210,33,car plate,752,573,962,606
1#06FA2649#05062020#102518.jpg,210,32,car plate,686,608,896,640
1#06FA2649#06062020#030947.jpg,209,33,car plate,683,597,892,630
1#06FA2820#05062020#110440.jpg,202,29,car plate,804,576,1006,605
1#06FA7893#05062020#105127.jpg,186,29,car plate,708,544,894,573
1#06FA9285#06062020#135627.jpg,202,32,car plate,846,598,1048,630
1#06FB2342#07062020#134806.jpg,132,26,car plate,816,577,948,603
1#06FB2566#08062020#053258.jpg,147,26,car plate,495,630,642,656
1#06FB3432#05062020#102400.jpg,181,28,car plate,865,523,1046,551
1#06FB3730#06062020#031537.jpg,189,32,car plate,972,621,1161,653
1#06FB6190#05062020#101916.jpg,164,26,car plate,720,449,884,475
1#06FB6190#05062020#235247.jpg,210,34,car plate,670,605,880,639
1#06FB6268#05062020#100903.jpg,159,28,car plate,708,431,867,459
1#06FC1735#08062020#045034.jpg,63,23,car plate,626,549,689,572
1#06FC5551#05062020#105031.jpg,184,28,car plate,803,554,987,582
1#06FC6898#06062020#031530.jpg,198,29,car plate,722,581,920,610
1#06FC888#05062020#105929.jpg,173,25,car plate,693,449,866,474
1#06FC9853#05062020#110717.jpg,193,33,car plate,710,540,903,573
1#06FD0076#03062020#165622.jpg,134,32,car plate,390,591,524,623
1#06FD1347#05062020#110043.jpg,180,28,car plate,764,497,944,525
1#06FD2625#07062020#135728.jpg,119,26,car plate,604,545,723,571
1#06FD8044#06062020#000524.jpg,200,33,car plate,758,589,958,622
1#06FE3697#05062020#103020.jpg,184,32,car plate,711,510,895,542
1#06FE7802#06062020#000249.jpg,200,33,car plate,788,592,988,625
1#06FE8456#05062020#102448.jpg,182,27,car plate,759,548,941,575
1#06FE8456#05062020#234707.jpg,177,27,car plate,804,542,981,569
1#06FE8456#06062020#030132.jpg,186,29,car plate,803,576,989,605
1#06FE9315#08062020#191250.jpg,156,29,car plate,986,627,1142,656
1#06FE9963#06062020#000711.jpg,200,33,car plate,765,603,965,636
1#06FF4898#05062020#102158.jpg,190,32,car plate,641,544,831,576
1#06FF4898#05062020#234140.jpg,191,29,car plate,731,560,922,589
1#06FF9538#06062020#032520.jpg,205,32,car plate,848,619,1053,651
1#06FFR33#06062020#001102.jpg,190,34,car plate,813,569,1003,603
1#06FH2108#05062020#104613.jpg,197,32,car plate,592,549,789,581
1#06FH2469#08062020#201545.jpg,153,25,car plate,589,609,742,634
1#06FH2635#05062020#234903.jpg,209,34,car plate,636,603,845,637
1#06FH2635#06062020#000329.jpg,208,34,car plate,735,580,943,614
1#06FH5709#06062020#001657.jpg,199,34,car plate,663,568,862,602
1#06FH6423#06062020#002609.jpg,214,34,car plate,660,603,874,637
1#06FH6601#03062020#164656.jpg,173,36,car plate,715,571,888,607
1#06FH6766#03062020#004816 .jpg,152,26,car plate,518,590,670,616
1#06FJ5487#05062020#100716.jpg,167,32,car plate,861,468,1028,500
1#06FK3507#05062020#102350.jpg,175,28,car plate,670,467,845,495
1#06FK3507#05062020#234700.jpg,199,33,car plate,695,563,894,596
1#06FK3507#06062020#030450.jpg,194,29,car plate,663,536,857,565
1#06FK3507#06062020#140834.jpg,199,32,car plate,672,560,871,592
1#06FK9967#05062020#110157.jpg,161,26,car plate,749,455,910,481
1#06FKZ06#06062020#142632.jpg,205,34,car plate,774,612,979,646
1#06FL1348#06062020#031812.jpg,215,36,car plate,657,604,872,640
1#06FL2211#05062020#102643.jpg,201,33,car plate,667,584,868,617
1#06FL2211#05062020#235340.jpg,201,33,car plate,637,582,838,615
1#06FL2373#06062020#033441.jpg,200,33,car plate,755,593,955,626
1#06FL2979#06062020#002002.jpg,192,32,car plate,772,571,964,603
1#06FL3303#08062020#204057.jpg,151,25,car plate,422,614,573,639
1#06FL5375#06062020#001546.jpg,198,32,car plate,787,572,985,604
1#06FM2796#05062020#235705.jpg,211,33,car plate,608,576,819,609
1#06FN1679#08062020#051349.jpg,133,26,car plate,644,564,777,590
1#06FN1948#06062020#034641.jpg,208,33,car plate,732,600,940,633
1#06FN2797#07062020#121841.jpg,134,27,car plate,704,566,838,593
1#06FN6063#06062020#022810.jpg,159,29,car plate,415,650,574,679
1#06FN6063#06062020#111809.jpg,175,26,car plate,344,579,519,605
1#06FP4063#06062020#001247.jpg,212,34,car plate,785,615,997,649
1#06FP5524#08062020#015345.jpg,136,28,car plate,504,558,640,586
1#06FP5524#08062020#071045.jpg,136,28,car plate,504,558,640,586
1#06FP5565#06062020#002033.jpg,200,34,car plate,849,592,1049,626
1#06FR0070#06062020#142428.jpg,212,33,car plate,653,622,865,655
1#06FR1110#06062020#143529.jpg,178,28,car plate,702,525,880,553
1#06FR2305#05062020#110531.jpg,208,34,car plate,727,625,935,659
1#06FR5001#05062020#102637.jpg,194,35,car plate,707,538,901,573
1#06FR5393#06062020#110011.jpg,175,26,car plate,449,606,624,632
1#06FR7745#03062020#155228.jpg,181,36,car plate,552,623,733,659
1#06FS6606#05062020#110411.jpg,245,42,car plate,644,622,889,664
1#06FS7048#06062020#142605.jpg,202,34,car plate,794,596,996,630
1#06FS8725#08062020#204815.jpg,159,27,car plate,683,660,842,687
1#06FT0266#05062020#102953.jpg,192,29,car plate,638,566,830,595
1#06FT2254#05062020#235828.jpg,182,32,car plate,849,520,1031,552
1#06FT3865#06062020#000413.jpg,198,33,car plate,768,544,966,577
1#06FT5221#06062020#024744.jpg,206,32,car plate,728,590,934,622
1#06FT9358#05062020#105134.jpg,208,29,car plate,771,638,979,667
1#06FU3032#06062020#034244.jpg,211,35,car plate,667,607,878,642
1#06FU3032#06062020#141331.jpg,211,35,car plate,750,611,961,646
1#06FU6562#06062020#000531.jpg,193,27,car plate,683,573,876,600
1#06FUE74#07062020#051553.jpg,118,24,car plate,486,620,604,644
1#06FUS70#06062020#002100.jpg,197,32,car plate,777,559,974,591
1#06FUT87#03062020#165907.jpg,135,29,car plate,592,585,727,614
1#06FV2176#08062020#202843.jpg,160,27,car plate,410,659,570,686
1#06FY0588#05062020#234340.jpg,193,27,car plate,595,602,788,629
1#06FY1258#06062020#000922.jpg,192,32,car plate,782,528,974,560
1#06FY720#03062020#165753.jpg,132,29,car plate,658,544,790,573
1#06GA668#05062020#100306.jpg,184,28,car plate,675,570,859,598
1#06GA7456#03062020#124526 .jpg,200,36,car plate,475,561,675,597
1#06GAC23#08062020#015433.jpg,140,27,car plate,534,593,674,620
1#06GAC23#08062020#071134.jpg,137,27,car plate,535,592,672,619
1#06GAC23#08062020#141700.jpg,153,26,car plate,443,594,596,620
1#06GB3229#06062020#033345.jpg,212,34,car plate,710,580,922,614
1#06GB4121#07062020#052900.jpg,119,24,car plate,389,607,508,631
1#06GB5307#06062020#032056.jpg,199,32,car plate,777,586,976,618
1#06GB839#06062020#002154.jpg,205,32,car plate,640,583,845,615
1#06GC4544#06062020#143346.jpg,202,29,car plate,695,591,897,620
1#06GC8423#06062020#000609.jpg,209,32,car plate,632,595,841,627
1#06GC8900#05062020#110345.jpg,183,28,car plate,801,516,984,544
1#06GC9447#06062020#001444.jpg,208,34,car plate,715,600,923,634
1#06GD5672#06062020#023952.jpg,152,25,car plate,433,633,585,658
1#06GD7617#05062020#233503.jpg,210,35,car plate,449,611,659,646
1#06GD7771#05062020#140339.jpg,163,27,car plate,408,507,571,534
1#06GD8597#05062020#105237.jpg,209,32,car plate,686,585,895,617
1#06GGA30#06062020#001649.jpg,208,32,car plate,731,608,939,640
1#06GK493#05062020#202505.jpg,153,26,car plate,412,621,565,647
1#06GK493#06062020#013544.jpg,180,29,car plate,426,597,606,626
1#06GKB85#05062020#104620.jpg,209,33,car plate,789,623,998,656
1#06GLN23#08062020#152652.jpg,157,26,car plate,534,613,691,639
1#06GM812#06062020#141632.jpg,217,34,car plate,569,630,786,664
1#06GME63#06062020#140821.jpg,190,29,car plate,646,536,836,565
1#06GME97#06062020#033745.jpg,205,29,car plate,709,610,914,639
1#06GN375#05062020#114154.jpg,157,25,car plate,636,649,793,674
1#06GNS55#06062020#000422.jpg,195,28,car plate,863,562,1058,590
1#06GR927#06062020#142405.jpg,186,32,car plate,686,527,872,559
1#06GSJ76#05062020#102716.jpg,176,25,car plate,768,547,944,572
1#06GSJ76#05062020#235146.jpg,194,27,car plate,675,616,869,643
1#06GT676#05062020#103004.jpg,197,28,car plate,707,562,904,590
1#06GZ343#06062020#142126.jpg,227,34,car plate,669,624,896,658
1#06GZZ66#08062020#033356.jpg,142,27,car plate,582,621,724,648
1#06H2839#05062020#203132.jpg,167,28,car plate,422,643,589,671
1#06H5230#06062020#002140.jpg,212,36,car plate,753,617,965,653
1#06HA190#06062020#001643.jpg,212,29,car plate,728,593,940,622
1#06HA3960#05062020#101802.jpg,186,29,car plate,728,530,914,559
1#06HA3960#06062020#025905.jpg,208,33,car plate,597,598,805,631
1#06HA3960#06062020#141111.jpg,201,34,car plate,681,582,882,616
1#06HA7499#07062020#121444.jpg,108,26,car plate,561,622,669,648
1#06HA8707#03062020#175226.jpg,189,32,car plate,552,636,741,668
1#06HA9949#05062020#102900.jpg,184,29,car plate,808,508,992,537
1#06HC2345#08062020#195632.jpg,153,25,car plate,565,622,718,647
1#06HC296#06062020#034733.jpg,181,27,car plate,837,536,1018,563
1#06HC8039#08062020#021243.jpg,135,27,car plate,587,605,722,632
1#06HC8039#08062020#072944.jpg,109,26,car plate,588,606,697,632
1#06HD2684#08062020#054709.jpg,137,27,car plate,655,599,792,626
1#06HE1323#08062020#131150.jpg,153,27,car plate,679,603,832,630
1#06HLE56#03062020#165419.jpg,140,32,car plate,576,624,716,656
1#06HSS72#06062020#135935.jpg,176,28,car plate,732,463,908,491
1#06HTM66#07062020#150912.jpg,140,25,car plate,715,615,855,640
1#06HTM66#08062020#051606.jpg,136,26,car plate,756,585,892,611
1#06HVZ69#06062020#034203.jpg,211,32,car plate,592,620,803,652
1#06JB589#08062020#045736.jpg,108,25,car plate,626,590,734,615
1#06JL350#06062020#031802.jpg,210,34,car plate,701,609,911,643
1#06JN283#06062020#000833.jpg,212,35,car plate,777,616,989,651
1#06JS284#06062020#032350.jpg,213,32,car plate,671,608,884,640
1#06JSH90#03062020#165648.jpg,128,27,car plate,604,530,732,557
1#06K5929#06062020#001441.jpg,185,28,car plate,742,522,927,550
1#06KA1879#03062020#165032.jpg,132,28,car plate,628,554,760,582
1#06KA3338#05062020#103747.jpg,210,38,car plate,757,643,967,681
1#06KA3338#05062020#110933.jpg,210,37,car plate,757,643,967,680
1#06KA3840#06062020#033351.jpg,206,32,car plate,688,587,894,619
1#06KA6634#06062020#031226.jpg,196,28,car plate,832,575,1028,603
1#06KA8661#08062020#202950.jpg,161,29,car plate,518,617,679,646
1#06KB0862#03062020#153514.jpg,169,27,car plate,568,549,737,576
1#06KC830#05062020#235824.jpg,210,32,car plate,768,616,978,648
1#06KC926#06062020#033423.jpg,207,34,car plate,805,566,1012,600
1#06KD179#05062020#110233.jpg,173,28,car plate,710,455,883,483
1#06KHY91#07062020#154451.jpg,137,25,car plate,589,616,726,641
1#06KSE48#06062020#002803.jpg,153,27,car plate,786,436,939,463
1#06KSV87#08062020#144555.jpg,161,25,car plate,609,669,770,694
1#06KTE08#07062020#124137.jpg,137,27,car plate,748,614,885,641
1#06KUR01#06062020#031419.jpg,169,27,car plate,825,469,994,496
1#06KYB59#06062020#032527.jpg,227,36,car plate,717,600,944,636
1#06L0928#06062020#143617.jpg,209,32,car plate,784,621,993,653
1#06L1828#08062020#130522.jpg,153,26,car plate,854,631,1007,657
1#06L1828#08062020#153535.jpg,153,26,car plate,854,631,1007,657
1#06L3537#08062020#132334.jpg,157,28,car plate,535,624,692,652
1#06L4043#05062020#110754.jpg,172,26,car plate,679,466,851,492
1#06LCA59#06062020#001111.jpg,201,32,car plate,667,558,868,590
1#06LEK26#08062020#193812.jpg,62,23,car plate,548,317,610,340
1#06LET65#07062020#131637.jpg,84,26,car plate,505,589,589,615
1#06LF877#05062020#101754.jpg,210,35,car plate,874,638,1084,673
1#06LF877#05062020#233735.jpg,200,33,car plate,899,610,1099,643
1#06LF877#06062020#025824.jpg,196,34,car plate,899,591,1095,625
1#06LF877#06062020#143233.jpg,207,35,car plate,944,632,1151,667
1#06LG109#07062020#122754.jpg,58,23,car plate,515,597,573,620
1#06LG109#07062020#145110.jpg,140,26,car plate,509,588,649,614
1#06LG976#06062020#141911.jpg,211,35,car plate,937,624,1148,659
1#06LGK89#06062020#000650.jpg,213,35,car plate,737,603,950,638
1#06LVJ32#03062020#165140.jpg,135,27,car plate,568,566,703,593
1#06M0855#06062020#032116.jpg,226,34,car plate,813,606,1039,640
1#06MAS46#08062020#132703.jpg,156,25,car plate,775,612,931,637
1#06MB1243#06062020#002137.jpg,199,33,car plate,732,604,931,637
1#06MB2744#06062020#002300.jpg,210,37,car plate,794,624,1004,661
1#06MET75#05062020#202736.jpg,157,26,car plate,439,623,596,649
1#06MET75#06062020#014049.jpg,181,27,car plate,374,601,555,628
1#06MHC37#08062020#061133.jpg,119,25,car plate,371,599,490,624
1#06MHC37#08062020#153303.jpg,158,27,car plate,620,626,778,653
1#06MMT22#06062020#000538.jpg,207,29,car plate,825,614,1032,643
1#06MSG51#05062020#105916.jpg,191,33,car plate,723,570,914,603
1#06MSR99#05062020#235432.jpg,199,33,car plate,769,580,968,613
1#06MTN09#08062020#205012.jpg,160,26,car plate,440,652,600,678
1#06N1024#05062020#101656.jpg,190,29,car plate,713,537,903,566
1#06N6533#05062020#235834.jpg,215,34,car plate,710,576,925,610
1#06N6533#06062020#141615.jpg,223,36,car plate,694,616,917,652
1#06N7722#05062020#234312.jpg,216,34,car plate,677,601,893,635
1#06NAZ56#06062020#034208.jpg,195,35,car plate,842,598,1037,633
1#06ND900#06062020#001752.jpg,198,29,car plate,724,615,922,644
1#06NK081#07062020#024655.jpg,118,24,car plate,116,590,234,614
1#06NR630#06062020#034038.jpg,194,28,car plate,721,566,915,594
1#06P8420#06062020#001411.jpg,193,29,car plate,878,565,1071,594
1#06PER66#08062020#171220.jpg,156,25,car plate,634,661,790,686
1#06PER66#08062020#190642.jpg,157,25,car plate,634,661,791,686
1#06PVP29#08062020#205415.jpg,140,24,car plate,439,583,579,607
1#06RAB91#05062020#105514.jpg,195,29,car plate,788,564,983,593
1#06RDS29#05062020#105959.jpg,200,33,car plate,684,526,884,559
1#06RED03#05062020#103845.jpg,211,33,car plate,705,621,916,654
1#06RHB33#06062020#143051.jpg,197,32,car plate,860,577,1057,609
1#06RIS98#06062020#033452.jpg,210,33,car plate,669,618,879,651
1#06RJJ89#05062020#103012.jpg,191,29,car plate,506,580,697,609
1#06RJJ89#05062020#235359.jpg,198,29,car plate,628,613,826,642
1#06RJJ89#06062020#031052.jpg,196,28,car plate,479,599,675,627
1#06RS342#06062020#031320.jpg,183,28,car plate,750,529,933,557
1#06RT048#05062020#104543.jpg,192,33,car plate,722,489,914,522
1#06RZE61#08062020#151115.jpg,157,26,car plate,622,618,779,644
1#06RZF39#05062020#102936.jpg,169,26,car plate,698,460,867,486
1#06RZV99#05062020#103024.jpg,208,33,car plate,706,606,914,639
1#06RZV99#05062020#235658.jpg,179,27,car plate,715,501,894,528
1#06RZV99#06062020#031426.jpg,200,32,car plate,739,577,939,609
1#06S0631#05062020#235841.jpg,213,33,car plate,649,581,862,614
1#06SDM04#03062020#165223.jpg,147,34,car plate,491,628,638,662
1#06SE291#06062020#034400.jpg,202,32,car plate,714,582,916,614
1#06SL100#05062020#105200.jpg,191,27,car plate,833,580,1024,607
1#06SN018#06062020#032255.jpg,214,34,car plate,613,617,827,651
1#06SZ081#06062020#030647.jpg,192,27,car plate,667,615,859,642
1#06T0099#05062020#143944.jpg,166,27,car plate,426,510,592,537
1#06T2925#05062020#203656.jpg,156,28,car plate,324,644,480,672
1#06T3064#05062020#143528.jpg,167,27,car plate,288,540,455,567
1#06T6406#06062020#143309.jpg,193,28,car plate,641,562,834,590
1#06T6869#06062020#151944.jpg,183,29,car plate,422,609,605,638
1#06T6942#05062020#131447.jpg,147,27,car plate,441,594,588,621
1#06TB703#05062020#110324.jpg,178,27,car plate,819,517,997,544
1#06TBG34#08062020#135021.jpg,153,27,car plate,514,596,667,623
1#06TBU95#06062020#002010.jpg,208,34,car plate,757,599,965,633
1#06TCP78#07062020#122145.jpg,135,26,car plate,609,584,744,610
1#06TDY64#06062020#000439.jpg,207,33,car plate,604,557,811,590
1#06TFP97#05062020#102008.jpg,191,28,car plate,465,587,656,615
1#06TFP97#05062020#235111.jpg,199,29,car plate,430,622,629,651
1#06TFP97#06062020#025735.jpg,194,28,car plate,467,599,661,627
1#06THU81#03062020#125556 .jpg,190,35,car plate,211,607,401,642
1#06TK111#05062020#233211.jpg,206,32,car plate,734,597,940,629
1#06TK111#06062020#025114.jpg,195,33,car plate,762,552,957,585
1#06TK111#06062020#135619.jpg,202,32,car plate,673,573,875,605
1#06TLZ98#05062020#234916.jpg,215,32,car plate,636,624,851,656
1#06TND89#06062020#143152.jpg,194,34,car plate,701,572,895,606
1#06TOJ27#08062020#032521.jpg,132,27,car plate,566,576,698,603
1#06TOR29#05062020#105114.jpg,207,34,car plate,676,622,883,656
1#06TS119#06062020#033632.jpg,214,36,car plate,890,616,1104,652
1#06TS526#05062020#102511.jpg,200,33,car plate,758,580,958,613
1#06TTY32#06062020#001901.jpg,209,33,car plate,751,613,960,646
1#06TUN77#06062020#022608.jpg,150,26,car plate,389,616,539,642
1#06TUN77#06062020#111639.jpg,175,28,car plate,318,590,493,618
1#06TY591#06062020#001433.jpg,197,33,car plate,827,576,1024,609
1#06UB350#05062020#131255.jpg,159,27,car plate,521,571,680,598
1#06UGR34#05062020#141615.jpg,151,25,car plate,443,499,594,524
1#06UGR34#05062020#144651.jpg,160,26,car plate,441,550,601,576
1#06V6437#06062020#000948.jpg,201,34,car plate,773,617,974,651
1#06V9727#06062020#001017.jpg,210,32,car plate,671,624,881,656
1#06VE346#06062020#142252.jpg,208,35,car plate,897,627,1105,662
1#06VKT80#07062020#122721.jpg,75,23,car plate,986,567,1061,590
1#06VKU08#08062020#144959.jpg,157,27,car plate,565,619,722,646
1#06VLK88#08062020#152435.jpg,156,26,car plate,921,573,1077,599
1#06VYU08#07062020#121204.jpg,133,26,car plate,531,562,664,588
1#06Y4830#05062020#115218.jpg,97,23,car plate,480,535,577,558
1#06Y9621#06062020#002658.jpg,201,32,car plate,711,586,912,618
1#06YA7423#05062020#105057.jpg,216,36,car plate,768,637,984,673
1#06YA9197#07062020#141434.jpg,140,26,car plate,684,611,824,637
1#06YA9433#08062020#051106.jpg,135,26,car plate,604,590,739,616
1#06YCE07#06062020#001601.jpg,192,34,car plate,723,506,915,540
1#06YDZ26#06062020#022333.jpg,103,24,car plate,307,628,410,652
1#06YDZ26#06062020#111247.jpg,163,26,car plate,343,534,506,560
1#06YH604#06062020#022533.jpg,147,28,car plate,385,614,532,642
1#06YH604#06062020#111906.jpg,166,29,car plate,439,517,605,546
1#06YJ559#06062020#000234.jpg,214,34,car plate,588,626,802,660
1#06YKS98#07062020#160504.jpg,135,26,car plate,336,599,471,625
1#06YMR39#05062020#202801.jpg,162,29,car plate,304,643,466,672
1#06YMR39#06062020#014056.jpg,186,29,car plate,282,584,468,613
1#06YNZ24#05062020#103929.jpg,193,33,car plate,850,557,1043,590
1#06YPM87#03062020#165601.jpg,134,29,car plate,491,575,625,604
1#06Z2978#06062020#002038.jpg,205,32,car plate,819,572,1024,604
1#06ZCU59#06062020#122512.jpg,91,26,car plate,237,627,328,653
1#06ZCU59#06062020#142533.jpg,209,33,car plate,585,603,794,636
1#06ZCU59#06062020#154417.jpg,177,26,car plate,172,613,349,639
1#06ZGR62#03062020#165005.jpg,140,32,car plate,622,631,762,663
1#06ZJP98#06062020#142809.jpg,213,34,car plate,706,625,919,659
1#06ZKA08#08062020#034423.jpg,85,25,car plate,479,623,564,648
1#06ZKA08#08062020#132247.jpg,156,27,car plate,611,623,767,650
1#06ZZ093#05062020#105759.jpg,184,28,car plate,662,518,846,546
1#07AAK954#08062020#030823.jpg,132,26,car plate,581,602,713,628
1#07AAN025#05062020#110726.jpg,209,33,car plate,523,607,732,640
1#07AAN025#05062020#120823.jpg,148,26,car plate,581,595,729,621
1#07AAN025#05062020#130946.jpg,151,26,car plate,575,617,726,643
1#07ABE651#07062020#043537.jpg,102,24,car plate,350,584,452,608
1#07ABE651#07062020#150158.jpg,135,27,car plate,586,601,721,628
1#07ABE651#08062020#054124.jpg,133,27,car plate,618,584,751,611
1#07ABR863#07062020#140049.jpg,144,26,car plate,774,602,918,628
1#07AED377#08062020#143430.jpg,152,26,car plate,189,603,341,629
1#07AEM23#08062020#194052.jpg,158,26,car plate,534,639,692,665
1#07AFA304#08062020#015302.jpg,50,20,car plate,536,587,586,607
1#07AFA304#08062020#071003.jpg,79,23,car plate,535,586,614,609
1#07AFA304#08062020#142841.jpg,148,26,car plate,378,574,526,600
1#07AFC622#07062020#130941.jpg,136,26,car plate,631,599,767,625
1#07AFP602#07062020#131647.jpg,140,27,car plate,539,614,679,641
1#07AFT61#05062020#110017.jpg,205,34,car plate,809,619,1014,653
1#07AHB588#08062020#192941.jpg,151,26,car plate,582,577,733,603
1#07AHE220#07062020#210843.jpg,78,24,car plate,431,561,509,585
1#07AHN204#08062020#200827.jpg,152,26,car plate,691,632,843,658
1#07AHT63#07062020#113059.jpg,142,28,car plate,602,610,744,638
1#07AJA172#08062020#052454.jpg,116,24,car plate,514,555,630,579
1#07AJF26#08062020#203101.jpg,144,25,car plate,630,523,774,548
1#07AJV336#08062020#043608.jpg,134,28,car plate,534,610,668,638
1#07APE33#08062020#040848.jpg,141,26,car plate,878,614,1019,640
1#07AR776#08062020#051727.jpg,140,28,car plate,507,616,647,644
1#07BEF89#08062020#142711.jpg,156,26,car plate,373,611,529,637
1#07BMG65#03062020#185311.jpg,199,32,car plate,575,615,774,647
1#07CBM80#08062020#032907.jpg,97,24,car plate,599,561,696,585
1#07CMV80#08062020#062149.jpg,133,26,car plate,592,586,725,612
1#07CRR76#08062020#014818.jpg,125,25,car plate,456,593,581,618
1#07CRR76#08062020#070519.jpg,121,25,car plate,456,558,577,583
1#07D4508#06062020#001736.jpg,195,27,car plate,705,625,900,652
1#07ELT46#08062020#201229.jpg,157,25,car plate,452,611,609,636
1#07EYG53#08062020#045602.jpg,135,26,car plate,527,625,662,651
1#07F3512#03062020#124118 .jpg,213,35,car plate,568,611,781,646
1#07FA276#08062020#023442.jpg,134,26,car plate,755,584,889,610
1#07FA276#08062020#075143.jpg,136,27,car plate,764,624,900,651
1#07FGS93#07062020#043839.jpg,69,24,car plate,628,622,697,646
1#07FK222#08062020#153333.jpg,161,29,car plate,746,658,907,687
1#07FK825#07062020#114434.jpg,140,26,car plate,643,622,783,648
1#07FYD20#03062020#103900 .jpg,168,29,car plate,776,643,944,672
1#07GMY43#08062020#024807.jpg,137,26,car plate,725,614,862,640
1#07GNS63#07062020#134650.jpg,124,25,car plate,609,606,733,631
1#07GNS63#08062020#043841.jpg,71,23,car plate,878,604,949,627
1#07GTT80#03062020#125535 .jpg,205,34,car plate,606,601,811,635
1#07HV802#08062020#062345.jpg,102,25,car plate,509,553,611,578
1#07HV802#08062020#203201.jpg,151,27,car plate,602,615,753,642
1#07HZL49#07062020#125022.jpg,136,25,car plate,609,595,745,620
1#07HZL49#08062020#191905.jpg,152,25,car plate,570,564,722,589
1#07K7001#07062020#125435.jpg,134,29,car plate,663,595,797,624
1#07LJN80#08062020#022114.jpg,87,25,car plate,448,550,535,575
1#07LJN80#08062020#073814.jpg,137,27,car plate,449,591,586,618
1#07LRS56#08062020#123134.jpg,133,25,car plate,274,614,407,639
1#07LUD70#06062020#034348.jpg,194,29,car plate,888,561,1082,590
1#07MAN81#07062020#112513.jpg,131,26,car plate,715,605,846,631
1#07MHC79#07062020#151938.jpg,137,26,car plate,717,621,854,647
1#07MKK62#08062020#031028.jpg,133,26,car plate,498,593,631,619
1#07MZB32#03062020#174125.jpg,182,33,car plate,392,645,574,678
1#07N9590#07062020#112344.jpg,136,26,car plate,883,589,1019,615
1#07NTL40#05062020#234053.jpg,191,32,car plate,666,510,857,542
1#07RA911#08062020#032212.jpg,114,25,car plate,604,579,718,604
1#07SAM82#08062020#171407.jpg,152,25,car plate,456,583,608,608
1#07SAM82#08062020#190829.jpg,159,26,car plate,448,612,607,638
1#07UT719#08062020#012908.jpg,116,25,car plate,703,571,819,596
1#07UT719#08062020#064608.jpg,136,27,car plate,711,617,847,644
1#07VET23#07062020#132204.jpg,46,24,car plate,768,560,814,584
1#07VV539#08062020#202911.jpg,153,27,car plate,830,608,983,635
1#07YNT54#08062020#021644.jpg,134,26,car plate,710,588,844,614
1#07YNT54#08062020#073345.jpg,136,26,car plate,718,625,854,651
1#07ZBY89#07062020#051937.jpg,75,24,car plate,210,610,285,634
1#07ZY0561#07062020#141456.jpg,131,26,car plate,611,580,742,606
1#08AC2290#03062020#165122.jpg,136,32,car plate,626,501,762,533
1#08AV770#03062020#173312.jpg,182,32,car plate,526,660,708,692
1#08HB057#03062020#175607.jpg,177,34,car plate,993,590,1170,624
1#08HD579#03062020#185746.jpg,198,33,car plate,501,621,699,654
1#09AAN041#07062020#222540.jpg,156,28,car plate,1086,548,1242,576
1#09AAN041#07062020#222806.jpg,150,28,car plate,1061,510,1211,538
1#09AAN041#07062020#225726.jpg,149,28,car plate,1061,510,1210,538
1#09ABD909#07062020#131252.jpg,117,26,car plate,567,554,684,580
1#09ACE958#07062020#162323.jpg,134,24,car plate,1066,556,1200,580
1#09ACG575#06062020#000113.jpg,197,32,car plate,759,594,956,626
1#09DD097#08062020#051902.jpg,88,26,car plate,593,590,681,616
1#09HC732#08062020#202756.jpg,152,25,car plate,883,624,1035,649
1#09NM307#07062020#150728.jpg,82,24,car plate,728,562,810,586
1#09UN757#03062020#130054 .jpg,196,36,car plate,203,592,399,628
1#10AAG20#07062020#131218.jpg,124,26,car plate,560,626,684,652
1#10AAG20#08062020#052600.jpg,124,26,car plate,564,622,688,648
1#10ABF020#08062020#031936.jpg,130,27,car plate,498,573,628,600
1#10ABH20#08062020#031948.jpg,136,26,car plate,544,582,680,608
1#10ACP59#03062020#185758.jpg,165,29,car plate,575,592,740,621
1#10AJU20#08062020#030120.jpg,120,24,car plate,660,587,780,611
1#10AKD42#08062020#120746.jpg,82,23,car plate,735,620,817,643
1#10ALD20#08062020#131246.jpg,141,25,car plate,346,632,487,657
1#10ALV20#08062020#011531.jpg,120,27,car plate,549,596,669,623
1#10ALV20#08062020#063231.jpg,120,27,car plate,549,596,669,623
1#10AON20#08062020#030108.jpg,120,28,car plate,551,610,671,638
1#10DA026#08062020#194747.jpg,142,34,car plate,825,640,967,674
1#10F6277#08062020#195231.jpg,153,26,car plate,544,614,697,640
1#10FT554#08062020#194027.jpg,135,25,car plate,493,535,628,560
1#10H7567#03062020#165334.jpg,137,32,car plate,608,566,745,598
1#10HE790#07062020#150538.jpg,142,27,car plate,659,612,801,639
1#10KJ667#07062020#120509.jpg,136,29,car plate,442,610,578,639
1#10YU426#08062020#205412.jpg,160,26,car plate,444,639,604,665
1#10Z5176#07062020#043658.jpg,110,25,car plate,312,587,422,612
1#110ACD#08062020#034447.jpg,124,27,car plate,555,570,679,597
1#11AAF403#08062020#195610.jpg,149,26,car plate,603,604,752,630
1#11AAH051#07062020#145541.jpg,136,29,car plate,529,622,665,651
1#11AAH859#08062020#050711.jpg,80,25,car plate,571,583,651,608
1#11AD628#08062020#024726.jpg,119,26,car plate,654,598,773,624
1#11AN007#08062020#205040.jpg,149,26,car plate,470,575,619,601
1#11AV201#08062020#205907.jpg,150,25,car plate,232,604,382,629
1#11DC065#07062020#121103.jpg,144,32,car plate,517,621,661,653
1#11DD679#08062020#151952.jpg,151,25,car plate,599,623,750,648
1#11DE007#07062020#143807.jpg,97,28,car plate,458,593,555,621
1#11DJ471#07062020#155708.jpg,132,27,car plate,642,589,774,616
1#11DK906#08062020#133705.jpg,152,26,car plate,541,607,693,633
1#11DP942#07062020#162339.jpg,135,27,car plate,663,606,798,633
1#11DR381#03062020#190106.jpg,191,29,car plate,544,597,735,626
1#11DS509#08062020#152135.jpg,157,27,car plate,592,648,749,675
1#11DT092#08062020#134926.jpg,156,26,car plate,857,631,1013,657
1#11DT643#08062020#045645.jpg,121,26,car plate,518,611,639,637
1#11DV990#08062020#195850.jpg,151,26,car plate,421,612,572,638
1#11DY514#08062020#210525.jpg,151,25,car plate,257,624,408,649
1#11DZ675#08062020#195121.jpg,153,24,car plate,489,648,642,672
1#11EC059#08062020#142625.jpg,153,26,car plate,440,614,593,640
1#11EP027#07062020#122724.jpg,130,26,car plate,324,581,454,607
1#11SF376#08062020#193756.jpg,156,26,car plate,579,616,735,642
1#11SH010#07062020#230207.jpg,150,24,car plate,497,592,647,616
1#11TF151#08062020#053718.jpg,130,26,car plate,231,605,361,631
1#11TH029#08062020#140407.jpg,152,25,car plate,640,600,792,625
1#11TH966#07062020#161959.jpg,135,27,car plate,494,606,629,633
1#11UC419#08062020#053126.jpg,116,26,car plate,507,580,623,606
1#126VL51#08062020#010844.jpg,145,25,car plate,837,592,982,617
1#134BMT01#07062020#193920.jpg,117,24,car plate,397,599,514,623
1#14AP486#03062020#124134 .jpg,201,36,car plate,608,592,809,628
1#14BL210#05062020#104801.jpg,195,33,car plate,741,586,936,619
1#14EP147#03062020#155608.jpg,174,27,car plate,602,606,776,633
1#14GC257#05062020#105645.jpg,177,27,car plate,780,506,957,533
1#14LB424#08062020#060959.jpg,118,25,car plate,654,601,772,626
1#15LA419#08062020#145958.jpg,151,27,car plate,730,646,881,673
1#16AAL619#08062020#120052.jpg,118,26,car plate,310,618,428,644
1#16AAU306#06062020#034150.jpg,181,28,car plate,795,531,976,559
1#16ABD857#07062020#044112.jpg,126,24,car plate,680,562,806,586
1#16ABK571#08062020#042851.jpg,134,27,car plate,600,593,734,620
1#16ABK571#08062020#145909.jpg,147,26,car plate,610,554,757,580
1#16ABP14#07062020#174303.jpg,223,41,car plate,553,371,776,412
1#16ACC833#07062020#145322.jpg,108,26,car plate,647,597,755,623
1#16ACF983#07062020#211702.jpg,48,24,car plate,130,605,178,629
1#16ACK369#07062020#121152.jpg,82,25,car plate,551,621,633,646
1#16ADB750#08062020#192831.jpg,151,27,car plate,517,595,668,622
1#16ADN605#05062020#105413.jpg,212,33,car plate,669,606,881,639
1#16AEN875#08062020#131616.jpg,153,29,car plate,643,559,796,588
1#16AGZ151#07062020#151849.jpg,135,26,car plate,676,574,811,600
1#16AHL074#08062020#132953.jpg,148,26,car plate,547,534,695,560
1#16AHV026#08062020#134908.jpg,147,27,car plate,572,594,719,621
1#16AIL938#07062020#153440.jpg,134,27,car plate,617,559,751,586
1#16ARV14#08062020#035457.jpg,134,32,car plate,408,604,542,636
1#16BBC97#08062020#191252.jpg,150,25,car plate,446,646,596,671
1#16BGU26#07062020#115553.jpg,140,27,car plate,607,607,747,634
1#16BGU26#07062020#121121.jpg,141,29,car plate,494,599,635,628
1#16BUA17#06062020#143111.jpg,208,32,car plate,713,595,921,627
1#16BUP66#08062020#193149.jpg,148,26,car plate,593,539,741,565
1#16DP330#08062020#132850.jpg,157,25,car plate,571,606,728,631
1#16DR701#06062020#141830.jpg,191,32,car plate,702,562,893,594
1#16E4745#03062020#123727 .jpg,195,36,car plate,731,601,926,637
1#16E6604#08062020#131745.jpg,152,25,car plate,782,584,934,609
1#16E6786#08062020#051812.jpg,132,27,car plate,607,542,739,569
1#16E7339#03062020#123943 .jpg,197,41,car plate,906,564,1103,605
1#16EHL80#07062020#154709.jpg,91,26,car plate,491,623,582,649
1#16EP235#08062020#200411.jpg,160,28,car plate,573,626,733,654
1#16FDF69#07062020#154654.jpg,85,25,car plate,716,614,801,639
1#16FG501#07062020#124823.jpg,132,27,car plate,673,583,805,610
1#16FP449#05062020#110706.jpg,174,26,car plate,765,487,939,513
1#16FP449#06062020#000034.jpg,199,35,car plate,770,588,969,623
1#16FS589#08062020#194330.jpg,151,26,car plate,681,614,832,640
1#16GH199#05062020#104730.jpg,197,28,car plate,745,579,942,607
1#16GR123#07062020#152240.jpg,113,26,car plate,465,582,578,608
1#16HCM58#07062020#130929.jpg,137,26,car plate,388,624,525,650
1#16J8080#05062020#104640.jpg,193,28,car plate,717,538,910,566
1#16JEA49#08062020#013332.jpg,135,27,car plate,684,602,819,629
1#16JEA49#08062020#065032.jpg,135,27,car plate,684,602,819,629
1#16JMG69#07062020#155323.jpg,72,24,car plate,494,592,566,616
1#16JMG69#08062020#053508.jpg,137,26,car plate,480,621,617,647
1#16JPG82#07062020#144205.jpg,134,25,car plate,477,575,611,600
1#16JPT96#03062020#124206 .jpg,190,32,car plate,576,569,766,601
1#16JRD84#07062020#145737.jpg,133,26,car plate,743,588,876,614
1#16JSN86#07062020#155119.jpg,121,33,car plate,671,566,792,599
1#16JUL90#08062020#205754.jpg,149,26,car plate,361,576,510,602
1#16JYA09#08062020#021151.jpg,130,27,car plate,503,579,633,606
1#16JYA09#08062020#072852.jpg,130,27,car plate,503,579,633,606
1#16K6133#07062020#132933.jpg,134,27,car plate,487,586,621,613
1#16KBU62#08062020#055031.jpg,97,26,car plate,535,606,632,632
1#16KD992#03062020#002141 .jpg,166,29,car plate,536,613,702,642
1#16KEG91#07062020#125831.jpg,130,27,car plate,565,592,695,619
1#16KFS54#07062020#130501.jpg,134,25,car plate,748,608,882,633
1#16KRE54#08062020#144207.jpg,152,25,car plate,721,579,873,604
1#16KRE54#08062020#144527.jpg,157,25,car plate,724,612,881,637
1#16LDM19#08062020#150459.jpg,135,25,car plate,627,607,762,632
1#16LPZ52#08062020#171528.jpg,152,26,car plate,525,582,677,608
1#16LPZ52#08062020#190844.jpg,158,27,car plate,519,639,677,666
1#16LPZ52#08062020#194553.jpg,157,26,car plate,343,618,500,644
1#16LVH06#08062020#044842.jpg,82,24,car plate,604,528,686,552
1#16MA3539#08062020#055501.jpg,116,24,car plate,669,553,785,577
1#16MET66#08062020#041319.jpg,135,28,car plate,492,623,627,651
1#16NND24#07062020#114531.jpg,135,27,car plate,444,621,579,648
1#16NPN37#08062020#052503.jpg,130,26,car plate,565,619,695,645
1#16NS933#08062020#021847.jpg,69,24,car plate,513,593,582,617
1#16NS933#08062020#073548.jpg,102,26,car plate,511,592,613,618
1#16NSN65#08062020#030137.jpg,135,27,car plate,763,594,898,621
1#16NTG49#08062020#203249.jpg,148,25,car plate,666,561,814,586
1#16P5764#08062020#145429.jpg,149,27,car plate,716,575,865,602
1#16PD085#08062020#034719.jpg,134,26,car plate,451,608,585,634
1#16PN405#03062020#211350.jpg,198,28,car plate,809,627,1007,655
1#16PN405#03062020#214126.jpg,194,28,car plate,806,607,1000,635
1#16RF824#08062020#055923.jpg,137,28,car plate,550,613,687,641
1#16RV481#08062020#030119.jpg,134,26,car plate,565,584,699,610
1#16SF793#08062020#192405.jpg,135,26,car plate,998,488,1133,514
1#16SJL62#07062020#123527.jpg,141,27,car plate,576,622,717,649
1#16SMD52#08062020#061633.jpg,140,27,car plate,683,600,823,627
1#16U3139#03062020#175547.jpg,180,27,car plate,457,602,637,629
1#16UR996#07062020#120532.jpg,136,28,car plate,678,559,814,587
1#16YAP80#08062020#204621.jpg,151,27,car plate,573,567,724,594
1#16YG087#08062020#135232.jpg,147,26,car plate,529,527,676,553
1#16YM549#08062020#131332.jpg,148,26,car plate,584,557,732,583
1#16YY508#03062020#124637 .jpg,193,38,car plate,724,594,917,632
1#16ZY1557#03062020#123706 .jpg,198,33,car plate,564,590,762,623
1#16ZZ227#03062020#130015 .jpg,206,36,car plate,540,582,746,618
1#17AAB373#06062020#143723.jpg,194,32,car plate,688,608,882,640
1#17ABD069#08062020#031045.jpg,131,26,car plate,612,590,743,616
1#17RE048#03062020#184611.jpg,186,32,car plate,659,614,845,646
1#18AAF802#06062020#000718.jpg,200,35,car plate,769,570,969,605
1#18DP927#03062020#124621 .jpg,201,36,car plate,750,611,951,647
1#18FA919#08062020#191032.jpg,146,27,car plate,600,568,746,595
1#18SZS63#08062020#195238.jpg,153,27,car plate,643,623,796,650
1#19ABB116#08062020#050429.jpg,84,24,car plate,595,592,679,616
1#19BM801#08062020#043524.jpg,128,25,car plate,634,550,762,575
1#19BM801#08062020#143205.jpg,151,27,car plate,870,631,1021,658
1#19BN616#07062020#232025.jpg,145,26,car plate,273,546,418,572
1#19TP964#06062020#143115.jpg,196,32,car plate,773,588,969,620
1#19TU908#08062020#060501.jpg,119,26,car plate,605,592,724,618
1#20ACF567#07062020#124711.jpg,135,28,car plate,651,623,786,651
1#20ALM61#08062020#023726.jpg,133,28,car plate,615,608,748,636
1#20ALM61#08062020#075427.jpg,58,25,car plate,663,525,721,550
1#20ANB02#07062020#192442.jpg,134,25,car plate,405,612,539,637
1#20APV72#08062020#150300.jpg,147,26,car plate,617,572,764,598
1#20B7060#03062020#124302 .jpg,197,34,car plate,559,613,756,647
1#20BD351#08062020#065816.jpg,135,27,car plate,662,593,797,620
1#20BD602#08062020#053818.jpg,134,27,car plate,574,572,708,599
1#20BN058#08062020#204929.jpg,158,26,car plate,596,638,754,664
1#20BZ466#08062020#210309.jpg,158,26,car plate,458,631,616,657
1#20EC901#08062020#051940.jpg,134,27,car plate,568,624,702,651
1#20EJ128#06062020#002330.jpg,209,33,car plate,706,617,915,650
1#20F8634#08062020#015501.jpg,134,25,car plate,704,574,838,599
1#20F8634#08062020#071201.jpg,136,26,car plate,716,618,852,644
1#20GA196#07062020#160358.jpg,140,27,car plate,552,615,692,642
1#20GA196#07062020#191519.jpg,117,26,car plate,160,574,277,600
1#20GG269#07062020#114931.jpg,110,26,car plate,660,622,770,648
1#20KC749#08062020#194846.jpg,158,27,car plate,526,644,684,671
1#20KG798#08062020#040448.jpg,129,26,car plate,583,514,712,540
1#20L5933#08062020#133826.jpg,158,26,car plate,483,621,641,647
1#20R5757#03062020#183437.jpg,196,29,car plate,592,605,788,634
1#21KH235#08062020#050649.jpg,72,24,car plate,669,588,741,612
1#22AR420#03062020#124650 .jpg,207,36,car plate,739,614,946,650
1#22AZ208#08062020#202206.jpg,145,26,car plate,846,549,991,575
1#22DA090#03062020#183958.jpg,189,29,car plate,524,597,713,626
1#22DE162#03062020#124110 .jpg,209,32,car plate,541,611,750,643
1#22LS001#07062020#122518.jpg,132,26,car plate,677,589,809,615
1#22NA390#03062020#184922.jpg,192,28,car plate,570,617,762,645
1#22RB063#03062020#102302 .jpg,163,27,car plate,603,629,766,656
1#22RN358#03062020#132733 .jpg,183,32,car plate,300,611,483,643
1#22UE671#03062020#212624.jpg,196,33,car plate,833,610,1029,643
1#23AAV489#08062020#112158.jpg,102,24,car plate,323,568,425,592
1#23AS097#08062020#131352.jpg,151,26,car plate,484,605,635,631
1#23DV526#08062020#015758.jpg,111,26,car plate,550,593,661,619
1#23DV526#08062020#060325.jpg,88,26,car plate,670,586,758,612
1#23DV526#08062020#071459.jpg,133,27,car plate,544,549,677,576
1#23DV526#08062020#153014.jpg,160,26,car plate,556,617,716,643
1#23FY503#08062020#112156.jpg,133,25,car plate,265,610,398,635
1#24AAD764#07062020#162444.jpg,140,33,car plate,486,614,626,647
1#24ES032#08062020#013435.jpg,137,27,car plate,652,591,789,618
1#24ES032#08062020#065136.jpg,134,26,car plate,646,554,780,580
1#25DY155#08062020#025631.jpg,133,27,car plate,483,600,616,627
1#25FJ427#03062020#172100.jpg,172,29,car plate,534,597,706,626
1#25LE407#08062020#133720.jpg,152,28,car plate,654,595,806,623
1#25LS820#07062020#121523.jpg,44,23,car plate,671,609,715,632
1#25NO348#08062020#134607.jpg,147,24,car plate,818,524,965,548
1#26A7328#08062020#134952.jpg,142,27,car plate,1069,480,1211,507
1#26A7329#08062020#030812.jpg,110,26,car plate,759,614,869,640
1#26A8855#07062020#150852.jpg,142,24,car plate,593,623,735,647
1#26AAB031#08062020#132525.jpg,163,27,car plate,497,616,660,643
1#26AAB039#08062020#033853.jpg,121,27,car plate,493,590,614,617
1#26AAB093#08062020#133940.jpg,153,25,car plate,695,607,848,632
1#26AAB233#08062020#012331.jpg,136,26,car plate,593,603,729,629
1#26AAB233#08062020#064032.jpg,136,26,car plate,593,603,729,629
1#26AAB552#08062020#031326.jpg,141,26,car plate,822,630,963,656
1#26AAC281#07062020#154352.jpg,135,27,car plate,745,612,880,639
1#26AAC406#08062020#045913.jpg,66,24,car plate,500,578,566,602
1#26AAE158#08062020#194241.jpg,151,26,car plate,607,570,758,596
1#26AAG118#07062020#155445.jpg,116,25,car plate,513,602,629,627
1#26AAG402#08062020#040737.jpg,135,25,car plate,634,562,769,587
1#26AAG402#08062020#145207.jpg,162,27,car plate,686,653,848,680
1#26AAG574#08062020#061948.jpg,127,24,car plate,540,541,667,565
1#26AAG658#07062020#154538.jpg,125,27,car plate,477,605,602,632
1#26AAG658#08062020#011932.jpg,141,27,car plate,500,613,641,640
1#26AAG658#08062020#063633.jpg,135,27,car plate,498,582,633,609
1#26AAG882#07062020#133041.jpg,68,25,car plate,540,587,608,612
1#26AAH213#07062020#160256.jpg,82,26,car plate,535,577,617,603
1#26AAH300#08062020#192233.jpg,148,25,car plate,704,532,852,557
1#26AAH510#08062020#201453.jpg,118,25,car plate,598,527,716,552
1#26AAH783#08062020#191702.jpg,151,26,car plate,537,555,688,581
1#26AAH999#07062020#150115.jpg,109,26,car plate,406,609,515,635
1#26AAJ073#07062020#144008.jpg,135,26,car plate,639,567,774,593
1#26AAJ093#07062020#141939.jpg,121,29,car plate,519,615,640,644
1#26AAJ241#08062020#145204.jpg,152,25,car plate,627,595,779,620
1#26AAK116#08062020#205809.jpg,158,28,car plate,409,645,567,673
1#26AAK208#07062020#121558.jpg,82,24,car plate,551,544,633,568
1#26AAL598#08062020#050850.jpg,136,27,car plate,658,578,794,605
1#26AAL598#08062020#151013.jpg,151,25,car plate,557,558,708,583
1#26AAL620#07062020#162231.jpg,111,26,car plate,738,606,849,632
1#26AAL620#07062020#165429.jpg,81,24,car plate,719,544,800,568
1#26AAL716#08062020#053823.jpg,131,25,car plate,954,567,1085,592
1#26AAN334#08062020#205617.jpg,161,26,car plate,487,642,648,668
1#26AAN477#08062020#052206.jpg,133,27,car plate,519,563,652,590
1#26AAN897#07062020#152451.jpg,135,29,car plate,595,557,730,586
1#26AAP247#07062020#154718.jpg,136,28,car plate,540,584,676,612
1#26AAP314#08062020#202431.jpg,151,26,car plate,462,588,613,614
1#26AAP402#08062020#134956.jpg,142,25,car plate,817,498,959,523
1#26AAP554#08062020#042907.jpg,134,25,car plate,655,597,789,622
1#26AAP582#07062020#133337.jpg,137,26,car plate,751,593,888,619
1#26AAP599#07062020#122159.jpg,83,24,car plate,535,591,618,615
1#26AAR297#07062020#143926.jpg,134,27,car plate,757,591,891,618
1#26AAR496#08062020#201917.jpg,149,26,car plate,705,555,854,581
1#26AAR805#08062020#134055.jpg,153,27,car plate,348,600,501,627
1#26AAR851#08062020#040535.jpg,134,29,car plate,464,602,598,631
1#26AAR851#08062020#132107.jpg,140,25,car plate,491,446,631,471
1#26AAR921#07062020#051548.jpg,132,25,car plate,557,608,689,633
1#26AAR993#07062020#161716.jpg,82,25,car plate,526,571,608,596
1#26AAR993#08062020#053407.jpg,121,27,car plate,663,592,784,619
1#26AAS101#07062020#115335.jpg,134,28,car plate,694,607,828,635
1#26AAS24#07062020#122314.jpg,121,25,car plate,868,580,989,605
1#26AAS271#07062020#180728.jpg,129,25,car plate,389,592,518,617
1#26AAS314#07062020#135323.jpg,140,27,car plate,653,610,793,637
1#26AAS326#08062020#131307.jpg,152,25,car plate,569,567,721,592
1#26AAS461#08062020#191842.jpg,146,25,car plate,339,586,485,611
1#26AAS668#08062020#200537.jpg,150,27,car plate,464,576,614,603
1#26AAT140#08062020#105611.jpg,137,25,car plate,332,633,469,658
1#26AAT329#08062020#015429.jpg,136,27,car plate,702,606,838,633
1#26AAT329#08062020#071130.jpg,136,27,car plate,702,606,838,633
1#26AAT329#08062020#141659.jpg,148,24,car plate,389,549,537,573
1#26AAT470#07062020#213017.jpg,62,23,car plate,39,569,101,592
1#26AAT890#07062020#154639.jpg,79,24,car plate,602,575,681,599
1#26AAT934#08062020#194332.jpg,158,26,car plate,539,632,697,658
1#26AAU196#08062020#053113.jpg,109,24,car plate,852,616,961,640
1#26AAU303#07062020#152306.jpg,137,24,car plate,1025,609,1162,633
1#26AAU399#08062020#203927.jpg,149,26,car plate,667,531,816,557
1#26AAV077#08062020#031249.jpg,133,26,car plate,597,583,730,609
1#26AAV077#08062020#141719.jpg,158,27,car plate,601,628,759,655
1#26AAV368#07062020#150641.jpg,140,29,car plate,558,619,698,648
1#26AAY549#08062020#145726.jpg,153,28,car plate,710,639,863,667
1#26AAY783#08062020#202030.jpg,152,25,car plate,437,572,589,597
1#26AAY901#08062020#051050.jpg,142,27,car plate,485,623,627,650
1#26AAZ093#08062020#132637.jpg,150,26,car plate,586,562,736,588
1#26AAZ198#08062020#195259.jpg,150,25,car plate,582,544,732,569
1#26AAZ537#07062020#142235.jpg,134,28,car plate,591,598,725,626
1#26AAZ640#08062020#203053.jpg,150,26,car plate,541,593,691,619
1#26AAZ654#08062020#135644.jpg,152,27,car plate,660,581,812,608
1#26AB201#07062020#113510.jpg,147,27,car plate,562,626,709,653
1#26AB201#07062020#141524.jpg,145,26,car plate,523,614,668,640
1#26AB489#08062020#201304.jpg,156,27,car plate,739,596,895,623
1#26AB742#08062020#153949.jpg,157,24,car plate,712,618,869,642
1#26ABA438#07062020#133526.jpg,82,26,car plate,539,614,621,640
1#26ABA493#08062020#141936.jpg,149,25,car plate,543,544,692,569
1#26ABA537#08062020#203708.jpg,140,26,car plate,581,595,721,621
1#26ABB328#08062020#045912.jpg,140,29,car plate,450,628,590,657
1#26ABB772#08062020#150825.jpg,143,25,car plate,880,490,1023,515
1#26ABB845#08062020#033543.jpg,82,24,car plate,635,596,717,620
1#26ABB845#08062020#131105.jpg,110,25,car plate,652,623,762,648
1#26ABB913#08062020#020828.jpg,134,27,car plate,561,579,695,606
1#26ABB913#08062020#072529.jpg,137,28,car plate,565,614,702,642
1#26ABB987#08062020#201033.jpg,153,25,car plate,722,634,875,659
1#26ABC642#07062020#114039.jpg,141,28,car plate,464,623,605,651
1#26ABC642#08062020#143349.jpg,146,28,car plate,1036,523,1182,551
1#26ABC656#08062020#195458.jpg,153,26,car plate,712,624,865,650
1#26ABD062#07062020#154819.jpg,135,27,car plate,567,580,702,607
1#26ABD119#07062020#054356.jpg,87,23,car plate,622,536,709,559
1#26ABD128#08062020#210114.jpg,157,26,car plate,438,592,595,618
1#26ABD213#08062020#201506.jpg,160,27,car plate,546,629,706,656
1#26ABD322#07062020#142637.jpg,136,27,car plate,686,580,822,607
1#26ABD383#08062020#025119.jpg,84,25,car plate,586,615,670,640
1#26ABD383#08062020#134345.jpg,157,27,car plate,365,622,522,649
1#26ABD383#08062020#145257.jpg,152,25,car plate,521,590,673,615
1#26ABD383#08062020#171328.jpg,153,25,car plate,513,578,666,603
1#26ABD383#08062020#190751.jpg,160,27,car plate,508,650,668,677
1#26ABD393#07062020#134535.jpg,140,25,car plate,775,617,915,642
1#26ABD669#06062020#002121.jpg,198,29,car plate,790,548,988,577
1#26ABE163#08062020#201448.jpg,158,27,car plate,619,621,777,648
1#26ABE214#08062020#141424.jpg,142,26,car plate,931,479,1073,505
1#26ABE320#07062020#140426.jpg,104,26,car plate,580,622,684,648
1#26ABE329#08062020#192317.jpg,159,27,car plate,533,648,692,675
1#26ABE417#08062020#134603.jpg,151,25,car plate,556,561,707,586
1#26ABE855#07062020#144929.jpg,119,26,car plate,680,544,799,570
1#26ABE974#08062020#203209.jpg,152,26,car plate,639,611,791,637
1#26ABF130#08062020#052335.jpg,141,26,car plate,637,612,778,638
1#26ABF176#08062020#204714.jpg,157,28,car plate,513,657,670,685
1#26ABF203#08062020#194509.jpg,150,26,car plate,727,583,877,609
1#26ABF403#07062020#125005.jpg,119,28,car plate,723,564,842,592
1#26ABF804#07062020#122046.jpg,140,27,car plate,635,609,775,636
1#26ABF804#08062020#023909.jpg,143,28,car plate,576,625,719,653
1#26ABF804#08062020#075610.jpg,137,27,car plate,572,587,709,614
1#26ABF804#08062020#145134.jpg,161,28,car plate,679,647,840,675
1#26ABF804#08062020#171327.jpg,153,27,car plate,539,566,692,593
1#26ABF804#08062020#190749.jpg,161,28,car plate,534,644,695,672
1#26ABF804#08062020#202321.jpg,158,27,car plate,446,606,604,633
1#26ABF891#08062020#150211.jpg,153,26,car plate,632,630,785,656
1#26ABF910#08062020#203125.jpg,148,24,car plate,558,565,706,589
1#26ABF997#07062020#114806.jpg,137,25,car plate,580,605,717,630
1#26ABF997#08062020#154026.jpg,150,27,car plate,576,541,726,568
1#26ABF997#08062020#201848.jpg,149,25,car plate,533,538,682,563
1#26ABG685#08062020#191253.jpg,161,26,car plate,541,663,702,689
1#26ABG996#07062020#133947.jpg,137,28,car plate,604,611,741,639
1#26ABH055#08062020#202158.jpg,156,25,car plate,514,624,670,649
1#26ABH148#08062020#022927.jpg,136,26,car plate,565,591,701,617
1#26ABH148#08062020#074628.jpg,135,26,car plate,566,591,701,617
1#26ABH148#08062020#141116.jpg,153,26,car plate,481,609,634,635
1#26ABH38#07062020#151420.jpg,93,26,car plate,655,495,748,521
1#26ABH495#08062020#210239.jpg,148,25,car plate,457,570,605,595
1#26ABH610#08062020#153206.jpg,152,26,car plate,621,583,773,609
1#26ABH797#08062020#201157.jpg,150,25,car plate,524,550,674,575
1#26ABJ078#08062020#145608.jpg,152,26,car plate,611,584,763,610
1#26ABJ103#07062020#123122.jpg,136,26,car plate,586,605,722,631
1#26ABJ353#08062020#204330.jpg,149,26,car plate,795,570,944,596
1#26ABK026#08062020#194206.jpg,157,27,car plate,703,648,860,675
1#26ABK109#08062020#205203.jpg,143,26,car plate,863,542,1006,568
1#26ABK236#08062020#152858.jpg,145,26,car plate,443,462,588,488
1#26ABK433#08062020#200805.jpg,160,25,car plate,493,661,653,686
1#26ABK964#08062020#052209.jpg,92,26,car plate,491,579,583,605
1#26ABL108#08062020#192352.jpg,151,26,car plate,690,581,841,607
1#26ABL240#07062020#151116.jpg,133,27,car plate,677,588,810,615
1#26ABL571#08062020#153117.jpg,148,27,car plate,767,609,915,636
1#26ABL764#08062020#204551.jpg,151,28,car plate,548,612,699,640
1#26ABM031#08062020#212900.jpg,114,25,car plate,85,609,199,634
1#26ABM109#08062020#134655.jpg,152,27,car plate,774,592,926,619
1#26ABM219#07062020#200906.jpg,117,24,car plate,566,567,683,591
1#26ABM219#08062020#043604.jpg,124,26,car plate,593,581,717,607
1#26ABM269#08062020#043842.jpg,137,24,car plate,1007,622,1144,646
1#26ABM269#08062020#140525.jpg,151,26,car plate,479,574,630,600
1#26ABM307#08062020#192942.jpg,162,26,car plate,661,662,823,688
1#26ABM477#08062020#055815.jpg,133,27,car plate,459,601,592,628
1#26ABM723#07062020#143929.jpg,125,27,car plate,567,598,692,625
1#26ABM801#08062020#131327.jpg,153,28,car plate,582,607,735,635
1#26ABM844#08062020#033736.jpg,137,26,car plate,812,624,949,650
1#26ABN343#07062020#124617.jpg,141,25,car plate,575,626,716,651
1#26ABN400#08062020#023625.jpg,120,25,car plate,549,597,669,622
1#26ABN400#08062020#075326.jpg,81,24,car plate,552,617,633,641
1#26ABP03#08062020#195100.jpg,159,27,car plate,465,639,624,666
1#26ABP110#07062020#230207.jpg,151,26,car plate,687,553,838,579
1#26ABP164#08062020#061537.jpg,134,27,car plate,556,574,690,601
1#26ABP594#08062020#134619.jpg,149,25,car plate,457,574,606,599
1#26ABP643#08062020#025710.jpg,132,25,car plate,660,579,792,604
1#26ABP848#08062020#051750.jpg,83,25,car plate,500,602,583,627
1#26ABR522#07062020#124048.jpg,134,28,car plate,611,613,745,641
1#26ABR588#07062020#183335.jpg,103,23,car plate,563,624,666,647
1#26ABR752#08062020#205812.jpg,147,24,car plate,331,552,478,576
1#26ABR772#08062020#052118.jpg,135,27,car plate,569,595,704,622
1#26ABR842#08062020#132835.jpg,160,26,car plate,531,591,691,617
1#26ABR863#07062020#140151.jpg,134,28,car plate,577,591,711,619
1#26ABS608#08062020#042800.jpg,137,26,car plate,703,610,840,636
1#26ABT128#08062020#210524.jpg,157,32,car plate,1075,628,1232,660
1#26ABT405#08062020#202929.jpg,160,27,car plate,516,646,676,673
1#26ABT796#07062020#145724.jpg,134,27,car plate,533,603,667,630
1#26ABU315#08062020#020341.jpg,140,26,car plate,651,618,791,644
1#26ABU315#08062020#072042.jpg,134,26,car plate,647,586,781,612
1#26ABU462#08062020#015602.jpg,141,27,car plate,452,598,593,625
1#26ABU512#07062020#172211.jpg,133,27,car plate,167,588,300,615
1#26ABU512#07062020#220910.jpg,132,26,car plate,167,588,299,614
1#26ABU625#08062020#191322.jpg,153,26,car plate,563,562,716,588
1#26ABU725#08062020#192015.jpg,156,27,car plate,630,647,786,674
1#26ABV238#07062020#115834.jpg,134,29,car plate,456,566,590,595
1#26ABV52#07062020#145910.jpg,115,24,car plate,762,446,877,470
1#26ABV530#07062020#144619.jpg,79,25,car plate,629,528,708,553
1#26ABV56#07062020#143400.jpg,78,25,car plate,894,495,972,520
1#26ABV56#08062020#200935.jpg,137,23,car plate,537,389,674,412
1#26ABV567#07062020#154805.jpg,107,28,car plate,517,490,624,518
1#26ABV569#08062020#042717.jpg,65,25,car plate,607,466,672,491
1#26ABV570#07062020#141025.jpg,102,24,car plate,544,508,646,532
1#26ABV705#07062020#144155.jpg,97,25,car plate,594,579,691,604
1#26ABV789#08062020#055127.jpg,135,28,car plate,487,629,622,657
1#26ABY395#07062020#134031.jpg,65,25,car plate,641,560,706,585
1#26ABY781#08062020#062139.jpg,68,23,car plate,615,581,683,604
1#26ABY956#08062020#142209.jpg,143,26,car plate,763,505,906,531
1#26ABZ098#08062020#150728.jpg,152,26,car plate,846,597,998,623
1#26ABZ342#08062020#043456.jpg,136,24,car plate,755,589,891,613
1#26ABZ342#08062020#151051.jpg,159,26,car plate,538,638,697,664
1#26ABZ711#08062020#023336.jpg,135,27,car plate,635,589,770,616
1#26ABZ773#08062020#171301.jpg,156,26,car plate,486,584,642,610
1#26ABZ773#08062020#190723.jpg,148,25,car plate,493,539,641,564
1#26AC082#08062020#145006.jpg,158,25,car plate,516,616,674,641
1#26AC484#08062020#135146.jpg,144,24,car plate,731,499,875,523
1#26AC839#08062020#060250.jpg,140,26,car plate,525,607,665,633
1#26AC839#08062020#070036.jpg,143,27,car plate,550,619,693,646
1#26AC839#08062020#135529.jpg,150,24,car plate,512,542,662,566
1#26AC839#08062020#152422.jpg,156,24,car plate,382,564,538,588
1#26ACA092#08062020#154121.jpg,160,27,car plate,648,667,808,694
1#26ACA470#07062020#150749.jpg,136,27,car plate,607,578,743,605
1#26ACA603#07062020#143918.jpg,126,26,car plate,635,624,761,650
1#26ACB192#07062020#122514.jpg,131,26,car plate,516,558,647,584
1#26ACB215#08062020#145000.jpg,149,25,car plate,661,520,810,545
1#26ACB233#08062020#022133.jpg,79,26,car plate,535,553,614,579
1#26ACB233#08062020#073833.jpg,79,26,car plate,536,554,615,580
1#26ACB233#08062020#154109.jpg,150,26,car plate,573,558,723,584
1#26ACB254#08062020#204221.jpg,156,26,car plate,565,612,721,638
1#26ACB490#08062020#203447.jpg,151,27,car plate,569,573,720,600
1#26ACB692#08062020#040902.jpg,140,28,car plate,530,626,670,654
1#26ACB692#08062020#150651.jpg,151,27,car plate,625,584,776,611
1#26ACB917#08062020#204659.jpg,150,25,car plate,631,557,781,582
1#26ACB987#08062020#193455.jpg,145,27,car plate,1036,517,1181,544
1#26ACC821#07062020#054753.jpg,135,26,car plate,228,621,363,647
1#26ACC821#08062020#071835.jpg,131,25,car plate,573,532,704,557
1#26ACD020#08062020#204604.jpg,158,26,car plate,449,646,607,672
1#26ACD28#08062020#193912.jpg,147,24,car plate,740,578,887,602
1#26ACD577#07062020#114641.jpg,130,25,car plate,710,551,840,576
1#26ACD750#07062020#151527.jpg,134,25,car plate,604,571,738,596
1#26ACD781#08062020#134015.jpg,140,28,car plate,1065,502,1205,530
1#26ACD923#07062020#113926.jpg,146,27,car plate,500,607,646,634
1#26ACD923#07062020#161630.jpg,147,26,car plate,496,614,643,640
1#26ACE076#07062020#133226.jpg,134,28,car plate,582,614,716,642
1#26ACE25#07062020#154058.jpg,133,27,car plate,556,561,689,588
1#26ACE256#08062020#135051.jpg,153,26,car plate,763,618,916,644
1#26ACE322#08062020#200853.jpg,149,25,car plate,781,550,930,575
1#26ACE393#08062020#194204.jpg,153,26,car plate,557,607,710,633
1#26ACE959#07062020#173120.jpg,119,23,car plate,833,529,952,552
1#26ACE959#07062020#221819.jpg,119,23,car plate,833,529,952,552
1#26ACF174#07062020#190636.jpg,132,25,car plate,252,593,384,618
1#26ACF179#07062020#054525.jpg,76,23,car plate,538,562,614,585
1#26ACF288#08062020#191517.jpg,144,24,car plate,439,500,583,524
1#26ACF494#08062020#194242.jpg,149,26,car plate,974,550,1123,576
1#26ACF665#07062020#132534.jpg,135,26,car plate,579,600,714,626
1#26ACG092#07062020#183451.jpg,141,24,car plate,814,604,955,628
1#26ACG286#08062020#154100.jpg,158,26,car plate,631,635,789,661
1#26ACG308#08062020#045732.jpg,137,28,car plate,502,611,639,639
1#26ACG313#07062020#045201.jpg,42,23,car plate,28,595,70,618
1#26ACG699#08062020#131126.jpg,143,25,car plate,860,535,1003,560
1#26ACG796#08062020#034220.jpg,65,24,car plate,595,586,660,610
1#26ACG813#08062020#142624.jpg,157,26,car plate,423,618,580,644
1#26ACG934#07062020#161338.jpg,135,29,car plate,529,585,664,614
1#26ACH212#08062020#042959.jpg,67,24,car plate,526,577,593,601
1#26ACH375#07062020#141010.jpg,136,27,car plate,500,585,636,612
1#26ACH375#08062020#044943.jpg,125,27,car plate,694,616,819,643
1#26ACH375#08062020#143848.jpg,152,26,car plate,586,566,738,592
1#26ACH390#08062020#195444.jpg,152,26,car plate,556,577,708,603
1#26ACH595#07062020#130128.jpg,117,26,car plate,648,550,765,576
1#26ACH595#08062020#194822.jpg,161,26,car plate,592,648,753,674
1#26ACH641#08062020#202317.jpg,156,26,car plate,591,640,747,666
1#26ACH718#07062020#160738.jpg,144,28,car plate,625,622,769,650
1#26ACH837#08062020#060535.jpg,137,29,car plate,577,617,714,646
1#26ACH837#08062020#132103.jpg,143,25,car plate,724,489,867,514
1#26ACH92#07062020#121452.jpg,136,28,car plate,529,562,665,590
1#26ACH92#07062020#160323.jpg,132,27,car plate,649,511,781,538
1#26ACH924#08062020#204114.jpg,157,26,car plate,420,584,577,610
1#26ACH927#08062020#040900.jpg,143,26,car plate,562,610,705,636
1#26ACH93#07062020#135647.jpg,78,24,car plate,544,451,622,475
1#26ACH93#07062020#153721.jpg,67,24,car plate,552,509,619,533
1#26ACH933#07062020#125837.jpg,80,23,car plate,552,485,632,508
1#26ACH933#08062020#035706.jpg,91,23,car plate,609,492,700,515
1#26ACH934#07062020#132918.jpg,126,25,car plate,537,577,663,602
1#26ACH936#08062020#043639.jpg,140,27,car plate,610,577,750,604
1#26ACJ005#07062020#132831.jpg,121,24,car plate,797,616,918,640
1#26ACJ080#07062020#160506.jpg,135,27,car plate,572,600,707,627
1#26ACJ225#08062020#140524.jpg,149,26,car plate,484,559,633,585
1#26ACJ392#07062020#160619.jpg,132,25,car plate,536,584,668,609
1#26ACJ483#08062020#200820.jpg,147,27,car plate,676,577,823,604
1#26ACJ542#07062020#115937.jpg,134,26,car plate,616,576,750,602
1#26ACJ60#07062020#150436.jpg,135,25,car plate,1068,604,1203,629
1#26ACJ738#08062020#195602.jpg,157,28,car plate,653,633,810,661
1#26ACK078#07062020#122251.jpg,134,27,car plate,469,607,603,634
1#26ACK261#08062020#194629.jpg,152,26,car plate,602,607,754,633
1#26ACK413#08062020#204732.jpg,150,26,car plate,586,558,736,584
1#26ACK654#08062020#141219.jpg,156,27,car plate,733,616,889,643
1#26ACK658#08062020#202439.jpg,153,26,car plate,604,576,757,602
1#26ACK866#07062020#142740.jpg,136,26,car plate,731,609,867,635
1#26ACL23#08062020#063833.jpg,135,28,car plate,551,580,686,608
1#26ACL236#08062020#012132.jpg,135,27,car plate,551,580,686,607
1#26ACL236#08062020#055707.jpg,137,27,car plate,594,597,731,624
1#26ACL271#08062020#044726.jpg,131,26,car plate,407,603,538,629
1#26ACL340#08062020#131505.jpg,160,27,car plate,686,591,846,618
1#26ACL729#08062020#141701.jpg,156,26,car plate,589,631,745,657
1#26ACL790#08062020#203819.jpg,144,24,car plate,667,503,811,527
1#26ACL823#08062020#051911.jpg,49,23,car plate,465,583,514,606
1#26ACM006#08062020#040337.jpg,132,27,car plate,646,569,778,596
1#26ACM132#08062020#204826.jpg,147,25,car plate,30,587,177,612
1#26ACM308#07062020#120300.jpg,81,24,car plate,807,575,888,599
1#26ACM308#07062020#161114.jpg,109,26,car plate,558,611,667,637
1#26ACM537#08062020#202339.jpg,160,26,car plate,436,653,596,679
1#26ACM719#08062020#072306.jpg,119,27,car plate,436,577,555,604
1#26ACM779#08062020#051327.jpg,133,27,car plate,622,580,755,607
1#26ACM921#07062020#112452.jpg,117,26,car plate,671,560,788,586
1#26ACM939#08062020#141702.jpg,130,24,car plate,629,505,759,529
1#26ACN290#08062020#045244.jpg,142,25,car plate,874,581,1016,606
1#26ACN760#08062020#040817.jpg,142,26,car plate,694,582,836,608
1#26ACP359#07062020#203906.jpg,132,24,car plate,585,581,717,605
1#26ACP743#08062020#153139.jpg,162,26,car plate,541,666,703,692
1#26ACR176#08062020#143628.jpg,151,26,car plate,575,581,726,607
1#26ACR454#08062020#041013.jpg,142,28,car plate,521,590,663,618
1#26ACR454#08062020#150318.jpg,152,24,car plate,362,536,514,560
1#26ACR674#08062020#200331.jpg,157,26,car plate,415,600,572,626
1#26ACR898#08062020#171351.jpg,157,25,car plate,568,636,725,661
1#26ACR898#08062020#190813.jpg,150,24,car plate,572,585,722,609
1#26ACR939#08062020#205949.jpg,149,28,car plate,612,534,761,562
1#26ACR965#08062020#193335.jpg,80,24,car plate,1060,446,1140,470
1#26ACS149#08062020#144828.jpg,156,28,car plate,558,603,714,631
1#26ACS591#08062020#200922.jpg,152,25,car plate,592,573,744,598
1#26ACT032#08062020#041445.jpg,140,26,car plate,709,622,849,648
1#26ACT032#08062020#150323.jpg,152,26,car plate,626,599,778,625
1#26ACT178#08062020#014149.jpg,142,27,car plate,522,619,664,646
1#26ACT178#08062020#065849.jpg,136,27,car plate,519,590,655,617
1#26ACT503#07062020#115629.jpg,136,26,car plate,578,601,714,627
1#26ACT648#08062020#204840.jpg,158,27,car plate,565,611,723,638
1#26ACT670#07062020#230219.jpg,151,27,car plate,1092,604,1243,631
1#26ACT670#08062020#142450.jpg,151,27,car plate,887,604,1038,631
1#26ACT716#08062020#040127.jpg,117,25,car plate,610,561,727,586
1#26ACT901#08062020#194755.jpg,152,25,car plate,517,596,669,621
1#26ACU080#03062020#011328 .jpg,160,25,car plate,488,631,648,656
1#26ACU125#08062020#210532.jpg,144,27,car plate,879,569,1023,596
1#26ACU435#07062020#123526.jpg,136,24,car plate,594,603,730,627
1#26ACU651#08062020#044355.jpg,133,28,car plate,642,611,775,639
1#26ACU651#08062020#135142.jpg,148,26,car plate,733,588,881,614
1#26ACU733#08062020#194217.jpg,147,26,car plate,613,591,760,617
1#26ACV163#08062020#205302.jpg,150,25,car plate,598,559,748,584
1#26ACV195#08062020#192022.jpg,153,26,car plate,372,591,525,617
1#26ACV413#08062020#055912.jpg,142,26,car plate,728,618,870,644
1#26ACV470#07062020#231817.jpg,149,26,car plate,525,566,674,592
1#26ACV474#08062020#045604.jpg,83,24,car plate,694,609,777,633
1#26ACV961#08062020#052431.jpg,130,24,car plate,739,526,869,550
1#26ACY181#08062020#052156.jpg,93,25,car plate,568,582,661,607
1#26ACY228#08062020#045934.jpg,121,25,car plate,717,598,838,623
1#26ACY228#08062020#132551.jpg,150,26,car plate,839,575,989,601
1#26ACY570#08062020#134846.jpg,143,25,car plate,472,480,615,505
1#26AD556#07062020#145932.jpg,64,23,car plate,639,624,703,647
1#26AD783#07062020#145701.jpg,107,26,car plate,700,568,807,594
1#26AD868#08062020#145513.jpg,146,26,car plate,823,532,969,558
1#26AF715#08062020#205304.jpg,148,24,car plate,630,534,778,558
1#26AG096#08062020#191631.jpg,158,26,car plate,552,636,710,662
1#26AG302#08062020#061723.jpg,134,28,car plate,527,624,661,652
1#26AG680#08062020#150614.jpg,151,25,car plate,669,550,820,575
1#26AG710#08062020#130848.jpg,151,25,car plate,595,553,746,578
1#26AH282#08062020#195237.jpg,160,26,car plate,626,642,786,668
1#26AJ094#08062020#133225.jpg,152,25,car plate,347,580,499,605
1#26AJ779#07062020#153652.jpg,124,24,car plate,591,595,715,619
1#26AJ877#07062020#140805.jpg,142,29,car plate,432,607,574,636
1#26AJ960#07062020#120953.jpg,142,25,car plate,630,592,772,617
1#26AK860#08062020#202856.jpg,153,25,car plate,508,577,661,602
1#26AK948#08062020#054651.jpg,143,27,car plate,502,622,645,649
1#26AK948#08062020#145516.jpg,160,25,car plate,549,637,709,662
1#26AL047#08062020#061850.jpg,143,28,car plate,704,627,847,655
1#26AN883#08062020#134652.jpg,156,26,car plate,676,598,832,624
1#26AN992#08062020#193405.jpg,158,26,car plate,605,628,763,654
1#26AP394#08062020#060758.jpg,134,26,car plate,580,547,714,573
1#26AR027#08062020#030850.jpg,135,25,car plate,549,614,684,639
1#26AR366#03062020#012019 .jpg,128,25,car plate,382,475,510,500
1#26AR366#08062020#022120.jpg,121,27,car plate,399,603,520,630
1#26AR366#08062020#073821.jpg,119,26,car plate,396,568,515,594
1#26AR366#08062020#132136.jpg,156,27,car plate,879,612,1035,639
1#26AS373#08062020#024234.jpg,140,27,car plate,646,614,786,641
1#26AS373#08062020#132738.jpg,146,25,car plate,513,523,659,548
1#26AS373#08062020#144217.jpg,153,26,car plate,595,597,748,623
1#26AS373#08062020#144536.jpg,158,27,car plate,591,635,749,662
1#26AS568#08062020#200738.jpg,151,26,car plate,608,560,759,586
1#26AT173#08062020#193931.jpg,153,25,car plate,764,598,917,623
1#26AT229#08062020#171124.jpg,152,27,car plate,578,546,730,573
1#26AT229#08062020#190453.jpg,156,27,car plate,578,575,734,602
1#26AT229#08062020#190547.jpg,164,29,car plate,579,665,743,694
1#26AT589#07062020#153430.jpg,133,26,car plate,493,584,626,610
1#26AU502#08062020#030649.jpg,137,25,car plate,687,624,824,649
1#26AU775#08062020#203847.jpg,158,28,car plate,798,643,956,671
1#26AU885#08062020#035446.jpg,136,25,car plate,758,589,894,614
1#26AU885#08062020#140451.jpg,149,29,car plate,1000,569,1149,598
1#26AV091#08062020#134215.jpg,150,26,car plate,363,552,513,578
1#26AV242#08062020#144628.jpg,153,27,car plate,495,579,648,606
1#26AV328#08062020#193454.jpg,142,26,car plate,883,538,1025,564
1#26AV429#06062020#143300.jpg,210,32,car plate,654,592,864,624
1#26AV799#08062020#052321.jpg,133,25,car plate,560,579,693,604
1#26AV809#08062020#153148.jpg,152,25,car plate,680,580,832,605
1#26AY242#07062020#113307.jpg,134,25,car plate,769,592,903,617
1#26AY242#08062020#034042.jpg,91,25,car plate,640,609,731,634
1#26AY317#08062020#054904.jpg,142,27,car plate,494,603,636,630
1#26AY624#08062020#205940.jpg,157,26,car plate,545,604,702,630
1#26AZ234#08062020#050447.jpg,141,27,car plate,535,621,676,648
1#26AZ308#08062020#123251.jpg,136,26,car plate,458,622,594,648
1#26AZ413#08062020#054428.jpg,135,26,car plate,677,575,812,601
1#26AZ513#08062020#195106.jpg,153,24,car plate,508,593,661,617
1#26B0553#08062020#201909.jpg,164,27,car plate,546,655,710,682
1#26B0804#08062020#070504.jpg,48,24,car plate,570,614,618,638
1#26B1236#08062020#153648.jpg,158,27,car plate,622,610,780,637
1#26B1369#08062020#030124.jpg,137,26,car plate,645,613,782,639
1#26B1582#08062020#194006.jpg,147,25,car plate,500,557,647,582
1#26B1805#08062020#131830.jpg,159,27,car plate,721,619,880,646
1#26B2181#07062020#151921.jpg,136,26,car plate,583,606,719,632
1#26B2244#07062020#145505.jpg,143,28,car plate,562,621,705,649
1#26B4488#08062020#044208.jpg,140,29,car plate,410,615,550,644
1#26B4749#08062020#195241.jpg,156,25,car plate,473,587,629,612
1#26B4843#07062020#160510.jpg,133,28,car plate,556,596,689,624
1#26B4952#07062020#145050.jpg,137,28,car plate,452,611,589,639
1#26B5140#07062020#114107.jpg,142,28,car plate,530,608,672,636
1#26B5140#07062020#162726.jpg,140,27,car plate,681,581,821,608
1#26B5237#08062020#145807.jpg,157,28,car plate,647,622,804,650
1#26B5238#08062020#191517.jpg,162,27,car plate,496,646,658,673
1#26B5736#08062020#191337.jpg,153,25,car plate,401,580,554,605
1#26B5775#07062020#151554.jpg,136,27,car plate,671,596,807,623
1#26B5961#08062020#172110.jpg,153,27,car plate,697,602,850,629
1#26B5961#08062020#191112.jpg,153,27,car plate,697,602,850,629
1#26B6738#08062020#192114.jpg,156,26,car plate,735,594,891,620
1#26B6851#08062020#191347.jpg,150,27,car plate,610,627,760,654
1#26B7388#08062020#134706.jpg,146,25,car plate,524,505,670,530
1#26B7510#08062020#055457.jpg,87,23,car plate,607,589,694,612
1#26B7654#08062020#210543.jpg,157,28,car plate,899,600,1056,628
1#26B7882#08062020#153708.jpg,152,29,car plate,1091,591,1243,620
1#26B7895#08062020#033357.jpg,136,24,car plate,1093,590,1229,614
1#26B7895#08062020#153757.jpg,148,27,car plate,707,536,855,563
1#26B8012#08062020#201845.jpg,152,25,car plate,626,573,778,598
1#26B8049#07062020#130818.jpg,125,26,car plate,783,625,908,651
1#26B8309#08062020#191211.jpg,127,25,car plate,352,655,479,680
1#26B8309#08062020#203917.jpg,153,25,car plate,485,581,638,606
1#26B8462#08062020#135229.jpg,157,27,car plate,806,610,963,637
1#26B8624#08062020#105136.jpg,84,24,car plate,177,617,261,641
1#26B8711#08062020#203921.jpg,152,28,car plate,602,655,754,683
1#26B9120#08062020#153653.jpg,162,27,car plate,754,651,916,678
1#26B9839#08062020#145025.jpg,162,26,car plate,427,608,589,634
1#26B9879#08062020#043818.jpg,142,24,car plate,587,624,729,648
1#26B9970#07062020#155913.jpg,136,25,car plate,627,589,763,614
1#26BA007#08062020#051859.jpg,129,27,car plate,593,620,722,647
1#26BA024#07062020#155047.jpg,96,25,car plate,685,597,781,622
1#26BA032#07062020#162456.jpg,141,25,car plate,854,617,995,642
1#26BA032#07062020#165401.jpg,141,25,car plate,854,617,995,642
1#26BA123#08062020#041750.jpg,137,26,car plate,817,622,954,648
1#26BA155#07062020#142128.jpg,121,26,car plate,676,613,797,639
1#26BA164#08062020#143435.jpg,156,27,car plate,828,568,984,595
1#26BA171#08062020#025439.jpg,137,27,car plate,547,604,684,631
1#26BA171#08062020#144950.jpg,156,27,car plate,618,609,774,636
1#26BA563#07062020#115153.jpg,79,24,car plate,611,614,690,638
1#26BA834#08062020#062309.jpg,137,27,car plate,426,589,563,616
1#26BA904#08062020#025423.jpg,110,26,car plate,544,558,654,584
1#26BA948#07062020#061500.jpg,131,26,car plate,18,581,149,607
1#26BB120#08062020#044411.jpg,141,28,car plate,438,622,579,650
1#26BB192#08062020#032154.jpg,141,26,car plate,564,618,705,644
1#26BB327#08062020#030136.jpg,136,26,car plate,437,613,573,639
1#26BB482#08062020#192146.jpg,163,26,car plate,617,659,780,685
1#26BB897#08062020#142001.jpg,158,26,car plate,531,602,689,628
1#26BB999#07062020#134905.jpg,110,26,car plate,452,609,562,635
1#26BC044#08062020#132915.jpg,142,25,car plate,476,555,618,580
1#26BC193#07062020#113840.jpg,120,25,car plate,846,605,966,630
1#26BC347#08062020#051151.jpg,137,26,car plate,621,601,758,627
1#26BC422#08062020#194813.jpg,149,26,car plate,461,540,610,566
1#26BC609#08062020#192623.jpg,151,27,car plate,585,636,736,663
1#26BC699#08062020#210529.jpg,162,26,car plate,747,649,909,675
1#26BC908#07062020#153236.jpg,134,27,car plate,600,566,734,593
1#26BC910#08062020#153323.jpg,159,26,car plate,536,597,695,623
1#26BC918#07062020#115940.jpg,137,24,car plate,665,599,802,623
1#26BD061#08062020#141530.jpg,151,28,car plate,975,596,1126,624
1#26BD077#08062020#193326.jpg,150,26,car plate,664,565,814,591
1#26BD265#08062020#150647.jpg,163,26,car plate,481,655,644,681
1#26BD376#08062020#030541.jpg,136,25,car plate,560,621,696,646
1#26BD656#08062020#015554.jpg,146,28,car plate,664,573,810,601
1#26BD656#08062020#071254.jpg,146,28,car plate,664,573,810,601
1#26BE103#07062020#150551.jpg,141,27,car plate,729,609,870,636
1#26BE103#07062020#185122.jpg,133,26,car plate,7,619,140,645
1#26BE408#08062020#210051.jpg,148,25,car plate,512,549,660,574
1#26BE441#08062020#202631.jpg,152,27,car plate,576,610,728,637
1#26BE443#08062020#051612.jpg,141,26,car plate,581,612,722,638
1#26BE443#08062020#150326.jpg,142,25,car plate,634,457,776,482
1#26BE584#08062020#141027.jpg,148,26,car plate,765,558,913,584
1#26BE626#08062020#171819.jpg,148,24,car plate,435,541,583,565
1#26BE626#08062020#191027.jpg,126,28,car plate,428,629,554,657
1#26BE699#07062020#160922.jpg,134,24,car plate,937,550,1071,574
1#26BE702#08062020#193525.jpg,158,26,car plate,484,603,642,629
1#26BE997#07062020#135800.jpg,135,27,car plate,560,569,695,596
1#26BF488#07062020#162435.jpg,145,25,car plate,821,587,966,612
1#26BF651#07062020#162255.jpg,140,28,car plate,786,622,926,650
1#26BF651#07062020#165453.jpg,141,27,car plate,786,623,927,650
1#26BF774#07062020#123707.jpg,77,25,car plate,571,587,648,612
1#26BF774#08062020#012602.jpg,134,25,car plate,603,588,737,613
1#26BF774#08062020#064303.jpg,140,26,car plate,607,619,747,645
1#26BF774#08062020#142040.jpg,152,25,car plate,525,590,677,615
1#26BF827#07062020#121359.jpg,135,27,car plate,529,609,664,636
1#26BF890#07062020#203928.jpg,131,24,car plate,57,589,188,613
1#26BG148#08062020#014357.jpg,137,27,car plate,602,596,739,623
1#26BG148#08062020#070057.jpg,137,27,car plate,602,596,739,623
1#26BG448#08062020#055001.jpg,134,27,car plate,466,569,600,596
1#26BH191#08062020#134851.jpg,151,26,car plate,567,589,718,615
1#26BH335#08062020#204554.jpg,161,26,car plate,351,642,512,668
1#26BH339#08062020#132646.jpg,151,24,car plate,722,559,873,583
1#26BH586#07062020#145133.jpg,140,27,car plate,518,594,658,621
1#26BH586#07062020#203927.jpg,119,23,car plate,31,621,150,644
1#26BH765#07062020#120414.jpg,140,27,car plate,547,554,687,581
1#26BH930#07062020#144355.jpg,141,26,car plate,606,578,747,604
1#26BH930#08062020#012422.jpg,126,24,car plate,692,607,818,631
1#26BH930#08062020#064122.jpg,124,25,car plate,682,569,806,594
1#26BH932#08062020#030522.jpg,136,26,car plate,597,576,733,602
1#26BH933#08062020#030128.jpg,145,28,car plate,597,623,742,651
1#26BH998#08062020#012823.jpg,143,26,car plate,745,571,888,597
1#26BH998#08062020#064523.jpg,120,26,car plate,732,521,852,547
1#26BH998#08062020#202300.jpg,164,27,car plate,829,613,993,640
1#26BJ021#07062020#221022.jpg,117,24,car plate,775,570,892,594
1#26BJ077#07062020#141724.jpg,137,25,car plate,637,583,774,608
1#26BJ077#07062020#155408.jpg,140,26,car plate,532,583,672,609
1#26BJ206#07062020#114554.jpg,141,27,car plate,578,628,719,655
1#26BJ434#07062020#161221.jpg,147,27,car plate,643,616,790,643
1#26BJ440#07062020#144201.jpg,115,25,car plate,506,511,621,536
1#26BJ620#08062020#133016.jpg,156,25,car plate,630,578,786,603
1#26BJ926#08062020#193438.jpg,158,26,car plate,386,601,544,627
1#26BK097#07062020#133157.jpg,135,27,car plate,551,616,686,643
1#26BK155#08062020#055405.jpg,140,27,car plate,603,611,743,638
1#26BK155#08062020#133203.jpg,151,25,car plate,674,575,825,600
1#26BK360#07062020#144850.jpg,137,28,car plate,638,578,775,606
1#26BK525#08062020#024132.jpg,118,25,car plate,547,538,665,563
1#26BK525#08062020#061522.jpg,125,26,car plate,591,606,716,632
1#26BK525#08062020#075833.jpg,131,26,car plate,546,537,677,563
1#26BK525#08062020#135618.jpg,149,25,car plate,670,525,819,550
1#26BK579#07062020#175845.jpg,135,25,car plate,411,618,546,643
1#26BK703#07062020#133340.jpg,141,27,car plate,494,610,635,637
1#26BK715#07062020#230825.jpg,166,29,car plate,991,623,1157,652
1#26BL142#07062020#151431.jpg,134,26,car plate,552,588,686,614
1#26BL218#07062020#195658.jpg,134,23,car plate,192,627,326,650
1#26BL313#07062020#154011.jpg,136,28,car plate,587,583,723,611
1#26BL648#08062020#040906.jpg,142,27,car plate,611,615,753,642
1#26BM657#07062020#031609.jpg,109,24,car plate,481,599,590,623
1#26BM657#07062020#123050.jpg,141,27,car plate,510,623,651,650
1#26BM751#08062020#060349.jpg,143,29,car plate,496,591,639,620
1#26BM930#07062020#161134.jpg,142,26,car plate,476,607,618,633
1#26BN019#07062020#153232.jpg,145,29,car plate,605,583,750,612
1#26BN746#08062020#111536.jpg,70,23,car plate,449,603,519,626
1#26BN889#08062020#204407.jpg,158,29,car plate,687,621,845,650
1#26BP018#08062020#134858.jpg,152,27,car plate,229,591,381,618
1#26BP412#08062020#202729.jpg,157,26,car plate,453,592,610,618
1#26BP863#07062020#112357.jpg,121,25,car plate,882,622,1003,647
1#26BP923#08062020#152311.jpg,157,25,car plate,784,572,941,597
1#26BR468#08062020#141829.jpg,151,26,car plate,770,562,921,588
1#26BR544#07062020#151209.jpg,142,26,car plate,622,628,764,654
1#26BR564#08062020#134553.jpg,152,27,car plate,709,623,861,650
1#26BR583#08062020#201659.jpg,157,25,car plate,41,599,198,624
1#26BR690#08062020#202145.jpg,160,28,car plate,407,630,567,658
1#26BS010#07062020#141337.jpg,48,24,car plate,613,606,661,630
1#26BS165#08062020#150441.jpg,162,26,car plate,544,648,706,674
1#26BS262#08062020#204355.jpg,156,25,car plate,394,620,550,645
1#26BS515#08062020#150340.jpg,142,25,car plate,860,472,1002,497
1#26BS517#08062020#145939.jpg,157,28,car plate,619,620,776,648
1#26BT056#07062020#173831.jpg,129,24,car plate,735,569,864,593
1#26BT094#08062020#015715.jpg,135,24,car plate,555,557,690,581
1#26BT094#08062020#071416.jpg,143,25,car plate,557,606,700,631
1#26BT094#08062020#143416.jpg,150,27,car plate,723,522,873,549
1#26BT124#07062020#123725.jpg,141,26,car plate,622,618,763,644
1#26BT245#08062020#015245.jpg,49,23,car plate,633,616,682,639
1#26BT245#08062020#070945.jpg,136,27,car plate,543,582,679,609
1#26BT245#08062020#204136.jpg,157,26,car plate,630,614,787,640
1#26BU052#07062020#125923.jpg,142,25,car plate,680,610,822,635
1#26BU398#08062020#154130.jpg,152,25,car plate,700,559,852,584
1#26BU815#08062020#033402.jpg,136,26,car plate,531,575,667,601
1#26BU823#08062020#055749.jpg,136,26,car plate,380,594,516,620
1#26BU914#08062020#023041.jpg,134,25,car plate,807,580,941,605
1#26BU914#08062020#074741.jpg,140,25,car plate,817,617,957,642
1#26BU938#08062020#044859.jpg,140,27,car plate,428,612,568,639
1#26BU938#08062020#154146.jpg,153,25,car plate,634,584,787,609
1#26BV149#07062020#115602.jpg,103,24,car plate,1075,585,1178,609
1#26BV522#08062020#020340.jpg,141,28,car plate,448,611,589,639
1#26BV522#08062020#072040.jpg,141,28,car plate,448,611,589,639
1#26BV563#03062020#011221 .jpg,152,25,car plate,543,505,695,530
1#26BV616#08062020#201331.jpg,136,29,car plate,738,646,874,675
1#26BV672#08062020#193706.jpg,151,25,car plate,520,572,671,597
1#26BY105#07062020#123118.jpg,47,24,car plate,794,609,841,633
1#26BY119#08062020#202945.jpg,156,26,car plate,477,597,633,623
1#26BY650#08062020#035644.jpg,141,25,car plate,591,619,732,644
1#26BY881#07062020#135400.jpg,134,26,car plate,525,578,659,604
1#26BY886#07062020#154211.jpg,141,25,car plate,1041,624,1182,649
1#26BZ016#08062020#130857.jpg,146,25,car plate,725,509,871,534
1#26BZ370#08062020#201328.jpg,150,25,car plate,481,542,631,567
1#26BZ710#07062020#151506.jpg,141,26,car plate,583,622,724,648
1#26BZ836#08062020#192926.jpg,157,26,car plate,657,661,814,687
1#26C3272#07062020#141508.jpg,136,26,car plate,535,491,671,517
1#26D0017#08062020#133907.jpg,156,26,car plate,460,606,616,632
1#26DA661#08062020#133216.jpg,153,26,car plate,785,608,938,634
1#26DA722#07062020#114420.jpg,141,28,car plate,559,621,700,649
1#26DA722#07062020#142449.jpg,140,28,car plate,571,614,711,642
1#26DA911#08062020#200944.jpg,147,26,car plate,666,542,813,568
1#26DB225#08062020#134745.jpg,162,27,car plate,447,621,609,648
1#26DB532#08062020#132815.jpg,148,24,car plate,594,576,742,600
1#26DB650#07062020#155803.jpg,140,28,car plate,444,595,584,623
1#26DB742#08062020#195931.jpg,156,28,car plate,884,614,1040,642
1#26DB977#07062020#114717.jpg,137,25,car plate,565,590,702,615
1#26DC121#08062020#192148.jpg,151,25,car plate,606,582,757,607
1#26DD517#08062020#130930.jpg,150,25,car plate,654,533,804,558
1#26DD623#08062020#113428.jpg,95,25,car plate,0,610,95,635
1#26DD623#08062020#142720.jpg,156,33,car plate,1057,583,1213,616
1#26DD909#08062020#040313.jpg,140,25,car plate,818,612,958,637
1#26DE259#08062020#141315.jpg,152,24,car plate,429,583,581,607
1#26DG430#08062020#201741.jpg,144,24,car plate,492,493,636,517
1#26DG680#08062020#013717.jpg,142,27,car plate,638,566,780,593
1#26DG680#08062020#065418.jpg,144,26,car plate,645,607,789,633
1#26DG680#08062020#113750.jpg,140,24,car plate,837,614,977,638
1#26DG946#07062020#144248.jpg,140,26,car plate,591,574,731,600
1#26DG981#08062020#192833.jpg,142,26,car plate,821,501,963,527
1#26DH318#07062020#154813.jpg,58,24,car plate,676,584,734,608
1#26DH668#08062020#205602.jpg,153,25,car plate,449,551,602,576
1#26DH835#08062020#191509.jpg,149,27,car plate,746,563,895,590
1#26DJ246#08062020#195442.jpg,157,26,car plate,503,592,660,618
1#26DJ330#08062020#193419.jpg,152,27,car plate,656,646,808,673
1#26DL108#08062020#191825.jpg,153,25,car plate,501,559,654,584
1#26DL171#08062020#060213.jpg,140,29,car plate,583,626,723,655
1#26DL171#08062020#153302.jpg,153,25,car plate,716,593,869,618
1#26DL404#08062020#030420.jpg,148,28,car plate,522,617,670,645
1#26DL404#08062020#151919.jpg,161,25,car plate,510,573,671,598
1#26DM156#07062020#151448.jpg,134,27,car plate,630,592,764,619
1#26DM217#07062020#120555.jpg,142,27,car plate,825,604,967,631
1#26DM217#07062020#120811.jpg,143,27,car plate,824,604,967,631
1#26DM246#08062020#143338.jpg,152,26,car plate,755,559,907,585
1#26DM343#08062020#075400.jpg,141,27,car plate,606,620,747,647
1#26DM520#08062020#210429.jpg,156,27,car plate,762,619,918,646
1#26DM792#07062020#123106.jpg,137,32,car plate,458,579,595,611
1#26DP884#07062020#130459.jpg,141,28,car plate,673,630,814,658
1#26DR222#08062020#193019.jpg,143,35,car plate,553,559,696,594
1#26DR792#08062020#193055.jpg,153,27,car plate,552,587,705,614
1#26DS214#07062020#124356.jpg,48,23,car plate,809,565,857,588
1#26DS580#08062020#153716.jpg,158,27,car plate,693,637,851,664
1#26DS851#07062020#152000.jpg,134,26,car plate,716,590,850,616
1#26DT459#08062020#130613.jpg,147,25,car plate,582,512,729,537
1#26DU622#08062020#052254.jpg,136,27,car plate,599,603,735,630
1#26DU832#07062020#130604.jpg,136,27,car plate,519,586,655,613
1#26DV375#08062020#134532.jpg,157,26,car plate,646,606,803,632
1#26DV433#08062020#202011.jpg,149,27,car plate,609,586,758,613
1#26DV882#08062020#141515.jpg,150,24,car plate,785,573,935,597
1#26DV882#08062020#205241.jpg,158,25,car plate,530,635,688,660
1#26DY322#08062020#205716.jpg,156,26,car plate,410,618,566,644
1#26DZ009#08062020#045144.jpg,135,24,car plate,998,581,1133,605
1#26DZ225#08062020#192307.jpg,159,24,car plate,584,642,743,666
1#26DZ761#08062020#133659.jpg,130,26,car plate,825,539,955,565
1#26E0094#08062020#192321.jpg,162,26,car plate,867,664,1029,690
1#26E0160#07062020#151113.jpg,141,26,car plate,768,628,909,654
1#26E0622#07062020#140118.jpg,141,24,car plate,623,616,764,640
1#26E0622#08062020#060715.jpg,141,26,car plate,573,613,714,639
1#26E0622#08062020#154007.jpg,159,27,car plate,306,628,465,655
1#26E0858#07062020#113504.jpg,136,26,car plate,476,584,612,610
1#26E0863#07062020#115115.jpg,143,27,car plate,595,596,738,623
1#26E14021#07062020#150146.jpg,85,24,car plate,570,570,655,594
1#26E1905#08062020#053408.jpg,136,27,car plate,641,607,777,634
1#26E2033#07062020#161310.jpg,141,27,car plate,676,608,817,635
1#26E2055#07062020#143311.jpg,121,27,car plate,539,616,660,643
1#26E2068#08062020#152819.jpg,149,25,car plate,648,555,797,580
1#26E2249#08062020#013740.jpg,109,24,car plate,761,605,870,629
1#26E2249#08062020#065441.jpg,109,25,car plate,761,605,870,630
1#26E2252#07062020#144219.jpg,135,27,car plate,477,608,612,635
1#26E2623#08062020#015813.jpg,124,27,car plate,612,622,736,649
1#26E2623#08062020#044727.jpg,61,24,car plate,536,583,597,607
1#26E2623#08062020#061806.jpg,134,27,car plate,545,599,679,626
1#26E2623#08062020#071514.jpg,119,26,car plate,607,592,726,618
1#26E2623#08062020#152800.jpg,156,26,car plate,591,622,747,648
1#26E2817#08062020#031358.jpg,137,26,car plate,556,607,693,633
1#26E3044#08062020#205314.jpg,157,26,car plate,543,590,700,616
1#26E3550#08062020#142859.jpg,158,25,car plate,868,601,1026,626
1#26E3690#08062020#031412.jpg,63,20,car plate,582,584,645,604
1#26E3887#08062020#151459.jpg,151,27,car plate,591,551,742,578
1#26E3887#08062020#151755.jpg,151,27,car plate,591,551,742,578
1#26E3906#08062020#143009.jpg,150,26,car plate,871,551,1021,577
1#26E3994#08062020#045141.jpg,132,26,car plate,657,544,789,570
1#26E3994#08062020#131002.jpg,156,26,car plate,548,600,704,626
1#26E4121#08062020#143351.jpg,158,25,car plate,606,610,764,635
1#26E4215#07062020#151836.jpg,135,25,car plate,595,584,730,609
1#26E4763#07062020#032243.jpg,100,24,car plate,372,583,472,607
1#26E4794#08062020#150818.jpg,158,27,car plate,589,605,747,632
1#26E5368#08062020#055702.jpg,141,27,car plate,526,606,667,633
1#26E5368#08062020#131046.jpg,159,27,car plate,409,610,568,637
1#26E5530#08062020#202133.jpg,149,26,car plate,584,554,733,580
1#26E5680#07062020#123400.jpg,140,27,car plate,483,593,623,620
1#26E5680#08062020#032518.jpg,140,26,car plate,704,594,844,620
1#26E5680#08062020#151305.jpg,153,26,car plate,589,558,742,584
1#26E5735#08062020#144738.jpg,159,27,car plate,669,626,828,653
1#26E6408#07062020#142552.jpg,140,26,car plate,587,611,727,637
1#26E6852#08062020#191636.jpg,153,24,car plate,620,598,773,622
1#26E7258#07062020#150104.jpg,140,28,car plate,492,593,632,621
1#26E7370#08062020#205027.jpg,160,26,car plate,485,612,645,638
1#26E7665#08062020#210431.jpg,159,27,car plate,449,628,608,655
1#26E7940#07062020#134222.jpg,142,26,car plate,677,623,819,649
1#26E8122#08062020#145809.jpg,156,26,car plate,577,579,733,605
1#26E8126#08062020#194147.jpg,159,25,car plate,667,620,826,645
1#26E8178#08062020#055239.jpg,136,24,car plate,710,570,846,594
1#26E8885#08062020#024609.jpg,137,25,car plate,953,583,1090,608
1#26E9227#08062020#195243.jpg,160,29,car plate,838,637,998,666
1#26E9460#08062020#050349.jpg,142,27,car plate,657,610,799,637
1#26E9460#08062020#131146.jpg,152,26,car plate,553,544,705,570
1#26E9460#08062020#203207.jpg,160,27,car plate,613,624,773,651
1#26E9536#08062020#193746.jpg,157,24,car plate,598,600,755,624
1#26E9739#07062020#122919.jpg,62,23,car plate,513,607,575,630
1#26E9850#07062020#134305.jpg,140,25,car plate,741,597,881,622
1#26EA558#08062020#151151.jpg,157,25,car plate,653,630,810,655
1#26EA737#08062020#154137.jpg,153,24,car plate,674,579,827,603
1#26EB258#08062020#140748.jpg,153,26,car plate,733,577,886,603
1#26EB499#07062020#155451.jpg,124,26,car plate,596,612,720,638
1#26EB737#08062020#143208.jpg,159,28,car plate,723,611,882,639
1#26EB889#08062020#055612.jpg,76,24,car plate,624,614,700,638
1#26EC020#08062020#142950.jpg,148,29,car plate,1053,572,1201,601
1#26EC437#07062020#123102.jpg,137,27,car plate,515,601,652,628
1#26EC894#07062020#181346.jpg,104,23,car plate,844,576,948,599
1#26ED150#08062020#041943.jpg,103,26,car plate,362,575,465,601
1#26ED550#08062020#153321.jpg,160,28,car plate,623,660,783,688
1#26ED912#08062020#043755.jpg,71,24,car plate,745,545,816,569
1#26EE170#08062020#055321.jpg,142,26,car plate,565,622,707,648
1#26EE622#08062020#015937.jpg,136,26,car plate,638,587,774,613
1#26EE622#08062020#071638.jpg,136,26,car plate,638,587,774,613
1#26EE825#07062020#155204.jpg,137,27,car plate,585,597,722,624
1#26EF144#08062020#131224.jpg,146,26,car plate,469,512,615,538
1#26EF655#08062020#193146.jpg,156,25,car plate,340,597,496,622
1#26EG026#07062020#154233.jpg,132,25,car plate,781,561,913,586
1#26EG125#07062020#145107.jpg,133,26,car plate,628,547,761,573
1#26EG234#08062020#154200.jpg,146,25,car plate,776,536,922,561
1#26EG277#08062020#194104.jpg,161,27,car plate,644,647,805,674
1#26EH050#08062020#044948.jpg,140,25,car plate,615,619,755,644
1#26EH050#08062020#141146.jpg,156,26,car plate,480,611,636,637
1#26EJ101#07062020#113009.jpg,133,26,car plate,841,595,974,621
1#26EJ339#07062020#134420.jpg,140,27,car plate,688,592,828,619
1#26EJ418#08062020#153214.jpg,153,26,car plate,564,597,717,623
1#26EJ713#08062020#153210.jpg,151,26,car plate,553,549,704,575
1#26EJ879#07062020#225944.jpg,153,24,car plate,32,575,185,599
1#26EK050#08062020#192928.jpg,156,26,car plate,681,628,837,654
1#26EK342#08062020#193814.jpg,153,25,car plate,588,602,741,627
1#26EK661#08062020#145017.jpg,157,27,car plate,586,628,743,655
1#26EK919#08062020#205357.jpg,159,27,car plate,436,647,595,674
1#26EL417#07062020#115429.jpg,137,27,car plate,676,615,813,642
1#26EL423#07062020#130054.jpg,135,26,car plate,586,570,721,596
1#26EL750#07062020#150934.jpg,137,28,car plate,419,618,556,646
1#26EM079#08062020#023542.jpg,143,26,car plate,679,614,822,640
1#26EM079#08062020#075242.jpg,143,26,car plate,679,614,822,640
1#26EM079#08062020#141438.jpg,147,27,car plate,872,532,1019,559
1#26EM079#08062020#153951.jpg,161,28,car plate,937,646,1098,674
1#26EM143#07062020#131840.jpg,119,26,car plate,551,559,670,585
1#26EM570#08062020#051853.jpg,118,27,car plate,508,587,626,614
1#26EM570#08062020#130606.jpg,156,26,car plate,520,592,676,618
1#26EM701#07062020#140711.jpg,133,27,car plate,562,588,695,615
1#26EM701#07062020#184503.jpg,85,24,car plate,554,599,639,623
1#26EM701#08062020#052435.jpg,134,27,car plate,581,607,715,634
1#26EM727#07062020#192246.jpg,98,25,car plate,61,566,159,591
1#26EM776#08062020#134245.jpg,151,26,car plate,448,578,599,604
1#26EM784#08062020#051358.jpg,140,27,car plate,525,607,665,634
1#26EM974#08062020#203418.jpg,149,25,car plate,605,572,754,597
1#26EN422#08062020#143604.jpg,149,23,car plate,398,544,547,567
1#26EP937#08062020#070328.jpg,75,24,car plate,535,607,610,631
1#26ER012#08062020#143129.jpg,152,24,car plate,831,597,983,621
1#26ES467#08062020#040151.jpg,137,24,car plate,584,607,721,631
1#26ES658#08062020#201513.jpg,158,26,car plate,610,624,768,650
1#26ES662#08062020#023635.jpg,133,26,car plate,605,569,738,595
1#26ES662#08062020#075335.jpg,136,26,car plate,611,600,747,626
1#26ES703#07062020#153709.jpg,124,25,car plate,605,610,729,635
1#26ES776#08062020#153024.jpg,158,29,car plate,921,615,1079,644
1#26ET305#08062020#210421.jpg,157,26,car plate,431,614,588,640
1#26ET451#08062020#152256.jpg,151,25,car plate,711,585,862,610
1#26EU671#08062020#013640.jpg,134,26,car plate,869,573,1003,599
1#26EU671#08062020#065341.jpg,136,26,car plate,879,609,1015,635
1#26EU883#08062020#152138.jpg,161,26,car plate,686,634,847,660
1#26EZ314#08062020#204930.jpg,148,26,car plate,410,523,558,549
1#26FA752#08062020#210154.jpg,160,25,car plate,550,643,710,668
1#26FA886#08062020#142656.jpg,151,24,car plate,506,548,657,572
1#26FA930#08062020#041821.jpg,135,24,car plate,471,615,606,639
1#26FB048#08062020#040738.jpg,140,25,car plate,619,603,759,628
1#26FB795#08062020#131745.jpg,160,26,car plate,224,631,384,657
1#26FC166#07062020#122551.jpg,142,27,car plate,642,564,784,591
1#26FC398#03062020#011413 .jpg,159,28,car plate,382,536,541,564
1#26FC398#07062020#141722.jpg,147,29,car plate,526,609,673,638
1#26FC439#07062020#162154.jpg,120,25,car plate,830,567,950,592
1#26FC545#08062020#020004.jpg,147,28,car plate,634,600,781,628
1#26FC545#08062020#045728.jpg,146,27,car plate,657,604,803,631
1#26FC545#08062020#071705.jpg,125,27,car plate,629,565,754,592
1#26FC545#08062020#153719.jpg,160,26,car plate,479,538,639,564
1#26FC659#07062020#122152.jpg,144,27,car plate,569,623,713,650
1#26FC659#08062020#045729.jpg,145,27,car plate,622,627,767,654
1#26FC659#08062020#131137.jpg,162,28,car plate,508,604,670,632
1#26FC691#07062020#155107.jpg,172,36,car plate,709,607,881,643
1#26FC768#08062020#052914.jpg,124,24,car plate,392,592,516,616
1#26FC818#08062020#053754.jpg,134,27,car plate,523,477,657,504
1#26FC946#08062020#203925.jpg,148,25,car plate,600,548,748,573
1#26FC979#07062020#144225.jpg,118,25,car plate,611,573,729,598
1#26FD112#07062020#125557.jpg,135,26,car plate,521,565,656,591
1#26FD747#07062020#153034.jpg,135,28,car plate,637,597,772,625
1#26FD925#07062020#113137.jpg,137,26,car plate,564,603,701,629
1#26FE353#07062020#153555.jpg,136,27,car plate,564,604,700,631
1#26FF013#08062020#055738.jpg,137,25,car plate,599,606,736,631
1#26FF013#08062020#150639.jpg,158,28,car plate,695,626,853,654
1#26FF740#07062020#143624.jpg,136,28,car plate,589,594,725,622
1#26FF860#08062020#152038.jpg,161,26,car plate,791,651,952,677
1#26FF894#07062020#160505.jpg,141,24,car plate,895,612,1036,636
1#26FF974#08062020#195634.jpg,147,25,car plate,616,539,763,564
1#26FH805#08062020#202445.jpg,157,27,car plate,588,603,745,630
1#26FJ151#07062020#212930.jpg,118,25,car plate,654,608,772,633
1#26FJ181#07062020#230024.jpg,148,28,car plate,992,526,1140,554
1#26FJ627#08062020#135343.jpg,152,25,car plate,485,571,637,596
1#26FJ771#08062020#060303.jpg,136,27,car plate,494,617,630,644
1#26FL089#08062020#192001.jpg,158,27,car plate,639,613,797,640
1#26FL428#08062020#195425.jpg,153,26,car plate,587,607,740,633
1#26FL760#08062020#200123.jpg,156,26,car plate,390,652,546,678
1#26FL823#07062020#154149.jpg,126,27,car plate,661,626,787,653
1#26FL843#08062020#133642.jpg,148,25,car plate,645,551,793,576
1#26FL868#07062020#151844.jpg,134,27,car plate,656,580,790,607
1#26FL920#08062020#060406.jpg,62,24,car plate,434,629,496,653
1#26FL920#08062020#152745.jpg,161,27,car plate,572,635,733,662
1#26FM010#07062020#161829.jpg,145,32,car plate,678,607,823,639
1#26FM051#07062020#141518.jpg,133,26,car plate,519,577,652,603
1#26FM183#07062020#060057.jpg,117,24,car plate,189,573,306,597
1#26FM214#08062020#153001.jpg,145,28,car plate,1057,491,1202,519
1#26FM377#07062020#152034.jpg,136,27,car plate,556,560,692,587
1#26FM503#08062020#203230.jpg,157,26,car plate,561,633,718,659
1#26FP668#07062020#115900.jpg,120,27,car plate,487,569,607,596
1#26FP846#08062020#201600.jpg,150,25,car plate,906,568,1056,593
1#26FR989#07062020#142553.jpg,135,25,car plate,656,583,791,608
1#26FS046#07062020#153339.jpg,136,28,car plate,585,595,721,623
1#26FS115#07062020#050905.jpg,134,24,car plate,308,599,442,623
1#26FS241#08062020#202515.jpg,156,26,car plate,573,633,729,659
1#26FS820#07062020#135057.jpg,140,27,car plate,634,610,774,637
1#26FU376#08062020#152558.jpg,158,26,car plate,375,597,533,623
1#26FU987#08062020#204809.jpg,153,25,car plate,802,588,955,613
1#26FV715#08062020#131059.jpg,148,25,car plate,596,564,744,589
1#26FZ498#08062020#012153.jpg,113,29,car plate,410,604,523,633
1#26FZ498#08062020#063853.jpg,113,29,car plate,410,604,523,633
1#26GA210#07062020#160821.jpg,134,27,car plate,482,570,616,597
1#26GA210#08062020#191652.jpg,156,26,car plate,563,613,719,639
1#26GA432#07062020#160705.jpg,49,23,car plate,511,604,560,627
1#26GA673#07062020#145252.jpg,136,27,car plate,530,610,666,637
1#26GA877#08062020#014505.jpg,148,27,car plate,736,625,884,652
1#26GA877#08062020#024256.jpg,146,27,car plate,711,612,857,639
1#26GA877#08062020#070206.jpg,149,28,car plate,735,625,884,653
1#26GA877#08062020#145554.jpg,163,28,car plate,617,595,780,623
1#26GA878#07062020#121603.jpg,146,29,car plate,520,618,666,647
1#26GA878#07062020#152601.jpg,143,28,car plate,506,579,649,607
1#26GA878#08062020#013758.jpg,146,28,car plate,674,617,820,645
1#26GA878#08062020#024244.jpg,143,28,car plate,633,592,776,620
1#26GA878#08062020#065458.jpg,146,28,car plate,674,617,820,645
1#26GA878#08062020#134947.jpg,164,27,car plate,608,622,772,649
1#26GA878#08062020#145038.jpg,161,27,car plate,561,587,722,614
1#26GB319#08062020#131737.jpg,156,25,car plate,419,606,575,631
1#26GB452#08062020#131336.jpg,158,27,car plate,752,598,910,625
1#26GB492#08062020#052821.jpg,135,27,car plate,421,589,556,616
1#26GB902#08062020#032155.jpg,134,26,car plate,591,552,725,578
1#26GC059#07062020#135538.jpg,120,26,car plate,639,612,759,638
1#26GC201#08062020#052634.jpg,140,27,car plate,697,617,837,644
1#26GC201#08062020#142411.jpg,148,26,car plate,693,527,841,553
1#26GC252#08062020#205947.jpg,158,26,car plate,357,630,515,656
1#26GD459#07062020#121719.jpg,142,28,car plate,542,582,684,610
1#26GD847#08062020#151942.jpg,143,27,car plate,886,519,1029,546
1#26GE131#07062020#152659.jpg,136,27,car plate,517,627,653,654
1#26GE575#08062020#152041.jpg,152,26,car plate,666,538,818,564
1#26GE575#08062020#200904.jpg,162,27,car plate,524,622,686,649
1#26GE646#08062020#060849.jpg,119,26,car plate,378,570,497,596
1#26GE646#08062020#141503.jpg,118,26,car plate,1076,407,1194,433
1#26GF210#08062020#144654.jpg,147,24,car plate,530,540,677,564
1#26GF281#08062020#194232.jpg,158,26,car plate,515,634,673,660
1#26GF351#08062020#045446.jpg,133,26,car plate,525,582,658,608
1#26GF351#08062020#153617.jpg,149,25,car plate,523,566,672,591
1#26GF852#07062020#144222.jpg,49,24,car plate,550,617,599,641
1#26GG406#08062020#193407.jpg,156,25,car plate,629,591,785,616
1#26GG642#07062020#030609.jpg,131,23,car plate,161,590,292,613
1#26GG696#08062020#195755.jpg,149,25,car plate,611,558,760,583
1#26GG838#08062020#052831.jpg,119,25,car plate,612,587,731,612
1#26GG877#08062020#193933.jpg,153,26,car plate,734,597,887,623
1#26GG897#08062020#201750.jpg,152,24,car plate,374,572,526,596
1#26GG982#08062020#191809.jpg,159,25,car plate,610,671,769,696
1#26GH068#08062020#143804.jpg,157,27,car plate,736,606,893,633
1#26GH131#08062020#025829.jpg,135,26,car plate,631,592,766,618
1#26GH131#08062020#132100.jpg,157,28,car plate,631,634,788,662
1#26GH354#08062020#203842.jpg,153,27,car plate,501,623,654,650
1#26GH385#08062020#041652.jpg,141,26,car plate,617,599,758,625
1#26GH385#08062020#150710.jpg,157,26,car plate,713,606,870,632
1#26GH470#07062020#161304.jpg,140,25,car plate,517,623,657,648
1#26GH736#07062020#160104.jpg,140,26,car plate,563,613,703,639
1#26GH994#08062020#203153.jpg,153,25,car plate,545,605,698,630
1#26GJ106#08062020#025048.jpg,137,27,car plate,416,618,553,645
1#26GJ180#08062020#011254.jpg,142,32,car plate,741,568,883,600
1#26GJ180#08062020#072701.jpg,143,33,car plate,511,589,654,622
1#26GJ180#08062020#142020.jpg,159,27,car plate,484,570,643,597
1#26GJ180#08062020#152211.jpg,165,29,car plate,544,621,709,650
1#26GJ316#08062020#203321.jpg,159,26,car plate,264,634,423,660
1#26GJ594#08062020#034527.jpg,137,27,car plate,696,586,833,613
1#26GJ735#07062020#170206.jpg,132,24,car plate,2,612,134,636
1#26GJ735#07062020#214905.jpg,132,25,car plate,2,612,134,637
1#26GJ735#07062020#230534.jpg,161,29,car plate,636,611,797,640
1#26GJ763#08062020#203749.jpg,146,24,car plate,402,525,548,549
1#26GK292#08062020#152019.jpg,156,25,car plate,468,605,624,630
1#26GL070#08062020#051654.jpg,111,27,car plate,410,621,521,648
1#26GL211#07062020#162407.jpg,137,26,car plate,841,614,978,640
1#26GL402#08062020#031740.jpg,144,27,car plate,490,587,634,614
1#26GL402#08062020#153711.jpg,172,26,car plate,380,660,552,686
1#26GL498#08062020#195130.jpg,156,26,car plate,803,606,959,632
1#26GL504#08062020#042019.jpg,136,25,car plate,708,582,844,607
1#26GL653#08062020#144919.jpg,151,28,car plate,964,577,1115,605
1#26GL689#08062020#043422.jpg,125,27,car plate,515,597,640,624
1#26GL689#08062020#143319.jpg,156,25,car plate,829,613,985,638
1#26GL761#07062020#143040.jpg,137,27,car plate,512,618,649,645
1#26GM032#08062020#194023.jpg,156,26,car plate,482,610,638,636
1#26GM133#07062020#143110.jpg,140,26,car plate,590,622,730,648
1#26GN055#08062020#144948.jpg,160,27,car plate,785,661,945,688
1#26GN610#07062020#161433.jpg,135,25,car plate,715,558,850,583
1#26GN610#08062020#012402.jpg,119,27,car plate,545,567,664,594
1#26GN610#08062020#064103.jpg,140,27,car plate,549,602,689,629
1#26GN785#08062020#213152.jpg,140,24,car plate,578,638,718,662
1#26GN910#08062020#045742.jpg,126,26,car plate,752,596,878,622
1#26GN910#08062020#152201.jpg,158,28,car plate,810,608,968,636
1#26GN943#07062020#132051.jpg,141,26,car plate,738,610,879,636
1#26GP637#08062020#044941.jpg,137,26,car plate,622,620,759,646
1#26GP637#08062020#150405.jpg,161,27,car plate,518,654,679,681
1#26GP954#08062020#202013.jpg,159,27,car plate,635,652,794,679
1#26GP983#07062020#025656.jpg,134,25,car plate,626,619,760,644
1#26GR117#08062020#192219.jpg,160,26,car plate,465,643,625,669
1#26GR712#08062020#193840.jpg,149,26,car plate,555,548,704,574
1#26GR852#08062020#050347.jpg,140,27,car plate,638,599,778,626
1#26GR852#08062020#153412.jpg,161,28,car plate,628,649,789,677
1#26GR882#07062020#161401.jpg,141,26,car plate,458,612,599,638
1#26GR932#07062020#145658.jpg,140,27,car plate,580,595,720,622
1#26GS006#08062020#132727.jpg,153,26,car plate,651,595,804,621
1#26GS023#08062020#131451.jpg,159,28,car plate,467,633,626,661
1#26HC450#08062020#024104.jpg,47,20,car plate,586,567,633,587
1#26HC450#08062020#075804.jpg,47,20,car plate,586,567,633,587
1#26HH583#08062020#142129.jpg,145,25,car plate,596,596,741,621
1#26HH725#08062020#034035.jpg,135,28,car plate,445,573,580,601
1#26HH725#08062020#131124.jpg,156,27,car plate,596,593,752,620
1#26HK474#08062020#120350.jpg,134,24,car plate,314,633,448,657
1#26HK613#08062020#055238.jpg,127,25,car plate,506,622,633,647
1#26HK940#08062020#194633.jpg,160,26,car plate,531,659,691,685
1#26HN045#08062020#193924.jpg,146,26,car plate,485,604,631,630
1#26HN070#08062020#054741.jpg,135,26,car plate,442,588,577,614
1#26HP229#08062020#152539.jpg,156,28,car plate,517,645,673,673
1#26HP326#08062020#061622.jpg,77,25,car plate,640,621,717,646
1#26HR790#08062020#054120.jpg,135,26,car plate,602,589,737,615
1#26HR790#08062020#131134.jpg,153,26,car plate,771,606,924,632
1#26JAA03#08062020#022815.jpg,136,27,car plate,603,590,739,617
1#26JAA131#08062020#053602.jpg,143,28,car plate,627,606,770,634
1#26JAA16#07062020#142538.jpg,132,25,car plate,665,571,797,596
1#26KA004#08062020#050310.jpg,132,26,car plate,554,573,686,599
1#26KA004#08062020#151500.jpg,151,26,car plate,667,590,818,616
1#26KA004#08062020#151756.jpg,151,26,car plate,667,590,818,616
1#26KA264#08062020#151301.jpg,160,26,car plate,543,663,703,689
1#26KA978#08062020#205725.jpg,157,25,car plate,558,658,715,683
1#26KC267#08062020#055837.jpg,137,28,car plate,538,623,675,651
1#26KC535#08062020#194716.jpg,159,25,car plate,145,654,304,679
1#26KC760#07062020#115438.jpg,142,27,car plate,593,597,735,624
1#26KD178#07062020#142336.jpg,121,27,car plate,621,592,742,619
1#26KD453#07062020#152450.jpg,142,26,car plate,585,600,727,626
1#26KD838#08062020#141308.jpg,153,23,car plate,468,549,621,572
1#26KH117#07062020#130215.jpg,120,26,car plate,529,605,649,631
1#26KH878#07062020#150724.jpg,144,27,car plate,600,616,744,643
1#26KH878#07062020#160003.jpg,144,27,car plate,639,606,783,633
1#26KK529#08062020#140040.jpg,147,25,car plate,596,570,743,595
1#26KK537#08062020#031941.jpg,137,27,car plate,534,621,671,648
1#26KK703#08062020#131624.jpg,152,26,car plate,741,593,893,619
1#26KN476#08062020#133916.jpg,151,26,car plate,624,583,775,609
1#26KN810#07062020#141658.jpg,135,28,car plate,463,598,598,626
1#26KN910#08062020#131236.jpg,149,25,car plate,676,549,825,574
1#26KP380#07062020#124658.jpg,140,26,car plate,552,621,692,647
1#26KP700#08062020#031748.jpg,108,27,car plate,421,606,529,633
1#26KP809#08062020#153202.jpg,161,26,car plate,709,585,870,611
1#26KP924#07062020#211435.jpg,83,24,car plate,81,628,164,652
1#26KR057#08062020#142312.jpg,157,26,car plate,800,611,957,637
1#26KR313#07062020#135146.jpg,145,27,car plate,515,616,660,643
1#26KS030#08062020#134902.jpg,157,25,car plate,554,586,711,611
1#26KS159#08062020#133857.jpg,147,25,car plate,560,541,707,566
1#26KS369#07062020#125749.jpg,136,28,car plate,690,598,826,626
1#26KS483#07062020#135556.jpg,125,27,car plate,523,613,648,640
1#26KS570#08062020#015719.jpg,141,25,car plate,677,601,818,626
1#26KS570#08062020#071419.jpg,141,25,car plate,677,601,818,626
1#26KT155#07062020#152445.jpg,143,27,car plate,368,620,511,647
1#26KT191#08062020#200658.jpg,148,27,car plate,665,552,813,579
1#26KT385#08062020#133044.jpg,157,26,car plate,385,618,542,644
1#26KT466#08062020#203238.jpg,167,28,car plate,480,620,647,648
1#26KT779#08062020#134705.jpg,148,24,car plate,510,535,658,559
1#26KT945#08062020#201628.jpg,153,25,car plate,553,595,706,620
1#26KU136#08062020#055420.jpg,135,28,car plate,631,586,766,614
1#26KU282#07062020#123809.jpg,136,23,car plate,1065,601,1201,624
1#26KU876#07062020#114946.jpg,137,27,car plate,732,619,869,646
1#26KV397#08062020#153136.jpg,158,25,car plate,561,626,719,651
1#26KY097#07062020#160110.jpg,49,24,car plate,569,583,618,607
1#26KY736#08062020#140122.jpg,157,25,car plate,605,621,762,646
1#26KY927#07062020#024105.jpg,59,24,car plate,577,582,636,606
1#26KZ409#08062020#133604.jpg,158,24,car plate,434,630,592,654
1#26KZ674#08062020#055547.jpg,137,28,car plate,562,613,699,641
1#26LA007#08062020#142931.jpg,149,26,car plate,759,566,908,592
1#26LA074#08062020#032029.jpg,137,27,car plate,418,609,555,636
1#26LA343#08062020#022309.jpg,121,27,car plate,535,592,656,619
1#26LA343#08062020#074010.jpg,121,27,car plate,535,592,656,619
1#26LA530#08062020#145002.jpg,149,25,car plate,560,575,709,600
1#26LA698#08062020#073330.jpg,60,24,car plate,576,601,636,625
1#26LA698#08062020#140759.jpg,152,26,car plate,319,605,471,631
1#26LC080#08062020#135340.jpg,152,24,car plate,605,586,757,610
1#26LC175#08062020#033637.jpg,136,29,car plate,443,587,579,616
1#26LC227#07062020#112721.jpg,137,27,car plate,878,603,1015,630
1#26LC301#07062020#152213.jpg,131,24,car plate,755,554,886,578
1#26LC303#07062020#113809.jpg,107,24,car plate,707,597,814,621
1#26LC394#03062020#011250 .jpg,150,24,car plate,688,568,838,592
1#26LD150#07062020#114840.jpg,107,25,car plate,575,599,682,624
1#26LD553#08062020#022007.jpg,137,29,car plate,444,621,581,650
1#26LD553#08062020#073707.jpg,137,29,car plate,444,621,581,650
1#26LD794#07062020#132418.jpg,134,28,car plate,482,613,616,641
1#26LE226#07062020#113235.jpg,137,26,car plate,618,610,755,636
1#26LE336#07062020#141751.jpg,140,25,car plate,886,617,1026,642
1#26LE356#08062020#015105.jpg,77,24,car plate,967,615,1044,639
1#26LE356#08062020#070805.jpg,77,24,car plate,967,615,1044,639
1#26LE536#07062020#200348.jpg,60,23,car plate,632,624,692,647
1#26LE811#07062020#124128.jpg,132,25,car plate,563,599,695,624
1#26LE863#08062020#035114.jpg,141,27,car plate,597,616,738,643
1#26LF223#07062020#133833.jpg,141,25,car plate,589,613,730,638
1#26LF223#08062020#020512.jpg,136,25,car plate,641,572,777,597
1#26LF223#08062020#072212.jpg,140,25,car plate,648,609,788,634
1#26LF245#07062020#113356.jpg,125,27,car plate,556,596,681,623
1#26LF245#08062020#014351.jpg,137,26,car plate,569,595,706,621
1#26LF245#08062020#070052.jpg,137,26,car plate,569,595,706,621
1#26LF328#08062020#061841.jpg,64,23,car plate,663,590,727,613
1#26LF343#08062020#195404.jpg,153,28,car plate,465,592,618,620
1#26LF441#08062020#060935.jpg,120,26,car plate,567,621,687,647
1#26LF728#08062020#151834.jpg,150,26,car plate,591,567,741,593
1#26LF729#08062020#054504.jpg,140,26,car plate,581,560,721,586
1#26LF760#07062020#230401.jpg,156,26,car plate,551,584,707,610
1#26LF822#07062020#124416.jpg,140,26,car plate,595,588,735,614
1#26LF875#08062020#033212.jpg,134,24,car plate,586,579,720,603
1#26LG014#07062020#063858.jpg,135,25,car plate,582,616,717,641
1#26LG014#07062020#141452.jpg,133,27,car plate,424,553,557,580
1#26LG023#07062020#150437.jpg,125,27,car plate,517,613,642,640
1#26LG023#08062020#134236.jpg,153,26,car plate,702,595,855,621
1#26LG034#07062020#144451.jpg,130,26,car plate,582,553,712,579
1#26LG050#08062020#044610.jpg,137,27,car plate,532,614,669,641
1#26LG061#08062020#032138.jpg,134,28,car plate,463,555,597,583
1#26LG112#08062020#013003.jpg,141,27,car plate,587,610,728,637
1#26LG112#08062020#064704.jpg,141,26,car plate,587,610,728,636
1#26LG145#08062020#132418.jpg,151,27,car plate,595,552,746,579
1#26MA0916#07062020#160720.jpg,136,28,car plate,454,604,590,632
1#26MS042#07062020#203741.jpg,133,32,car plate,43,611,176,643
1#26NA003#07062020#123515.jpg,126,25,car plate,637,621,763,646
1#26NA297#08062020#134321.jpg,153,27,car plate,676,598,829,625
1#26NA612#07062020#113745.jpg,72,23,car plate,799,616,871,639
1#26NA928#07062020#192936.jpg,71,24,car plate,25,631,96,655
1#26NA984#08062020#192156.jpg,152,26,car plate,575,573,727,599
1#26NC169#08062020#132252.jpg,152,26,car plate,419,590,571,616
1#26NC245#08062020#152710.jpg,160,25,car plate,827,653,987,678
1#26NC496#08062020#132348.jpg,150,26,car plate,515,546,665,572
1#26NC616#07062020#114424.jpg,136,28,car plate,566,578,702,606
1#26ND018#08062020#204147.jpg,156,28,car plate,941,608,1097,636
1#26ND131#08062020#131043.jpg,147,26,car plate,574,511,721,537
1#26ND333#07062020#144925.jpg,80,25,car plate,584,616,664,641
1#26ND529#08062020#143400.jpg,156,32,car plate,1000,615,1156,647
1#26NE240#08062020#053759.jpg,121,25,car plate,602,572,723,597
1#26NE240#08062020#145918.jpg,137,25,car plate,598,577,735,602
1#26NE321#08062020#011926.jpg,136,25,car plate,727,617,863,642
1#26NE321#08062020#063626.jpg,136,25,car plate,727,617,863,642
1#26NE321#08062020#151346.jpg,156,29,car plate,1085,652,1241,681
1#26NE321#08062020#151642.jpg,156,29,car plate,1085,652,1241,681
1#26NE415#03062020#012003 .jpg,130,24,car plate,387,486,517,510
1#26NF319#07062020#162637.jpg,141,27,car plate,795,622,936,649
1#26NF348#08062020#014318.jpg,121,25,car plate,581,574,702,599
1#26NF348#08062020#070019.jpg,140,26,car plate,580,594,720,620
1#26NF348#08062020#134006.jpg,158,27,car plate,715,603,873,630
1#26NF662#08062020#050932.jpg,145,27,car plate,675,621,820,648
1#26NF741#07062020#034303.jpg,130,26,car plate,382,584,512,610
1#26NF741#07062020#140514.jpg,134,26,car plate,516,600,650,626
1#26NH40#08062020#150315.jpg,157,26,car plate,396,533,553,559
1#26NH421#07062020#151936.jpg,136,26,car plate,702,608,838,634
1#26NK052#07062020#154715.jpg,140,28,car plate,566,624,706,652
1#26NK587#08062020#191656.jpg,163,27,car plate,617,661,780,688
1#26NK789#08062020#202652.jpg,158,26,car plate,528,617,686,643
1#26NK907#08062020#192016.jpg,157,28,car plate,907,601,1064,629
1#26NL538#08062020#032359.jpg,110,25,car plate,548,588,658,613
1#26NL538#08062020#191544.jpg,161,28,car plate,463,649,624,677
1#26NL538#08062020#202643.jpg,159,27,car plate,813,642,972,669
1#26NL706#08062020#210533.jpg,161,24,car plate,744,651,905,675
1#26NN827#07062020#122515.jpg,137,27,car plate,696,626,833,653
1#26NP137#08062020#133051.jpg,158,27,car plate,513,607,671,634
1#26NP691#08062020#203307.jpg,147,25,car plate,637,569,784,594
1#26NP897#08062020#050452.jpg,137,26,car plate,566,618,703,644
1#26NR609#08062020#030930.jpg,137,29,car plate,465,617,602,646
1#26NR609#08062020#150926.jpg,159,25,car plate,520,648,679,673
1#26NS294#08062020#133011.jpg,159,27,car plate,480,617,639,644
1#26NS928#08062020#133301.jpg,150,25,car plate,534,596,684,621
1#26NT061#08062020#034449.jpg,141,26,car plate,603,597,744,623
1#26NT476#07062020#162159.jpg,143,27,car plate,751,602,894,629
1#26NT590#07062020#132334.jpg,142,27,car plate,585,626,727,653
1#26NT626#07062020#120458.jpg,136,26,car plate,918,606,1054,632
1#26NTI40#08062020#133811.jpg,165,28,car plate,475,605,640,633
1#26NU234#08062020#195242.jpg,150,26,car plate,597,569,747,595
1#26NU633#08062020#131439.jpg,156,25,car plate,780,607,936,632
1#26NU665#08062020#140037.jpg,149,26,car plate,590,566,739,592
1#26NU951#08062020#130534.jpg,157,26,car plate,430,630,587,656
1#26NU951#08062020#153548.jpg,157,26,car plate,430,630,587,656
1#26NV356#07062020#151839.jpg,124,27,car plate,610,601,734,628
1#26NV868#07062020#161248.jpg,107,26,car plate,511,591,618,617
1#26NY505#08062020#191410.jpg,151,26,car plate,830,566,981,592
1#26NY561#08062020#051248.jpg,132,27,car plate,505,564,637,591
1#26NY971#08062020#204035.jpg,157,27,car plate,813,615,970,642
1#26NZ057#08062020#015038.jpg,136,25,car plate,618,570,754,595
1#26NZ057#08062020#070739.jpg,141,26,car plate,624,608,765,634
1#26NZ096#08062020#195026.jpg,149,24,car plate,553,583,702,607
1#26NZ147#07062020#154445.jpg,144,32,car plate,459,597,603,629
1#26NZ955#08062020#050515.jpg,136,28,car plate,592,594,728,622
1#26NZ955#08062020#052318.jpg,132,29,car plate,616,552,748,581
1#26PA734#07062020#115557.jpg,133,23,car plate,719,582,852,605
1#26PA791#07062020#120906.jpg,133,23,car plate,621,605,754,628
1#26PC275#08062020#035501.jpg,136,24,car plate,417,618,553,642
1#26PC474#08062020#152550.jpg,160,25,car plate,643,653,803,678
1#26PC689#07062020#130412.jpg,141,29,car plate,587,628,728,657
1#26PD924#08062020#194155.jpg,151,24,car plate,569,578,720,602
1#26PE158#08062020#200454.jpg,158,25,car plate,391,632,549,657
1#26PE270#07062020#031016.jpg,136,24,car plate,162,615,298,639
1#26PF669#07062020#145843.jpg,103,25,car plate,708,589,811,614
1#26PF690#08062020#200758.jpg,153,28,car plate,736,645,889,673
1#26PF838#08062020#194416.jpg,158,23,car plate,457,624,615,647
1#26PF957#08062020#050342.jpg,137,26,car plate,644,627,781,653
1#26PK077#08062020#195952.jpg,142,24,car plate,623,456,765,480
1#26PL457#07062020#143009.jpg,134,28,car plate,438,579,572,607
1#26PL626#08062020#132723.jpg,152,25,car plate,670,600,822,625
1#26PL888#08062020#202237.jpg,162,26,car plate,607,634,769,660
1#26PN397#05062020#234557.jpg,181,29,car plate,874,517,1055,546
1#26PN397#06062020#030445.jpg,195,29,car plate,733,543,928,572
1#26PN397#06062020#140705.jpg,198,33,car plate,957,588,1155,621
1#26PN460#08062020#141712.jpg,158,26,car plate,722,627,880,653
1#26PP043#07062020#115810.jpg,141,27,car plate,587,614,728,641
1#26PP043#08062020#053006.jpg,140,26,car plate,553,619,693,645
1#26PP208#08062020#192151.jpg,152,27,car plate,557,603,709,630
1#26PP253#08062020#193618.jpg,159,27,car plate,538,631,697,658
1#26PP986#07062020#113643.jpg,134,26,car plate,708,579,842,605
1#26PR753#08062020#210124.jpg,156,26,car plate,791,627,947,653
1#26PS867#08062020#203902.jpg,160,27,car plate,790,650,950,677
1#26PT242#08062020#210219.jpg,158,29,car plate,528,631,686,660
1#26PT252#08062020#142404.jpg,157,26,car plate,565,630,722,656
1#26PT286#07062020#143249.jpg,133,27,car plate,488,586,621,613
1#26PU016#07062020#141048.jpg,141,28,car plate,434,601,575,629
1#26PU210#07062020#162252.jpg,147,26,car plate,918,621,1065,647
1#26PU210#07062020#165450.jpg,145,25,car plate,908,599,1053,624
1#26PU322#07062020#041755.jpg,132,25,car plate,366,579,498,604
1#26PU515#08062020#192011.jpg,152,25,car plate,575,588,727,613
1#26PU749#08062020#140902.jpg,150,25,car plate,781,581,931,606
1#26PV841#08062020#191343.jpg,158,26,car plate,293,659,451,685
1#26PV951#08062020#200404.jpg,157,26,car plate,468,653,625,679
1#26PY103#07062020#141506.jpg,142,27,car plate,540,557,682,584
1#26PY1034#07062020#112624.jpg,147,28,car plate,801,603,948,631
1#26PY322#08062020#194140.jpg,147,24,car plate,752,538,899,562
1#26PY845#08062020#014603.jpg,137,27,car plate,586,614,723,641
1#26PY845#08062020#070303.jpg,134,26,car plate,578,569,712,595
1#26RA047#07062020#162241.jpg,137,27,car plate,584,607,721,634
1#26RA047#07062020#165438.jpg,137,27,car plate,584,607,721,634
1#26RA047#07062020#204135.jpg,134,25,car plate,404,625,538,650
1#26RA450#08062020#192009.jpg,152,27,car plate,552,585,704,612
1#26RA623#07062020#160114.jpg,140,28,car plate,410,620,550,648
1#26RA704#08062020#131215.jpg,151,26,car plate,608,570,759,596
1#26RA754#08062020#194209.jpg,153,25,car plate,454,592,607,617
1#26RA771#07062020#135853.jpg,145,29,car plate,545,617,690,646
1#26RC144#08062020#012355.jpg,145,29,car plate,553,606,698,635
1#26RC144#08062020#024420.jpg,147,32,car plate,495,611,642,643
1#26RC144#08062020#061102.jpg,143,29,car plate,442,567,585,596
1#26RC144#08062020#064056.jpg,142,28,car plate,548,566,690,594
1#26RC144#08062020#150002.jpg,166,27,car plate,391,643,557,670
1#26RC660#08062020#131458.jpg,151,24,car plate,609,548,760,572
1#26RC886#07062020#113727.jpg,50,23,car plate,795,613,845,636
1#26RD274#07062020#151421.jpg,137,26,car plate,700,617,837,643
1#26RD716#08062020#131740.jpg,149,26,car plate,678,569,827,595
1#26RD716#08062020#193831.jpg,150,25,car plate,296,575,446,600
1#26RE040#08062020#045143.jpg,135,27,car plate,667,557,802,584
1#26RE056#08062020#210116.jpg,158,26,car plate,557,639,715,665
1#26RE354#07062020#152311.jpg,136,26,car plate,677,590,813,616
1#26RE354#08062020#055413.jpg,142,27,car plate,612,619,754,646
1#26RE945#08062020#032142.jpg,137,27,car plate,718,582,855,609
1#26RE945#08062020#142908.jpg,156,26,car plate,674,585,830,611
1#26RE998#07062020#053829.jpg,71,25,car plate,127,561,198,586
1#26RF243#08062020#171618.jpg,153,25,car plate,501,581,654,606
1#26RF243#08062020#190934.jpg,153,25,car plate,501,581,654,606
1#26RF328#07062020#120044.jpg,104,25,car plate,545,606,649,631
1#26RF572#08062020#145539.jpg,163,28,car plate,731,641,894,669
1#26RF759#08062020#205725.jpg,146,25,car plate,910,538,1056,563
1#26RH200#08062020#012740.jpg,76,24,car plate,623,617,699,641
1#26RH388#08062020#141504.jpg,153,28,car plate,1045,603,1198,631
1#26RH687#07062020#122056.jpg,136,29,car plate,551,613,687,642
1#26RH719#08062020#144041.jpg,152,25,car plate,785,611,937,636
1#26RH719#08062020#144400.jpg,157,26,car plate,784,646,941,672
1#26RH868#08062020#152709.jpg,149,23,car plate,547,534,696,557
1#26RK541#08062020#194405.jpg,151,26,car plate,429,615,580,641
1#26RK744#07062020#145048.jpg,135,27,car plate,618,602,753,629
1#26RL059#08062020#201009.jpg,121,26,car plate,557,616,678,642
1#26RL148#08062020#193900.jpg,163,25,car plate,615,639,778,664
1#26RL151#08062020#143821.jpg,151,25,car plate,537,594,688,619
1#26RL176#08062020#142346.jpg,156,25,car plate,652,612,808,637
1#26RL332#03062020#011916 .jpg,140,23,car plate,178,592,318,615
1#26RL332#03062020#145100.jpg,142,25,car plate,176,640,318,665
1#26RL742#07062020#135837.jpg,142,27,car plate,621,614,763,641
1#26RN605#08062020#140844.jpg,153,25,car plate,543,611,696,636
1#26RN707#08062020#204426.jpg,151,24,car plate,696,557,847,581
1#26RP184#08062020#061524.jpg,141,27,car plate,642,604,783,631
1#26RP184#08062020#120732.jpg,130,25,car plate,385,539,515,564
1#26RP452#08062020#201828.jpg,152,27,car plate,661,579,813,606
1#26RP626#08062020#201844.jpg,149,25,car plate,537,541,686,566
1#26RP643#08062020#202747.jpg,153,27,car plate,573,602,726,629
1#26RR295#07062020#121404.jpg,142,28,car plate,599,614,741,642
1#26RR490#08062020#200455.jpg,153,25,car plate,811,594,964,619
1#26RR490#08062020#212202.jpg,137,24,car plate,704,658,841,682
1#26RS064#08062020#135000.jpg,157,25,car plate,633,609,790,634
1#26RS359#07062020#141449.jpg,144,25,car plate,449,615,593,640
1#26RS379#08062020#193508.jpg,152,25,car plate,527,572,679,597
1#26RT181#07062020#135453.jpg,119,27,car plate,442,589,561,616
1#26RT295#08062020#133208.jpg,157,25,car plate,555,611,712,636
1#26RT361#08062020#204632.jpg,157,26,car plate,502,638,659,664
1#26RT487#08062020#142902.jpg,156,27,car plate,746,578,902,605
1#26RT499#08062020#193330.jpg,152,26,car plate,656,593,808,619
1#26RT621#08062020#153135.jpg,150,25,car plate,439,566,589,591
1#26RU508#08062020#192416.jpg,157,26,car plate,519,629,676,655
1#26RU539#08062020#150141.jpg,158,24,car plate,392,611,550,635
1#26RV383#08062020#203508.jpg,157,25,car plate,690,619,847,644
1#26RY609#08062020#015310.jpg,145,26,car plate,554,620,699,646
1#26RY609#08062020#031148.jpg,145,26,car plate,496,619,641,645
1#26RY609#08062020#060955.jpg,129,26,car plate,539,595,668,621
1#26RY609#08062020#071010.jpg,113,24,car plate,553,587,666,611
1#26RY609#08062020#140708.jpg,162,27,car plate,504,628,666,655
1#26RY609#08062020#153127.jpg,167,28,car plate,441,658,608,686
1#26RZ381#08062020#045452.jpg,136,25,car plate,713,613,849,638
1#26S0097#08062020#195956.jpg,144,24,car plate,548,487,692,511
1#26S0141#08062020#201000.jpg,148,27,car plate,809,604,957,631
1#26S0685#08062020#202045.jpg,156,27,car plate,593,603,749,630
1#26S0952#08062020#201613.jpg,161,27,car plate,400,652,561,679
1#26S1162#07062020#132527.jpg,140,28,car plate,541,623,681,651
1#26S1352#08062020#202123.jpg,161,27,car plate,502,644,663,671
1#26S6067#08062020#202039.jpg,160,27,car plate,484,632,644,659
1#26SA357#07062020#114125.jpg,140,28,car plate,367,623,507,651
1#26SA580#08062020#041914.jpg,141,25,car plate,719,617,860,642
1#26SA769#08062020#194808.jpg,150,24,car plate,535,558,685,582
1#26SD062#08062020#203240.jpg,159,27,car plate,581,620,740,647
1#26SD108#07062020#162532.jpg,107,24,car plate,825,589,932,613
1#26SD522#08062020#201245.jpg,147,26,car plate,703,557,850,583
1#26SE080#08062020#150317.jpg,145,27,car plate,1067,539,1212,566
1#26SE695#08062020#141523.jpg,151,25,car plate,462,566,613,591
1#26SH393#08062020#133843.jpg,157,26,car plate,547,603,704,629
1#26SH523#08062020#202547.jpg,157,26,car plate,481,573,638,599
1#26SH539#08062020#201136.jpg,156,25,car plate,460,586,616,611
1#26SH717#07062020#161141.jpg,120,26,car plate,479,590,599,616
1#26SH764#07062020#132258.jpg,140,26,car plate,676,584,816,610
1#26SH971#08062020#152338.jpg,157,27,car plate,724,624,881,651
1#26SK171#08062020#205346.jpg,152,26,car plate,341,596,493,622
1#26SK540#07062020#135118.jpg,144,27,car plate,532,600,676,627
1#26SK816#08062020#130528.jpg,153,25,car plate,571,555,724,580
1#26SK816#08062020#153542.jpg,161,26,car plate,562,639,723,665
1#26SL016#07062020#145415.jpg,137,26,car plate,706,575,843,601
1#26SL821#08062020#210320.jpg,146,27,car plate,601,538,747,565
1#26SL870#08062020#195617.jpg,81,23,car plate,546,632,627,655
1#26SN260#08062020#021317.jpg,143,26,car plate,635,621,778,647
1#26SN260#08062020#073018.jpg,140,26,car plate,636,621,776,647
1#26SN260#08062020#132556.jpg,156,25,car plate,566,609,722,634
1#26SN411#08062020#130532.jpg,146,26,car plate,457,522,603,548
1#26SN411#08062020#153546.jpg,149,25,car plate,452,561,601,586
1#26SN427#08062020#132645.jpg,149,24,car plate,555,527,704,551
1#26SN608#08062020#042953.jpg,141,27,car plate,630,615,771,642
1#26SP117#08062020#141215.jpg,146,26,car plate,556,499,702,525
1#26SP171#08062020#040907.jpg,134,26,car plate,787,602,921,628
1#26SP579#07062020#160731.jpg,133,25,car plate,597,578,730,603
1#26SP579#08062020#201555.jpg,146,27,car plate,641,517,787,544
1#26SR114#08062020#202344.jpg,156,27,car plate,58,618,214,645
1#26SR679#08062020#172046.jpg,157,26,car plate,487,611,644,637
1#26SR679#08062020#191048.jpg,158,25,car plate,487,611,645,636
1#26SR722#07062020#115954.jpg,140,24,car plate,497,619,637,643
1#26SS024#08062020#144823.jpg,142,24,car plate,538,547,680,571
1#26SS050#07062020#121520.jpg,146,27,car plate,522,607,668,634
1#26SS050#08062020#011426.jpg,148,28,car plate,656,625,804,653
1#26SS050#08062020#015308.jpg,148,26,car plate,935,623,1083,649
1#26SS050#08062020#063126.jpg,145,28,car plate,648,589,793,617
1#26SS050#08062020#071008.jpg,144,25,car plate,921,580,1065,605
1#26SS050#08062020#140830.jpg,167,28,car plate,588,628,755,656
1#26SS102#08062020#145806.jpg,157,24,car plate,542,613,699,637
1#26SS343#08062020#195114.jpg,76,20,car plate,505,453,581,473
1#26SS814#07062020#130515.jpg,91,27,car plate,512,567,603,594
1#26ST192#08062020#201916.jpg,157,26,car plate,902,617,1059,643
1#26ST233#08062020#200504.jpg,156,25,car plate,527,638,683,663
1#26ST292#08062020#194540.jpg,152,24,car plate,437,567,589,591
1#26ST310#08062020#132610.jpg,156,27,car plate,713,600,869,627
1#26ST444#08062020#015323.jpg,137,27,car plate,624,614,761,641
1#26ST444#08062020#071024.jpg,137,27,car plate,624,614,761,641
1#26ST646#08062020#042323.jpg,134,24,car plate,459,580,593,604
1#26ST646#08062020#140038.jpg,158,33,car plate,638,629,796,662
1#26ST672#08062020#073328.jpg,134,25,car plate,632,554,766,579
1#26ST679#07062020#205034.jpg,126,24,car plate,1005,630,1131,654
1#26ST724#07062020#145913.jpg,137,28,car plate,567,593,704,621
1#26ST724#08062020#145449.jpg,161,26,car plate,661,669,822,695
1#26ST724#08062020#195244.jpg,134,26,car plate,1103,426,1237,452
1#26SV327#08062020#132934.jpg,161,25,car plate,504,635,665,660
1#26SV667#08062020#152217.jpg,163,26,car plate,413,665,576,691
1#26SY517#08062020#154110.jpg,151,25,car plate,620,574,771,599
1#26SY575#07062020#124625.jpg,142,27,car plate,442,622,584,649
1#26SZ636#08062020#150643.jpg,161,25,car plate,647,652,808,677
1#26SZ636#08062020#203143.jpg,159,25,car plate,700,625,859,650
1#26SZ963#08062020#143725.jpg,148,25,car plate,634,571,782,596
1#26T0096#08062020#050908.jpg,61,24,car plate,406,608,467,632
1#26T0162#08062020#033358.jpg,134,26,car plate,795,560,929,586
1#26T0162#08062020#151031.jpg,148,25,car plate,765,522,913,547
1#26TA306#08062020#145532.jpg,150,26,car plate,484,550,634,576
1#26TA849#08062020#200231.jpg,156,25,car plate,734,605,890,630
1#26TA986#08062020#015907.jpg,143,27,car plate,746,625,889,652
1#26TA986#08062020#071608.jpg,140,27,car plate,736,590,876,617
1#26TA986#08062020#140026.jpg,147,24,car plate,653,512,800,536
1#26TC048#08062020#031410.jpg,136,27,car plate,613,572,749,599
1#26TC457#08062020#135018.jpg,145,23,car plate,573,488,718,511
1#26TD455#08062020#210144.jpg,160,26,car plate,726,652,886,678
1#26TD615#07062020#160459.jpg,136,26,car plate,686,599,822,625
1#26TE564#08062020#201653.jpg,156,25,car plate,515,585,671,610
1#26TF338#08062020#210519.jpg,149,24,car plate,757,588,906,612
1#26TF622#08062020#191249.jpg,158,27,car plate,952,613,1110,640
1#26TF729#08062020#204622.jpg,162,26,car plate,477,652,639,678
1#26TH126#08062020#210243.jpg,150,25,car plate,453,560,603,585
1#26TH588#07062020#151722.jpg,145,25,car plate,757,621,902,646
1#26TH660#07062020#161000.jpg,109,25,car plate,294,622,403,647
1#26TH928#08062020#133318.jpg,150,25,car plate,691,512,841,537
1#26TK991#08062020#132342.jpg,146,25,car plate,614,533,760,558
1#26TL189#07062020#134909.jpg,141,28,car plate,493,617,634,645
1#26TL417#08062020#204702.jpg,150,25,car plate,708,569,858,594
1#26TL657#07062020#131232.jpg,137,28,car plate,560,610,697,638
1#26TL657#08062020#030414.jpg,137,26,car plate,793,601,930,627
1#26TL657#08062020#122407.jpg,136,26,car plate,476,633,612,659
1#26TL775#08062020#210443.jpg,159,26,car plate,555,645,714,671
1#26TL787#07062020#140740.jpg,141,26,car plate,563,594,704,620
1#26TL994#08062020#055718.jpg,135,28,car plate,657,585,792,613
1#26TL994#08062020#135628.jpg,156,27,car plate,540,619,696,646
1#26TN052#08062020#204720.jpg,158,25,car plate,452,621,610,646
1#26TN418#08062020#012326.jpg,120,26,car plate,554,586,674,612
1#26TN418#08062020#064026.jpg,120,26,car plate,554,586,674,612
1#26TP078#08062020#140143.jpg,153,23,car plate,653,610,806,633
1#26TP629#08062020#150152.jpg,161,26,car plate,896,665,1057,691
1#26TR398#08062020#200715.jpg,163,26,car plate,346,652,509,678
1#26TS088#07062020#120231.jpg,137,29,car plate,598,613,735,642
1#26TS088#08062020#024716.jpg,140,29,car plate,607,612,747,641
1#26TS785#08062020#205200.jpg,151,25,car plate,511,630,662,655
1#26TS857#08062020#194325.jpg,158,27,car plate,536,625,694,652
1#26TT482#07062020#152215.jpg,145,28,car plate,534,605,679,633
1#26TT615#08062020#060028.jpg,135,25,car plate,582,577,717,602
1#26TT622#07062020#124541.jpg,134,27,car plate,518,572,652,599
1#26TU242#08062020#195727.jpg,162,26,car plate,911,654,1073,680
1#26TU329#08062020#073116.jpg,141,25,car plate,580,624,721,649
1#26TU341#07062020#213217.jpg,131,26,car plate,419,600,550,626
1#26TU341#07062020#222258.jpg,112,25,car plate,428,515,540,540
1#26TU545#07062020#153039.jpg,141,27,car plate,608,617,749,644
1#26TU724#08062020#192040.jpg,162,27,car plate,558,657,720,684
1#26TV025#08062020#025640.jpg,133,27,car plate,639,555,772,582
1#26TV512#08062020#134445.jpg,153,25,car plate,225,585,378,610
1#26TV714#08062020#140849.jpg,156,28,car plate,699,604,855,632
1#26TY020#08062020#013836.jpg,136,28,car plate,528,592,664,620
1#26TY020#08062020#065537.jpg,136,28,car plate,528,592,664,620
1#26TY295#03062020#011214 .jpg,157,26,car plate,294,627,451,653
1#26TY361#07062020#155231.jpg,135,27,car plate,581,609,716,636
1#26TZ160#08062020#194116.jpg,156,26,car plate,553,608,709,634
1#26TZ374#08062020#145603.jpg,153,28,car plate,954,604,1107,632
1#26TZ457#08062020#113145.jpg,134,26,car plate,341,622,475,648
1#26TZ536#08062020#131700.jpg,146,23,car plate,660,493,806,516
1#26TZ599#07062020#152622.jpg,137,27,car plate,629,582,766,609
1#26TZ772#07062020#173228.jpg,72,24,car plate,521,584,593,608
1#26TZ772#07062020#221927.jpg,72,24,car plate,521,584,593,608
1#26UA351#08062020#145435.jpg,160,25,car plate,658,663,818,688
1#26UA560#08062020#142436.jpg,159,27,car plate,795,585,954,612
1#26UA833#08062020#140043.jpg,156,25,car plate,569,561,725,586
1#26UA949#08062020#152705.jpg,160,26,car plate,524,636,684,662
1#26UC467#08062020#195144.jpg,151,25,car plate,450,551,601,576
1#26UC962#08062020#193543.jpg,151,25,car plate,421,612,572,637
1#26UD315#08062020#142322.jpg,150,23,car plate,540,552,690,575
1#26UD752#07062020#145115.jpg,136,26,car plate,532,577,668,603
1#26UE226#08062020#132130.jpg,156,25,car plate,612,580,768,605
1#26UE524#07062020#150008.jpg,135,26,car plate,584,567,719,593
1#26UE524#08062020#202650.jpg,152,28,car plate,714,572,866,600
1#26UE678#08062020#202044.jpg,162,26,car plate,514,634,676,660
1#26UF896#08062020#134905.jpg,152,26,car plate,810,585,962,611
1#26UF925#08062020#145518.jpg,162,26,car plate,765,646,927,672
1#26UH304#08062020#141208.jpg,156,26,car plate,540,590,696,616
1#26UK626#07062020#125249.jpg,141,27,car plate,577,590,718,617
1#26UK749#08062020#153052.jpg,162,25,car plate,536,663,698,688
1#26UL016#07062020#140251.jpg,145,29,car plate,542,593,687,622
1#26UL016#07062020#152613.jpg,147,28,car plate,494,616,641,644
1#26UL016#08062020#020258.jpg,147,28,car plate,486,612,633,640
1#26UL016#08062020#024307.jpg,144,29,car plate,484,586,628,615
1#26UL016#08062020#071958.jpg,147,28,car plate,486,612,633,640
1#26UL016#08062020#141539.jpg,165,28,car plate,663,606,828,634
1#26UL016#08062020#145802.jpg,168,32,car plate,428,648,596,680
1#26UL225#08062020#045623.jpg,119,26,car plate,547,573,666,599
1#26UL328#08062020#024506.jpg,72,24,car plate,536,569,608,593
1#26UL860#07062020#114040.jpg,135,26,car plate,600,579,735,605
1#26UL860#08062020#052408.jpg,136,27,car plate,602,603,738,630
1#26UL911#08062020#192559.jpg,156,26,car plate,601,567,757,593
1#26UN642#08062020#201150.jpg,156,26,car plate,446,587,602,613
1#26UN755#08062020#193517.jpg,148,26,car plate,702,551,850,577
1#26UP280#08062020#202426.jpg,160,26,car plate,752,637,912,663
1#26UP884#07062020#040033.jpg,131,25,car plate,36,605,167,630
1#26UP919#08062020#143326.jpg,148,25,car plate,698,530,846,555
1#26UR506#08062020#060005.jpg,137,27,car plate,634,609,771,636
1#26UR648#08062020#013714.jpg,137,26,car plate,778,574,915,600
1#26UR648#08062020#065414.jpg,142,25,car plate,788,614,930,639
1#26UR648#08062020#150621.jpg,158,26,car plate,674,595,832,621
1#26UR768#08062020#192804.jpg,159,26,car plate,745,631,904,657
1#26UR835#08062020#192438.jpg,158,26,car plate,595,594,753,620
1#26UR840#08062020#141328.jpg,158,26,car plate,475,613,633,639
1#26UR840#08062020#193615.jpg,152,25,car plate,587,569,739,594
1#26UR971#07062020#125323.jpg,130,25,car plate,775,552,905,577
1#26UR971#07062020#144648.jpg,178,69,car plate,686,522,864,591
1#26UR971#07062020#161801.jpg,135,27,car plate,470,589,605,616
1#26US194#08062020#042950.jpg,142,29,car plate,572,623,714,652
1#26US194#08062020#143407.jpg,148,26,car plate,786,521,934,547
1#26US293#08062020#210038.jpg,162,27,car plate,686,653,848,680
1#26US761#07062020#152543.jpg,137,27,car plate,462,620,599,647
1#26UT708#05062020#110131.jpg,216,34,car plate,753,636,969,670
1#26UT926#07062020#161242.jpg,135,25,car plate,591,560,726,585
1#26UT935#08062020#134513.jpg,156,26,car plate,565,577,721,603
1#26UU028#08062020#050044.jpg,134,25,car plate,779,569,913,594
1#26UU269#08062020#034304.jpg,141,27,car plate,542,615,683,642
1#26UV644#07062020#152329.jpg,140,27,car plate,526,613,666,640
1#26UV668#08062020#153752.jpg,159,25,car plate,513,623,672,648
1#26UY323#07062020#231821.jpg,151,29,car plate,617,590,768,619
1#26UZ306#07062020#160951.jpg,136,26,car plate,468,604,604,630
1#26UZ466#08062020#204226.jpg,160,28,car plate,533,637,693,665
1#26UZ510#07062020#115602.jpg,140,26,car plate,343,624,483,650
1#26UZ568#08062020#202903.jpg,152,26,car plate,541,574,693,600
1#26VA225#07062020#152309.jpg,114,26,car plate,478,613,592,639
1#26VA259#03062020#011219 .jpg,153,25,car plate,441,548,594,573
1#26VA386#08062020#202108.jpg,158,26,car plate,218,636,376,662
1#26VA787#08062020#191148.jpg,160,26,car plate,466,626,626,652
1#26VA801#07062020#120258.jpg,130,26,car plate,809,561,939,587
1#26VA831#08062020#134737.jpg,156,26,car plate,339,616,495,642
1#26VD142#08062020#045345.jpg,143,26,car plate,637,591,780,617
1#26VD274#08062020#153936.jpg,160,26,car plate,228,659,388,685
1#26VD455#08062020#111331.jpg,71,24,car plate,456,576,527,600
1#26VD518#08062020#191915.jpg,159,28,car plate,550,646,709,674
1#26VD822#08062020#012052.jpg,142,26,car plate,536,606,678,632
1#26VD827#08062020#021722.jpg,146,26,car plate,663,624,809,650
1#26VD827#08062020#031116.jpg,146,27,car plate,550,618,696,645
1#26VD827#08062020#063753.jpg,142,26,car plate,536,606,678,632
1#26VD827#08062020#073423.jpg,146,26,car plate,663,624,809,650
1#26VD827#08062020#142825.jpg,159,28,car plate,666,578,825,606
1#26VD827#08062020#153030.jpg,146,26,car plate,466,604,612,630
1#26VD927#07062020#135606.jpg,144,28,car plate,627,608,771,636
1#26VE010#07062020#115200.jpg,140,25,car plate,872,605,1012,630
1#26VE371#08062020#143201.jpg,148,25,car plate,635,563,783,588
1#26VE418#07062020#144308.jpg,137,25,car plate,779,604,916,629
1#26VE954#08062020#041258.jpg,91,25,car plate,652,625,743,650
1#26VF420#08062020#020730.jpg,135,26,car plate,614,577,749,603
1#26VF420#08062020#072431.jpg,135,26,car plate,614,577,749,603
1#26VF595#08062020#171640.jpg,161,28,car plate,533,638,694,666
1#26VF595#08062020#190956.jpg,161,28,car plate,533,638,694,666
1#26VF752#08062020#034131.jpg,141,27,car plate,683,629,824,656
1#26VF752#08062020#144112.jpg,136,24,car plate,645,415,781,439
1#26VF752#08062020#144431.jpg,152,27,car plate,638,582,790,609
1#26VF994#08062020#132235.jpg,150,23,car plate,577,557,727,580
1#26VH297#08062020#202757.jpg,157,27,car plate,614,592,771,619
1#26VH790#07062020#112519.jpg,103,24,car plate,1108,572,1211,596
1#26VH790#08062020#041817.jpg,134,27,car plate,441,588,575,615
1#26VH790#08062020#133327.jpg,148,26,car plate,901,543,1049,569
1#26VK266#08062020#194247.jpg,151,26,car plate,738,556,889,582
1#26VK912#08062020#205210.jpg,137,27,car plate,367,650,504,677
1#26VL139#08062020#152750.jpg,136,27,car plate,1100,441,1236,468
1#26VL390#08062020#205143.jpg,149,25,car plate,409,544,558,569
1#26VL476#07062020#143129.jpg,143,27,car plate,566,623,709,650
1#26VL510#07062020#140147.jpg,148,27,car plate,566,616,714,643
1#26VL510#07062020#151900.jpg,145,25,car plate,520,585,665,610
1#26VL5108#08062020#062545.jpg,146,25,car plate,837,592,983,617
1#26VL7510#08062020#140857.jpg,161,29,car plate,566,558,727,587
1#26VN633#08062020#044744.jpg,140,29,car plate,513,612,653,641
1#26VP498#08062020#200257.jpg,153,26,car plate,714,580,867,606
1#26VP665#07062020#144157.jpg,140,26,car plate,645,608,785,634
1#26VP850#08062020#192614.jpg,160,26,car plate,624,625,784,651
1#26VR630#08062020#014820.jpg,140,28,car plate,504,610,644,638
1#26VR630#08062020#070520.jpg,140,28,car plate,504,610,644,638
1#26VR889#08062020#151323.jpg,159,26,car plate,668,625,827,651
1#26VR955#08062020#035248.jpg,135,27,car plate,640,575,775,602
1#26VR986#08062020#150842.jpg,158,26,car plate,683,622,841,648
1#26VS038#07062020#115339.jpg,137,24,car plate,765,613,902,637
1#26VS068#08062020#203718.jpg,159,26,car plate,697,648,856,674
1#26VS567#08062020#142726.jpg,145,25,car plate,738,530,883,555
1#26VS766#08062020#135128.jpg,158,25,car plate,680,630,838,655
1#26VT090#08062020#143819.jpg,158,26,car plate,528,621,686,647
1#26VT575#08062020#191733.jpg,161,27,car plate,550,625,711,652
1#26VT661#08062020#202156.jpg,152,26,car plate,646,588,798,614
1#26VT793#07062020#152700.jpg,58,24,car plate,569,574,627,598
1#26VU270#08062020#031651.jpg,137,28,car plate,515,591,652,619
1#26VU415#08062020#131424.jpg,157,26,car plate,763,612,920,638
1#26VU504#07062020#132817.jpg,111,25,car plate,659,609,770,634
1#26VU595#08062020#201915.jpg,159,26,car plate,438,637,597,663
1#26VU642#08062020#171547.jpg,156,27,car plate,349,639,505,666
1#26VU642#08062020#190903.jpg,156,27,car plate,349,639,505,666
1#26VU984#08062020#021323.jpg,145,27,car plate,603,598,748,625
1#26VU984#08062020#073024.jpg,142,25,car plate,596,558,738,583
1#26VV021#08062020#054842.jpg,137,24,car plate,770,621,907,645
1#26VV311#08062020#200810.jpg,148,26,car plate,662,558,810,584
1#26VV425#07062020#123411.jpg,121,25,car plate,658,602,779,627
1#26VV425#07062020#160933.jpg,140,26,car plate,653,624,793,650
1#26VY167#08062020#045753.jpg,136,25,car plate,616,607,752,632
1#26VY382#08062020#144223.jpg,163,26,car plate,407,631,570,657
1#26VY382#08062020#144543.jpg,161,25,car plate,408,632,569,657
1#26VY385#08062020#145843.jpg,149,25,car plate,530,539,679,564
1#26VY575#08062020#061822.jpg,142,27,car plate,569,625,711,652
1#26VY991#08062020#193031.jpg,157,25,car plate,761,651,918,676
1#26VZ065#07062020#151114.jpg,143,26,car plate,818,557,961,583
1#26VZ455#08062020#053502.jpg,137,25,car plate,896,616,1033,641
1#26Y0190#07062020#154317.jpg,46,24,car plate,703,592,749,616
1#26YA961#07062020#145536.jpg,131,28,car plate,402,574,533,602
1#26YA961#08062020#153308.jpg,149,25,car plate,681,594,830,619
1#26YC487#08062020#143939.jpg,153,24,car plate,513,579,666,603
1#26YD002#07062020#030006.jpg,133,24,car plate,644,580,777,604
1#26YD002#07062020#122824.jpg,140,28,car plate,530,621,670,649
1#26YD978#08062020#052024.jpg,124,27,car plate,387,617,511,644
1#26YD978#08062020#132739.jpg,153,26,car plate,796,602,949,628
1#26ZB084#08062020#011911.jpg,133,26,car plate,532,571,665,597
1#26ZB084#08062020#063612.jpg,135,25,car plate,537,611,672,636
1#26ZB226#08062020#043126.jpg,133,26,car plate,503,551,636,577
1#26ZB315#07062020#231643.jpg,148,25,car plate,94,623,242,648
1#26ZC143#08062020#141830.jpg,157,27,car plate,656,619,813,646
1#26ZC143#08062020#205127.jpg,149,25,car plate,505,543,654,568
1#26ZC428#08062020#050103.jpg,111,27,car plate,678,611,789,638
1#26ZC434#07062020#161316.jpg,140,29,car plate,516,621,656,650
1#26ZE553#08062020#032530.jpg,102,23,car plate,747,606,849,629
1#26ZH384#08062020#131408.jpg,148,27,car plate,691,547,839,574
1#27ABC37#03062020#002314 .jpg,173,27,car plate,672,623,845,650
1#27AHU92#07062020#134522.jpg,136,27,car plate,711,588,847,615
1#27C6861#05062020#104548.jpg,144,26,car plate,781,410,925,436
1#27L3633#07062020#131148.jpg,140,27,car plate,584,603,724,630
1#27R2205#03062020#165726.jpg,128,28,car plate,513,570,641,598
1#27VL287#07062020#122821.jpg,134,27,car plate,514,575,648,602
1#27VL287#07062020#155642.jpg,132,25,car plate,667,552,799,577
1#28AAH555#06062020#141346.jpg,205,34,car plate,807,556,1012,590
1#28AY547#08062020#194040.jpg,162,27,car plate,600,641,762,668
1#28BT233#07062020#155519.jpg,119,26,car plate,625,549,744,575
1#28EE904#08062020#203646.jpg,132,23,car plate,527,352,659,375
1#28EL821#05062020#233142.jpg,201,34,car plate,617,587,818,621
1#28GR444#08062020#200406.jpg,146,24,car plate,499,495,645,519
1#28LF636#07062020#160146.jpg,115,26,car plate,596,555,711,581
1#28RD176#03062020#173133.jpg,162,26,car plate,708,537,870,563
1#28RP315#07062020#144645.jpg,134,26,car plate,799,534,933,560
1#28TK596#03062020#154144.jpg,180,28,car plate,431,640,611,668
1#28VA648#07062020#210840.jpg,141,25,car plate,430,624,571,649
1#28VY858#07062020#200944.jpg,130,26,car plate,215,547,345,573
1#31B7553#03062020#164619.jpg,184,51,car plate,451,623,635,674
1#31HD304#08062020#061741.jpg,132,28,car plate,551,591,683,619
1#31HD304#08062020#134715.jpg,143,25,car plate,556,498,699,523
1#31LL008#05062020#142323.jpg,146,24,car plate,318,424,464,448
1#31N3131#07062020#152752.jpg,131,27,car plate,843,564,974,591
1#326VL51#08062020#015646.jpg,144,24,car plate,697,568,841,592
1#326VL51#08062020#071347.jpg,144,24,car plate,697,568,841,592
1#32AAU010#06062020#143511.jpg,213,33,car plate,647,614,860,647
1#32AG974#08062020#074406.jpg,119,27,car plate,588,614,707,641
1#32AK181#05062020#105049.jpg,198,33,car plate,731,604,929,637
1#32BA268#08062020#130822.jpg,150,26,car plate,538,544,688,570
1#32DE426#08062020#202333.jpg,153,26,car plate,636,599,789,625
1#32EN973#06062020#033003.jpg,190,29,car plate,911,542,1101,571
1#32ER032#08062020#130705.jpg,151,26,car plate,521,563,672,589
1#32PN310#08062020#191255.jpg,152,25,car plate,500,660,652,685
1#33AED241#08062020#193719.jpg,157,26,car plate,439,657,596,683
1#33AEJ85#07062020#153047.jpg,130,26,car plate,468,604,598,630
1#33ASE53#03062020#123656 .jpg,189,32,car plate,430,573,619,605
1#33BSU46#08062020#143200.jpg,141,26,car plate,984,541,1125,567
1#33CES99#08062020#205901.jpg,125,23,car plate,435,522,560,545
1#33CSE79#08062020#205009.jpg,148,26,car plate,461,594,609,620
1#33DPE08#08062020#060134.jpg,117,24,car plate,528,555,645,579
1#33DPE08#08062020#201648.jpg,148,26,car plate,225,565,373,591
1#33DPE18#08062020#053252.jpg,132,28,car plate,471,574,603,602
1#33DPE26#07062020#060812.jpg,70,24,car plate,270,577,340,601
1#33DRM07#08062020#022725.jpg,135,26,car plate,492,544,627,570
1#33DRM07#08062020#074426.jpg,137,26,car plate,496,573,633,599
1#33DRM11#08062020#053249.jpg,141,28,car plate,501,533,642,561
1#33DRM11#08062020#210513.jpg,147,27,car plate,612,555,759,582
1#33EAU89#08062020#043518.jpg,131,27,car plate,588,593,719,620
1#33EAU89#08062020#135207.jpg,137,26,car plate,947,511,1084,537
1#33EDT47#07062020#052850.jpg,124,25,car plate,449,589,573,614
1#33EDU78#08062020#141510.jpg,149,25,car plate,600,556,749,581
1#33EDU78#08062020#205856.jpg,151,26,car plate,458,578,609,604
1#33EFM27#08062020#051425.jpg,127,26,car plate,567,597,694,623
1#33EFM27#08062020#135157.jpg,146,24,car plate,534,622,680,646
1#33HY738#08062020#151152.jpg,149,26,car plate,676,579,825,605
1#33NPP38#08062020#203714.jpg,158,27,car plate,488,618,646,645
1#33NZF30#08062020#062334.jpg,119,26,car plate,572,587,691,613
1#33P4133#08062020#133454.jpg,150,26,car plate,502,587,652,613
1#33RA155#03062020#184603.jpg,198,36,car plate,466,626,664,662
1#33U5383#07062020#135335.jpg,128,28,car plate,400,575,528,603
1#33VB979#08062020#033852.jpg,135,27,car plate,584,614,719,641
1#34A77863#03062020#213340.jpg,181,29,car plate,805,612,986,641
1#34AAF990#06062020#154815.jpg,172,27,car plate,328,568,500,595
1#34AAP774#03062020#185929.jpg,190,33,car plate,427,590,617,623
1#34AAR503#03062020#123810 .jpg,195,43,car plate,715,556,910,599
1#34AAS026#07062020#120625.jpg,133,26,car plate,598,539,731,565
1#34AAS026#07062020#120841.jpg,136,27,car plate,608,587,744,614
1#34AAV774#08062020#044638.jpg,133,26,car plate,497,576,630,602
1#34AAY313#03062020#164632.jpg,183,46,car plate,537,616,720,662
1#34AAZ605#03062020#001804 .jpg,166,28,car plate,690,623,856,651
1#34AB4109#03062020#184544.jpg,197,32,car plate,436,618,633,650
1#34ABA017#03062020#100644 .jpg,146,26,car plate,621,580,767,606
1#34ABB607#03062020#124323 .jpg,199,29,car plate,550,616,749,645
1#34ABV990#03062020#124148 .jpg,192,44,car plate,1041,554,1233,598
1#34ACB323#03062020#005623 .jpg,161,28,car plate,543,593,704,621
1#34ACC786#03062020#004142 .jpg,160,28,car plate,447,617,607,645
1#34ACG214#03062020#125718 .jpg,193,29,car plate,469,572,662,601
1#34ACH998#03062020#123553 .jpg,142,28,car plate,752,334,894,362
1#34ACJ070#03062020#002701 .jpg,159,26,car plate,720,610,879,636
1#34ACK867#08062020#042217.jpg,131,27,car plate,580,558,711,585
1#34ACY65#06062020#000605.jpg,210,33,car plate,668,613,878,646
1#34AD9274#03062020#183322.jpg,200,33,car plate,551,650,751,683
1#34ADJ32#03062020#171829.jpg,162,32,car plate,629,504,791,536
1#34ADK036#03062020#123701 .jpg,193,32,car plate,555,544,748,576
1#34AEB535#03062020#002552 .jpg,163,27,car plate,558,594,721,621
1#34AFD794#03062020#102203 .jpg,159,27,car plate,557,652,716,679
1#34AFF185#07062020#024619.jpg,115,24,car plate,391,584,506,608
1#34AFF185#07062020#122049.jpg,117,24,car plate,761,561,878,585
1#34AFR49#03062020#001751 .jpg,166,32,car plate,761,631,927,663
1#34AG0182#03062020#172526.jpg,178,35,car plate,440,647,618,682
1#34AG5585#03062020#184424.jpg,191,29,car plate,647,597,838,626
1#34AG6529#07062020#133104.jpg,97,26,car plate,662,607,759,633
1#34AG8507#03062020#171003.jpg,177,32,car plate,587,613,764,645
1#34AGB815#03062020#125821 .jpg,196,32,car plate,612,556,808,588
1#34AGC816#03062020#013031 .jpg,181,29,car plate,330,606,511,635
1#34AGE201#03062020#190146.jpg,195,33,car plate,643,613,838,646
1#34AGF856#03062020#012319 .jpg,161,27,car plate,548,582,709,609
1#34AGL124#03062020#180208.jpg,185,37,car plate,859,639,1044,676
1#34AH5818#03062020#185624.jpg,189,28,car plate,549,574,738,602
1#34AHF564#03062020#125521 .jpg,205,34,car plate,446,613,651,647
1#34AHL288#03062020#103815 .jpg,156,26,car plate,627,609,783,635
1#34AHN303#03062020#185710.jpg,193,32,car plate,489,590,682,622
1#34AHN838#03062020#125247 .jpg,181,34,car plate,498,534,679,568
1#34AHP703#03062020#184320.jpg,189,32,car plate,533,602,722,634
1#34AHP932#03062020#190113.jpg,191,29,car plate,554,595,745,624
1#34AHS139#03062020#002104 .jpg,164,26,car plate,600,607,764,633
1#34AIZ811#03062020#101901 .jpg,158,29,car plate,565,611,723,640
1#34AJ0643#03062020#180142.jpg,182,29,car plate,180,616,362,645
1#34AJ7084#03062020#185611.jpg,192,32,car plate,581,605,773,637
1#34AJ9853#03062020#123713 .jpg,198,35,car plate,764,560,962,595
1#34AJA227#03062020#125921 .jpg,198,42,car plate,820,567,1018,609
1#34AJC745#03062020#171843.jpg,160,32,car plate,481,513,641,545
1#34AJE251#06062020#001814.jpg,190,29,car plate,800,572,990,601
1#34AJE448#03062020#124358 .jpg,192,41,car plate,884,550,1076,591
1#34AJH364#03062020#190101.jpg,184,32,car plate,549,587,733,619
1#34AJN463#08062020#043950.jpg,80,24,car plate,373,579,453,603
1#34AJN463#08062020#135656.jpg,147,26,car plate,495,574,642,600
1#34AK827#03062020#095620 .jpg,39,46,car plate,823,624,862,670
1#34AKD93#08062020#044640.jpg,140,27,car plate,816,620,956,647
1#34AKL70#06062020#022132.jpg,149,26,car plate,288,621,437,647
1#34AKL70#06062020#111040.jpg,180,29,car plate,406,610,586,639
1#34ALV513#03062020#174459.jpg,176,26,car plate,649,594,825,620
1#34AN0488#03062020#125656 .jpg,202,35,car plate,574,612,776,647
1#34AN6851#07062020#152544.jpg,133,27,car plate,501,620,634,647
1#34ANC582#06062020#000257.jpg,182,29,car plate,728,505,910,534
1#34ANG259#03062020#124224 .jpg,199,34,car plate,353,612,552,646
1#34ANG530#06062020#000342.jpg,197,32,car plate,735,553,932,585
1#34ANJ356#03062020#003728 .jpg,162,27,car plate,472,625,634,652
1#34ANJ580#03062020#171701.jpg,167,32,car plate,526,599,693,631
1#34ANJ676#03062020#185138.jpg,179,28,car plate,666,560,845,588
1#34AOB197#06062020#001802.jpg,191,29,car plate,743,581,934,610
1#34AOK44#03062020#211400.jpg,193,36,car plate,753,576,946,612
1#34AOK44#03062020#214147.jpg,199,37,car plate,760,598,959,635
1#34AS1882#03062020#012615 .jpg,164,28,car plate,652,614,816,642
1#34AS8478#03062020#212749.jpg,196,32,car plate,549,581,745,613
1#34AS9044#03062020#010548 .jpg,162,32,car plate,593,619,755,651
1#34AU8392#03062020#183816.jpg,190,29,car plate,588,606,778,635
1#34AY2923#03062020#183328.jpg,195,33,car plate,449,590,644,623
1#34AY5753#03062020#013254 .jpg,189,32,car plate,384,622,573,654
1#34BA325#05062020#143042.jpg,157,25,car plate,598,496,755,521
1#34BA4061#03062020#124124 .jpg,213,38,car plate,735,619,948,657
1#34BAG234#06062020#031523.jpg,191,32,car plate,754,547,945,579
1#34BAJ575#03062020#005656 .jpg,163,27,car plate,604,630,767,657
1#34BAM758#07062020#132555.jpg,107,26,car plate,475,620,582,646
1#34BAR750#03062020#001910 .jpg,163,26,car plate,579,596,742,622
1#34BAT954#03062020#002404 .jpg,163,26,car plate,587,625,750,651
1#34BBC999#03062020#175257.jpg,181,27,car plate,452,620,633,647
1#34BBD144#03062020#103751 .jpg,167,28,car plate,506,647,673,675
1#34BBG84#08062020#072043.jpg,135,27,car plate,483,615,618,642
1#34BBG848#08062020#020343.jpg,135,27,car plate,483,615,618,642
1#34BBL674#06062020#143650.jpg,190,33,car plate,825,615,1015,648
1#34BBN413#03062020#124215 .jpg,186,36,car plate,592,531,778,567
1#34BBT924#08062020#143414.jpg,151,26,car plate,770,603,921,629
1#34BBZ903#06062020#002541.jpg,210,34,car plate,797,598,1007,632
1#34BC4805#03062020#002033 .jpg,161,26,car plate,898,577,1059,603
1#34BCA763#03062020#184311.jpg,194,33,car plate,507,620,701,653
1#34BCD280#08062020#195712.jpg,152,25,car plate,804,595,956,620
1#34BCD633#06062020#143433.jpg,183,29,car plate,769,580,952,609
1#34BCF921#03062020#123859 .jpg,195,36,car plate,681,558,876,594
1#34BCH688#06062020#141324.jpg,213,36,car plate,806,621,1019,657
1#34BCJ324#03062020#183309.jpg,206,33,car plate,374,647,580,680
1#34BCP262#03062020#101648 .jpg,156,27,car plate,554,600,710,627
1#34BD5102#03062020#001812 .jpg,164,28,car plate,783,604,947,632
1#34BDC703#03062020#123902 .jpg,205,37,car plate,781,605,986,642
1#34BDH521#03062020#013746 .jpg,189,32,car plate,367,633,556,665
1#34BDH71#08062020#061607.jpg,117,26,car plate,592,553,709,579
1#34BDJ867#03062020#180652.jpg,180,32,car plate,251,600,431,632
1#34BDK194#08062020#061621.jpg,125,28,car plate,531,610,656,638
1#34BDU485#03062020#185605.jpg,186,29,car plate,570,601,756,630
1#34BDV771#03062020#125712 .jpg,195,35,car plate,697,592,892,627
1#34BE2976#03062020#123941 .jpg,195,34,car plate,586,561,781,595
1#34BE8248#03062020#125310 .jpg,192,35,car plate,759,536,951,571
1#34BEH418#06062020#152051.jpg,177,28,car plate,371,607,548,635
1#34BEL033#03062020#123535 .jpg,206,33,car plate,376,590,582,623
1#34BEL553#03062020#123658 .jpg,198,34,car plate,702,570,900,604
1#34BFC908#08062020#190807.jpg,151,27,car plate,634,583,785,610
1#34BFC908#08062020#201754.jpg,153,26,car plate,451,615,604,641
1#34BFK309#03062020#154138.jpg,166,35,car plate,458,570,624,605
1#34BFP440#03062020#010121 .jpg,161,26,car plate,554,610,715,636
1#34BFP980#03062020#154913.jpg,161,27,car plate,571,494,732,521
1#34BFV300#03062020#123539 .jpg,197,34,car plate,307,578,504,612
1#34BG0247#08062020#012841.jpg,133,26,car plate,801,476,934,502
1#34BG0247#08062020#021906.jpg,147,28,car plate,758,589,905,617
1#34BG0247#08062020#030635.jpg,143,29,car plate,693,561,836,590
1#34BG0247#08062020#044151.jpg,144,28,car plate,791,572,935,600
1#34BG0247#08062020#053149.jpg,144,32,car plate,607,574,751,606
1#34BG0247#08062020#064542.jpg,136,26,car plate,812,513,948,539
1#34BG0247#08062020#073607.jpg,145,28,car plate,759,589,904,617
1#34BG0247#08062020#133656.jpg,159,27,car plate,610,566,769,593
1#34BG0247#08062020#143026.jpg,164,28,car plate,893,605,1057,633
1#34BG0247#08062020#152358.jpg,166,28,car plate,726,621,892,649
1#34BG1529#03062020#125752 .jpg,179,29,car plate,445,508,624,537
1#34BG5740#08062020#011947.jpg,137,26,car plate,535,546,672,572
1#34BG5740#08062020#021255.jpg,136,25,car plate,505,516,641,541
1#34BG5740#08062020#030127.jpg,143,27,car plate,520,585,663,612
1#34BG5740#08062020#044000.jpg,145,28,car plate,509,596,654,624
1#34BG5740#08062020#053656.jpg,144,27,car plate,528,583,672,610
1#34BG5740#08062020#063648.jpg,137,27,car plate,535,545,672,572
1#34BG5740#08062020#072956.jpg,143,27,car plate,510,591,653,618
1#34BG5740#08062020#142350.jpg,151,26,car plate,544,491,695,517
1#34BG5740#08062020#151442.jpg,169,29,car plate,527,660,696,689
1#34BG5740#08062020#151739.jpg,169,29,car plate,527,660,696,689
1#34BG6221#08062020#013252.jpg,142,27,car plate,630,557,772,584
1#34BG6221#08062020#022251.jpg,145,29,car plate,614,594,759,623
1#34BG6221#08062020#031528.jpg,143,27,car plate,501,584,644,611
1#34BG6221#08062020#051204.jpg,140,27,car plate,530,557,670,584
1#34BG6221#08062020#060324.jpg,146,28,car plate,480,610,626,638
1#34BG6221#08062020#064953.jpg,145,28,car plate,638,600,783,628
1#34BG6221#08062020#073951.jpg,141,27,car plate,606,551,747,578
1#34BG6221#08062020#133649.jpg,163,28,car plate,502,598,665,626
1#34BG6221#08062020#143234.jpg,157,33,car plate,953,555,1110,588
1#34BG6221#08062020#153054.jpg,163,29,car plate,529,608,692,637
1#34BG7639#08062020#011151.jpg,143,26,car plate,852,570,995,596
1#34BG7639#08062020#022010.jpg,145,27,car plate,552,593,697,620
1#34BG7639#08062020#030845.jpg,145,27,car plate,547,608,692,635
1#34BG7639#08062020#051655.jpg,144,27,car plate,702,583,846,610
1#34BG7639#08062020#061517.jpg,145,28,car plate,552,595,697,623
1#34BG7639#08062020#062852.jpg,77,24,car plate,825,486,902,510
1#34BG7639#08062020#073711.jpg,141,27,car plate,548,555,689,582
1#34BG7639#08062020#142756.jpg,162,29,car plate,1036,602,1198,631
1#34BG7639#08062020#152548.jpg,166,27,car plate,416,616,582,643
1#34BG7646#08062020#011031.jpg,142,25,car plate,1030,571,1172,596
1#34BG7646#08062020#021759.jpg,146,27,car plate,572,601,718,628
1#34BG7646#08062020#062731.jpg,145,25,car plate,1042,598,1187,623
1#34BG7646#08062020#073500.jpg,143,28,car plate,566,566,709,594
1#34BG7646#08062020#142439.jpg,163,29,car plate,467,591,630,620
1#34BGH906#03062020#101629 .jpg,160,25,car plate,560,610,720,635
1#34BGJ904#06062020#002200.jpg,193,29,car plate,783,591,976,620
1#34BGU353#06062020#033337.jpg,194,29,car plate,679,616,873,645
1#34BHA671#08062020#020339.jpg,134,27,car plate,741,628,875,655
1#34BHA671#08062020#072039.jpg,120,26,car plate,735,586,855,612
1#34BHB330#03062020#130128 .jpg,201,33,car plate,574,593,775,626
1#34BHE120#03062020#124914 .jpg,198,32,car plate,521,579,719,611
1#34BID105#05062020#102342.jpg,197,33,car plate,735,535,932,568
1#34BIE375#07062020#161218.jpg,131,26,car plate,597,534,728,560
1#34BIN780#05062020#202006.jpg,151,25,car plate,685,628,836,653
1#34BIN780#06062020#012710.jpg,173,27,car plate,377,577,550,604
1#34BIP430#06062020#032956.jpg,200,34,car plate,886,611,1086,645
1#34BIV168#06062020#023856.jpg,151,26,car plate,401,597,552,623
1#34BIV168#06062020#112444.jpg,182,28,car plate,380,589,562,617
1#34BIY239#06062020#143223.jpg,195,32,car plate,868,589,1063,621
1#34BJE28#08062020#192704.jpg,160,27,car plate,558,654,718,681
1#34BJS043#08062020#134037.jpg,149,25,car plate,580,539,729,564
1#34BK9491#03062020#002240 .jpg,162,27,car plate,657,606,819,633
1#34BKD868#06062020#033019.jpg,194,33,car plate,684,557,878,590
1#34BKE104#06062020#002207.jpg,184,29,car plate,720,542,904,571
1#34BL0538#03062020#004110 .jpg,162,25,car plate,416,614,578,639
1#34BL4496#08062020#050954.jpg,107,26,car plate,590,610,697,636
1#34BLD712#06062020#022319.jpg,147,28,car plate,428,602,575,630
1#34BLD712#06062020#111605.jpg,167,26,car plate,373,543,540,569
1#34BMH828#05062020#100909.jpg,186,29,car plate,773,518,959,547
1#34BMN248#05062020#235632.jpg,180,32,car plate,751,515,931,547
1#34BMT103#08062020#062340.jpg,91,25,car plate,517,555,608,580
1#34BMV121#06062020#135753.jpg,200,33,car plate,756,581,956,614
1#34BN4546#06062020#000433.jpg,54,46,car plate,912,605,966,651
1#34BNK065#05062020#110712.jpg,160,27,car plate,735,442,895,469
1#34BNR340#05062020#104653.jpg,192,32,car plate,747,535,939,567
1#34BNZ123#07062020#144529.jpg,134,27,car plate,379,616,513,643
1#34BOH860#08062020#072255.jpg,134,26,car plate,600,586,734,612
1#34BP4691#03062020#175451.jpg,179,34,car plate,994,613,1173,647
1#34BP7507#03062020#004345 .jpg,163,28,car plate,677,608,840,636
1#34BPE91#03062020#002015 .jpg,161,32,car plate,654,594,815,626
1#34BR3612#03062020#185617.jpg,185,28,car plate,567,614,752,642
1#34BRP843#06062020#001419.jpg,194,29,car plate,765,565,959,594
1#34BT3367#07062020#161040.jpg,134,26,car plate,615,579,749,605
1#34BTJ972#08062020#150500.jpg,148,27,car plate,732,592,880,619
1#34BTS13#08062020#200913.jpg,159,26,car plate,465,640,624,666
1#34BU7168#03062020#132743 .jpg,186,32,car plate,337,597,523,629
1#34BUB463#07062020#205449.jpg,94,24,car plate,157,621,251,645
1#34BUG094#05062020#104835.jpg,205,34,car plate,716,585,921,619
1#34BUU289#03062020#011954 .jpg,159,29,car plate,573,579,732,608
1#34BUU289#08062020#013125.jpg,160,32,car plate,604,619,764,651
1#34BUU289#08062020#022602.jpg,145,28,car plate,490,496,635,524
1#34BUU289#08062020#031939.jpg,133,24,car plate,1090,389,1223,413
1#34BUU289#08062020#050606.jpg,149,28,car plate,548,533,697,561
1#34BUU289#08062020#055851.jpg,156,32,car plate,532,589,688,621
1#34BUU289#08062020#064826.jpg,153,32,car plate,599,575,752,607
1#34BUU289#08062020#074303.jpg,156,33,car plate,494,577,650,610
1#34BUU289#08062020#114748.jpg,143,26,car plate,775,525,918,551
1#34BUU289#08062020#133736.jpg,177,29,car plate,342,608,519,637
1#34BUU289#08062020#153409.jpg,181,29,car plate,473,642,654,671
1#34BVB20#03062020#102750 .jpg,160,27,car plate,514,643,674,670
1#34BVG023#08062020#045358.jpg,64,24,car plate,840,542,904,566
1#34BVR014#08062020#153129.jpg,151,26,car plate,921,602,1072,628
1#34BVS800#07062020#142618.jpg,107,25,car plate,504,617,611,642
1#34BVS880#07062020#131626.jpg,76,25,car plate,625,581,701,606
1#34BVZ727#07062020#043026.jpg,117,23,car plate,435,602,552,625
1#34BY1830#03062020#124656 .jpg,200,32,car plate,466,598,666,630
1#34BZ7124#03062020#175118.jpg,182,29,car plate,535,604,717,633
1#34BZ9538#03062020#125714 .jpg,201,32,car plate,565,581,766,613
1#34BZE535#08062020#194041.jpg,147,25,car plate,610,522,757,547
1#34BZK163#08062020#013923.jpg,80,24,car plate,622,573,702,597
1#34BZY347#07062020#155055.jpg,64,25,car plate,687,566,751,591
1#34CAY316#08062020#054910.jpg,80,24,car plate,369,602,449,626
1#34CBV770#06062020#002430.jpg,191,29,car plate,743,532,934,561
1#34CCF220#06062020#001555.jpg,180,29,car plate,889,574,1069,603
1#34CCG362#06062020#000813.jpg,194,33,car plate,718,572,912,605
1#34CCH464#06062020#034712.jpg,200,29,car plate,723,609,923,638
1#34CCL397#05062020#235310.jpg,193,32,car plate,734,614,927,646
1#34CCL397#06062020#034032.jpg,184,29,car plate,769,586,953,615
1#34CCU051#06062020#025347.jpg,196,29,car plate,794,580,990,609
1#34CCU051#06062020#034231.jpg,209,33,car plate,731,619,940,652
1#34CDA067#07062020#190208.jpg,129,25,car plate,544,597,673,622
1#34CED966#06062020#033430.jpg,189,29,car plate,753,527,942,556
1#34CEN903#08062020#060438.jpg,126,23,car plate,1039,534,1165,557
1#34CFE653#06062020#031434.jpg,199,29,car plate,723,575,922,604
1#34CFJ991#08062020#153134.jpg,152,26,car plate,517,591,669,617
1#34CFV330#05062020#204054.jpg,136,27,car plate,296,637,432,664
1#34CFV680#06062020#004220.jpg,175,28,car plate,321,581,496,609
1#34CGN273#08062020#020009.jpg,120,27,car plate,541,627,661,654
1#34CGN273#08062020#071710.jpg,120,27,car plate,541,627,661,654
1#34CGN273#08062020#123143.jpg,114,24,car plate,710,579,824,603
1#34CGP599#08062020#052307.jpg,131,23,car plate,1013,609,1144,632
1#34CHG503#06062020#142554.jpg,197,33,car plate,821,577,1018,610
1#34CIB82#07062020#130335.jpg,136,25,car plate,616,600,752,625
1#34CJM289#07062020#121639.jpg,69,24,car plate,599,564,668,588
1#34CJM289#07062020#142653.jpg,84,24,car plate,667,586,751,610
1#34CJM289#08062020#035138.jpg,67,23,car plate,662,613,729,636
1#34CJM289#08062020#130609.jpg,152,26,car plate,741,576,893,602
1#34CJR637#07062020#205628.jpg,39,23,car plate,421,600,460,623
1#34CLN326#08062020#053021.jpg,134,27,car plate,556,592,690,619
1#34CMF061#07062020#113834.jpg,136,27,car plate,587,616,723,643
1#34CMF061#07062020#161002.jpg,121,26,car plate,571,619,692,645
1#34CMR714#08062020#192924.jpg,163,33,car plate,1045,637,1208,670
1#34CNA247#08062020#045524.jpg,133,26,car plate,717,588,850,614
1#34CND085#08062020#150105.jpg,153,27,car plate,717,607,870,634
1#34CNT308#07062020#145530.jpg,136,27,car plate,574,627,710,654
1#34CPA817#07062020#183339.jpg,98,25,car plate,694,567,792,592
1#34CPF757#08062020#022826.jpg,135,27,car plate,455,589,590,616
1#34CPF757#08062020#074526.jpg,135,27,car plate,455,589,590,616
1#34CPF757#08062020#145719.jpg,159,28,car plate,545,654,704,682
1#34CPJ45#03062020#155558.jpg,168,32,car plate,488,554,656,586
1#34CSK983#08062020#202847.jpg,153,24,car plate,315,635,468,659
1#34CTK24#06062020#032642.jpg,180,29,car plate,824,523,1004,552
1#34CUD774#08062020#192611.jpg,157,26,car plate,653,578,810,604
1#34CVK77#07062020#153727.jpg,132,28,car plate,425,568,557,596
1#34CZC62#03062020#124419 .jpg,189,34,car plate,588,528,777,562
1#34DA3804#03062020#125316 .jpg,198,35,car plate,427,566,625,601
1#34DC3236#08062020#142044.jpg,157,26,car plate,594,605,751,631
1#34DC4304#03062020#125836 .jpg,186,32,car plate,422,615,608,647
1#34DD6557#03062020#103701 .jpg,166,28,car plate,688,620,854,648
1#34DF0542#03062020#124354 .jpg,200,29,car plate,461,568,661,597
1#34DF4123#03062020#125819 .jpg,195,32,car plate,400,588,595,620
1#34DG1365#03062020#124645 .jpg,197,33,car plate,606,591,803,624
1#34DG9523#03062020#171931.jpg,181,29,car plate,554,638,735,667
1#34DH6649#03062020#124145 .jpg,199,28,car plate,634,609,833,637
1#34DJ175#03062020#211435.jpg,193,35,car plate,787,616,980,651
1#34DJ175#03062020#214257.jpg,191,35,car plate,785,607,976,642
1#34DJ4431#08062020#062137.jpg,140,27,car plate,521,592,661,619
1#34DJ8250#03062020#155048.jpg,161,28,car plate,599,527,760,555
1#34DK6044#03062020#013059 .jpg,183,28,car plate,458,634,641,662
1#34DL1742#08062020#052922.jpg,140,27,car plate,715,612,855,639
1#34DL6150#03062020#172701.jpg,161,33,car plate,489,522,650,555
1#34DLE35#08062020#134738.jpg,109,23,car plate,868,486,977,509
1#34DM1926#03062020#190015.jpg,194,32,car plate,498,616,692,648
1#34DM4632#03062020#002226 .jpg,160,27,car plate,626,597,786,624
1#34DM5460#03062020#123751 .jpg,209,34,car plate,623,616,832,650
1#34DMJ10#03062020#184625.jpg,193,32,car plate,570,608,763,640
1#34DN8275#03062020#183236.jpg,205,32,car plate,657,651,862,683
1#34DS1636#03062020#125704 .jpg,195,34,car plate,617,550,812,584
1#34DS4043#03062020#100908 .jpg,167,27,car plate,604,647,771,674
1#34DS4555#03062020#125334 .jpg,196,38,car plate,712,553,908,591
1#34DS7564#03062020#130248 .jpg,205,33,car plate,519,612,724,645
1#34DT1875#03062020#102324 .jpg,157,24,car plate,518,627,675,651
1#34DT5010#03062020#184313.jpg,195,29,car plate,460,607,655,636
1#34DT7019#03062020#173402.jpg,168,28,car plate,596,573,764,601
1#34DT8072#03062020#180240.jpg,189,27,car plate,475,640,664,667
1#34DT9112#03062020#103929 .jpg,172,27,car plate,674,637,846,664
1#34DT9872#03062020#184811.jpg,200,33,car plate,424,637,624,670
1#34DTC85#03062020#010401 .jpg,160,25,car plate,496,603,656,628
1#34DU0324#03062020#175231.jpg,185,34,car plate,624,613,809,647
1#34DU3305#03062020#174332.jpg,181,26,car plate,564,650,745,676
1#34DU3315#03062020#002539 .jpg,168,27,car plate,363,631,531,658
1#34DU4762#06062020#031312.jpg,210,34,car plate,832,615,1042,649
1#34DU4868#03062020#005438 .jpg,167,26,car plate,557,625,724,651
1#34DU9350#03062020#213349.jpg,191,35,car plate,849,585,1040,620
1#34DV0136#03062020#184139.jpg,194,29,car plate,546,619,740,648
1#34DV3371#03062020#101625 .jpg,156,27,car plate,569,633,725,660
1#34DV6716#03062020#124256 .jpg,202,36,car plate,371,616,573,652
1#34DV6857#03062020#175049.jpg,184,32,car plate,735,600,919,632
1#34DV7806#03062020#130116 .jpg,201,33,car plate,668,575,869,608
1#34DZ4003#03062020#102225 .jpg,162,28,car plate,596,627,758,655
1#34EA3224#03062020#002214 .jpg,168,29,car plate,733,619,901,648
1#34EA3321#03062020#124514 .jpg,198,35,car plate,398,571,596,606
1#34EA4923#03062020#125324 .jpg,209,36,car plate,758,609,967,645
1#34EBA31#03062020#144139.jpg,200,33,car plate,551,630,751,663
1#34EBR55#03062020#123801 .jpg,206,36,car plate,720,614,926,650
1#34EC2694#03062020#124044 .jpg,205,35,car plate,683,610,888,645
1#34EC5038#03062020#183812.jpg,197,33,car plate,505,614,702,647
1#34EC5169#03062020#005300 .jpg,167,27,car plate,600,625,767,652
1#34ECA49#03062020#124806 .jpg,185,28,car plate,482,523,667,551
1#34ED4483#03062020#185527.jpg,191,32,car plate,630,610,821,642
1#34EE1263#03062020#125658 .jpg,192,33,car plate,511,552,703,585
1#34EEK03#03062020#124306 .jpg,201,36,car plate,693,588,894,624
1#34EJ0676#03062020#124438 .jpg,201,36,car plate,869,583,1070,619
1#34EJ0812#03062020#184614.jpg,205,32,car plate,532,637,737,669
1#34EJ2330#03062020#094930 .jpg,190,34,car plate,326,589,516,623
1#34EJ2947#03062020#102149 .jpg,159,28,car plate,563,628,722,656
1#34EJ3304#03062020#154246.jpg,159,32,car plate,600,481,759,513
1#34EJ3994#03062020#185630.jpg,194,32,car plate,602,557,796,589
1#34EJ4915#03062020#185244.jpg,182,29,car plate,626,568,808,597
1#34EJ5078#03062020#183652.jpg,200,34,car plate,595,623,795,657
1#34EJ8237#03062020#130017 .jpg,192,42,car plate,702,541,894,583
1#34EJ8372#03062020#124845 .jpg,197,37,car plate,880,587,1077,624
1#34EK0389#03062020#002310 .jpg,160,26,car plate,574,613,734,639
1#34EK6010#06062020#001945.jpg,192,33,car plate,675,514,867,547
1#34EL9821#03062020#183954.jpg,190,29,car plate,482,618,672,647
1#34EM5277#07062020#124925.jpg,144,28,car plate,608,612,752,640
1#34EM7862#03062020#155314.jpg,177,32,car plate,559,617,736,649
1#34EM9358#03062020#175417.jpg,181,36,car plate,942,635,1123,671
1#34EN3943#03062020#001853 .jpg,174,26,car plate,534,602,708,628
1#34ES6337#03062020#124204 .jpg,201,32,car plate,352,593,553,625
1#34ES7338#03062020#002611 .jpg,160,27,car plate,809,621,969,648
1#34ET1262#03062020#010036 .jpg,162,27,car plate,585,590,747,617
1#34ET3143#03062020#125158 .jpg,194,35,car plate,601,527,795,562
1#34ET8799#08062020#050527.jpg,147,29,car plate,636,631,783,660
1#34ET9237#03062020#181000.jpg,169,28,car plate,207,567,376,595
1#34ET9516#03062020#100825 .jpg,165,29,car plate,541,638,706,667
1#34ETM67#03062020#185639.jpg,196,32,car plate,601,628,797,660
1#34EU325#03062020#154323.jpg,162,34,car plate,521,631,683,665
1#34EV5404#03062020#124818 .jpg,195,36,car plate,684,540,879,576
1#34EY1537#03062020#125058 .jpg,198,32,car plate,486,579,684,611
1#34EY1716#03062020#124815 .jpg,177,35,car plate,773,472,950,507
1#34EY1983#03062020#125859 .jpg,200,36,car plate,575,578,775,614
1#34EY4494#03062020#185701.jpg,176,27,car plate,445,580,621,607
1#34EY4818#03062020#174623.jpg,183,28,car plate,528,640,711,668
1#34EY5919#03062020#125736 .jpg,178,43,car plate,999,505,1177,548
1#34EY8697#03062020#125902 .jpg,200,32,car plate,454,606,654,638
1#34EZ8935#03062020#190127.jpg,192,29,car plate,595,589,787,618
1#34FA0877#03062020#184350.jpg,191,29,car plate,610,610,801,639
1#34FA1149#03062020#103823 .jpg,169,28,car plate,686,653,855,681
1#34FA7414#03062020#181119.jpg,172,29,car plate,812,558,984,587
1#34FD0802#08062020#052305.jpg,120,27,car plate,462,592,582,619
1#34FE2469#03062020#171238.jpg,175,34,car plate,487,614,662,648
1#34FE8216#03062020#124516 .jpg,201,32,car plate,574,601,775,633
1#34FG0776#08062020#135939.jpg,151,25,car plate,516,575,667,600
1#34FG5887#03062020#002717 .jpg,164,26,car plate,552,610,716,636
1#34FG8812#03062020#125701 .jpg,195,29,car plate,622,563,817,592
1#34FH0870#03062020#125759 .jpg,197,32,car plate,530,560,727,592
1#34FH1210#03062020#124628 .jpg,207,34,car plate,568,574,775,608
1#34FH4843#03062020#180703.jpg,177,35,car plate,889,589,1066,624
1#34FH6525#03062020#125823 .jpg,197,33,car plate,328,549,525,582
1#34FH8912#03062020#184457.jpg,197,32,car plate,613,627,810,659
1#34FH9005#03062020#123844 .jpg,201,34,car plate,626,577,827,611
1#34FH9414#03062020#130217 .jpg,198,34,car plate,491,601,689,635
1#34FIA81#03062020#124241 .jpg,186,32,car plate,335,548,521,580
1#34FIN99#03062020#184116.jpg,186,29,car plate,580,628,766,657
1#34FJ8963#03062020#002235 .jpg,150,25,car plate,599,534,749,559
1#34FKG64#03062020#124312 .jpg,163,35,car plate,642,377,805,412
1#34FL7130#03062020#125439 .jpg,199,33,car plate,493,569,692,602
1#34FM6662#03062020#185210.jpg,195,33,car plate,646,628,841,661
1#34FP9486#03062020#013625 .jpg,181,28,car plate,113,624,294,652
1#34FPT39#03062020#183939.jpg,196,33,car plate,587,624,783,657
1#34FR4379#08062020#061619.jpg,137,25,car plate,603,592,740,617
1#34FS3325#03062020#184142.jpg,195,29,car plate,526,607,721,636
1#34FT1294#03062020#185316.jpg,199,32,car plate,506,606,705,638
1#34FT1875#08062020#200348.jpg,146,25,car plate,486,559,632,584
1#34FT4373#03062020#002003 .jpg,158,25,car plate,656,582,814,607
1#34FT6496#03062020#002212 .jpg,159,29,car plate,725,570,884,599
1#34FU0026#07062020#160807.jpg,143,26,car plate,542,615,685,641
1#34FU0999#03062020#211615.jpg,176,32,car plate,742,506,918,538
1#34FU6842#03062020#130020 .jpg,190,32,car plate,393,537,583,569
1#34FU8442#03062020#181149.jpg,177,29,car plate,577,570,754,599
1#34FU8985#03062020#183257.jpg,184,29,car plate,613,585,797,614
1#34FU9648#03062020#185716.jpg,185,33,car plate,590,577,775,610
1#34FU9969#03062020#124244 .jpg,194,33,car plate,411,567,605,600
1#34FV3878#03062020#170559.jpg,182,28,car plate,615,655,797,683
1#34FV9008#07062020#144717.jpg,67,23,car plate,814,613,881,636
1#34FZ1811#03062020#002256 .jpg,161,26,car plate,464,596,625,622
1#34GA0356#03062020#184639.jpg,197,32,car plate,516,614,713,646
1#34GA0711#03062020#125710 .jpg,177,36,car plate,561,471,738,507
1#34GA8492#03062020#110923 .jpg,172,32,car plate,762,625,934,657
1#34GB3491#03062020#185109.jpg,192,29,car plate,537,609,729,638
1#34GB5699#06062020#034654.jpg,197,33,car plate,734,615,931,648
1#34GC0693#03062020#184439.jpg,191,32,car plate,464,580,655,612
1#34GC4121#03062020#125542 .jpg,202,38,car plate,692,556,894,594
1#34GC4220#03062020#132058 .jpg,181,46,car plate,439,608,620,654
1#34GD2646#07062020#112607.jpg,125,27,car plate,847,618,972,645
1#34GD3056#03062020#174217.jpg,175,38,car plate,902,615,1077,653
1#34GD3917#03062020#165403.jpg,133,29,car plate,593,557,726,586
1#34GD4983#03062020#172856.jpg,181,34,car plate,506,631,687,665
1#34GD8086#03062020#123642 .jpg,199,34,car plate,618,592,817,626
1#34GF6142#03062020#184849.jpg,189,32,car plate,531,599,720,631
1#34GF7846#03062020#213248.jpg,184,32,car plate,691,588,875,620
1#34GFH07#06062020#031150.jpg,195,29,car plate,780,587,975,616
1#34GG1148#03062020#123924 .jpg,209,38,car plate,733,609,942,647
1#34GG3279#07062020#202213.jpg,103,23,car plate,623,611,726,634
1#34GG8986#03062020#125255 .jpg,169,37,car plate,710,426,879,463
1#34GH0832#03062020#002251 .jpg,166,27,car plate,539,611,705,638
1#34GH1977#03062020#164842.jpg,130,25,car plate,573,515,703,540
1#34GJ4751#03062020#184042.jpg,197,33,car plate,471,602,668,635
1#34GJ6553#03062020#010551 .jpg,158,25,car plate,437,603,595,628
1#34GJ9536#08062020#033437.jpg,134,26,car plate,604,594,738,620
1#34GJ9715#03062020#175135.jpg,177,34,car plate,948,607,1125,641
1#34GK6248#03062020#185947.jpg,195,33,car plate,589,606,784,639
1#34GL8107#06062020#032805.jpg,196,32,car plate,795,531,991,563
1#34GM4527#03062020#002119 .jpg,164,26,car plate,689,594,853,620
1#34GN1893#06062020#033028.jpg,201,33,car plate,742,576,943,609
1#34GN5005#03062020#124458 .jpg,199,35,car plate,672,563,871,598
1#34GN7534#03062020#185555.jpg,185,29,car plate,725,565,910,594
1#34GN8190#03062020#125420 .jpg,195,35,car plate,556,539,751,574
1#34GN9387#03062020#123915 .jpg,194,43,car plate,944,587,1138,630
1#34GP0985#03062020#165026.jpg,132,29,car plate,646,551,778,580
1#34GP1242#03062020#004906 .jpg,160,26,car plate,502,614,662,640
1#34GP4993#03062020#170930.jpg,169,50,car plate,132,625,301,675
1#34GR0541#03062020#124219 .jpg,201,41,car plate,874,599,1075,640
1#34GR0781#03062020#174026.jpg,179,27,car plate,567,633,746,660
1#34GR0781#03062020#190217.jpg,181,32,car plate,685,594,866,626
1#34GR1787#03062020#001844 .jpg,162,27,car plate,576,599,738,626
1#34GR2636#03062020#125647 .jpg,182,35,car plate,836,551,1018,586
1#34GR3047#03062020#130145 .jpg,207,36,car plate,592,556,799,592
1#34GR3319#08062020#192030.jpg,164,25,car plate,434,650,598,675
1#34GR5885#03062020#124108 .jpg,201,34,car plate,659,593,860,627
1#34GR7267#03062020#125530 .jpg,201,34,car plate,582,588,783,622
1#34GR8485#03062020#103534 .jpg,151,27,car plate,798,626,949,653
1#34GR9977#03062020#123910 .jpg,205,35,car plate,570,615,775,650
1#34GR9996#03062020#124722 .jpg,205,37,car plate,608,584,813,621
1#34GT1658#03062020#102656 .jpg,159,26,car plate,608,618,767,644
1#34GT6108#08062020#153009.jpg,157,27,car plate,675,643,832,670
1#34GT7762#03062020#101423 .jpg,152,25,car plate,681,610,833,635
1#34GT8239#03062020#130210 .jpg,189,29,car plate,477,619,666,648
1#34GU0792#07062020#125810.jpg,143,28,car plate,646,629,789,657
1#34GU2743#03062020#130240 .jpg,198,34,car plate,604,569,802,603
1#34GU6709#06062020#033435.jpg,193,32,car plate,715,593,908,625
1#34GV5937#05062020#104401.jpg,224,33,car plate,582,604,806,637
1#34GY436#03062020#010140 .jpg,167,25,car plate,430,627,597,652
1#34GY6478#08062020#195309.jpg,153,24,car plate,459,613,612,637
1#34GYB49#03062020#185120.jpg,186,29,car plate,561,574,747,603
1#34GZ4500#03062020#185426.jpg,182,28,car plate,475,589,657,617
1#34HAR86#03062020#185508.jpg,194,32,car plate,587,623,781,655
1#34HB8153#03062020#171725.jpg,164,36,car plate,463,586,627,622
1#34HD3307#03062020#213048.jpg,197,42,car plate,911,623,1108,665
1#34HE2985#06062020#142619.jpg,201,34,car plate,617,561,818,595
1#34HE7893#08062020#144620.jpg,161,26,car plate,502,664,663,690
1#34HE8119#03062020#124825 .jpg,195,35,car plate,878,543,1073,578
1#34HF3611#03062020#123936 .jpg,208,37,car plate,615,610,823,647
1#34HG0613#03062020#125151 .jpg,206,36,car plate,719,569,925,605
1#34HG1168#03062020#184156.jpg,194,29,car plate,583,594,777,623
1#34HG5160#03062020#012330 .jpg,165,28,car plate,489,611,654,639
1#34HJ0290#07062020#114643.jpg,137,27,car plate,527,605,664,632
1#34HJ5402#03062020#124917 .jpg,179,33,car plate,777,479,956,512
1#34HJ8192#03062020#185259.jpg,200,32,car plate,533,636,733,668
1#34HK3092#03062020#124835 .jpg,196,29,car plate,623,559,819,588
1#34HK5362#03062020#103855 .jpg,168,28,car plate,661,647,829,675
1#34HK6422#03062020#125932 .jpg,199,36,car plate,947,602,1146,638
1#34HK8763#07062020#162140.jpg,133,26,car plate,835,614,968,640
1#34HL0317#08062020#041628.jpg,144,27,car plate,662,578,806,605
1#34HL0317#08062020#053112.jpg,148,28,car plate,590,606,738,634
1#34HL6029#08062020#015001.jpg,143,26,car plate,593,541,736,567
1#34HL6029#08062020#023914.jpg,125,24,car plate,861,498,986,522
1#34HL6029#08062020#033855.jpg,143,27,car plate,568,553,711,580
1#34HL6029#08062020#051959.jpg,146,28,car plate,518,593,664,621
1#34HL6029#08062020#061808.jpg,144,25,car plate,831,553,975,578
1#34HL6029#08062020#070702.jpg,144,26,car plate,593,541,737,567
1#34HL6029#08062020#075615.jpg,148,26,car plate,894,604,1042,630
1#34HL6029#08062020#145333.jpg,166,28,car plate,744,607,910,635
1#34HM0996#03062020#185130.jpg,178,28,car plate,762,541,940,569
1#34HM8864#03062020#125806 .jpg,199,34,car plate,539,563,738,597
1#34HN1962#07062020#140149.jpg,132,24,car plate,657,606,789,630
1#34HN8771#03062020#123836 .jpg,198,33,car plate,613,604,811,637
1#34HN9581#03062020#124752 .jpg,200,33,car plate,561,614,761,647
1#34HNU11#03062020#213206.jpg,190,35,car plate,973,619,1163,654
1#34HP1717#03062020#002139 .jpg,172,27,car plate,519,603,691,630
1#34HR3434#03062020#005204 .jpg,168,29,car plate,592,625,760,654
1#34HR5275#08062020#054945.jpg,134,28,car plate,445,594,579,622
1#34HS2726#03062020#002114 .jpg,158,27,car plate,653,591,811,618
1#34HT2201#03062020#183947.jpg,195,32,car plate,594,640,789,672
1#34HT3609#03062020#125918 .jpg,194,45,car plate,930,585,1124,630
1#34HU6750#03062020#123640 .jpg,206,38,car plate,559,577,765,615
1#34HVJ28#03062020#171444.jpg,169,25,car plate,664,607,833,632
1#34HY7595#03062020#123620 .jpg,198,42,car plate,720,605,918,647
1#34HY8765#03062020#002453 .jpg,173,28,car plate,683,633,856,661
1#34HZ1027#03062020#183442.jpg,192,29,car plate,533,602,725,631
1#34IPIJ#03062020#211834.jpg,176,33,car plate,577,493,753,526
1#34J3334#03062020#185923.jpg,175,26,car plate,503,595,678,621
1#34JA0472#03062020#001948 .jpg,164,28,car plate,580,616,744,644
1#34JA1196#03062020#185230.jpg,193,29,car plate,535,623,728,652
1#34JA2297#03062020#133037 .jpg,184,36,car plate,362,615,546,651
1#34JA4066#03062020#005556 .jpg,161,27,car plate,641,577,802,604
1#34JA4236#03062020#002205 .jpg,169,28,car plate,524,611,693,639
1#34JA7386#03062020#212310.jpg,158,26,car plate,672,424,830,450
1#34JA7807#03062020#004748 .jpg,166,27,car plate,533,609,699,636
1#34JA8545#03062020#125507 .jpg,206,36,car plate,478,606,684,642
1#34JA9472#03062020#174157.jpg,184,29,car plate,434,596,618,625
1#34JA9544#03062020#130112 .jpg,207,36,car plate,627,609,834,645
1#34JA9573#03062020#124034 .jpg,211,32,car plate,532,617,743,649
1#34JA9860#03062020#125623 .jpg,191,33,car plate,551,553,742,586
1#34JB0293#03062020#184814.jpg,193,32,car plate,561,603,754,635
1#34JB5565#03062020#123805 .jpg,197,37,car plate,779,568,976,605
1#34JCM07#07062020#123610.jpg,87,23,car plate,600,585,687,608
1#34JDT31#03062020#185551.jpg,182,29,car plate,657,578,839,607
1#34JE7521#07062020#170348.jpg,124,25,car plate,918,607,1042,632
1#34JE7521#07062020#215047.jpg,124,25,car plate,918,607,1042,632
1#34JE7521#07062020#230710.jpg,148,27,car plate,100,609,248,636
1#34JE9729#03062020#124837 .jpg,194,33,car plate,668,572,862,605
1#34JEK85#03062020#125127 .jpg,198,38,car plate,884,585,1082,623
1#34JF6316#03062020#184217.jpg,195,32,car plate,690,630,885,662
1#34JF6569#03062020#174801.jpg,179,36,car plate,894,591,1073,627
1#34JF7819#08062020#014631.jpg,118,26,car plate,533,590,651,616
1#34JF7819#08062020#070332.jpg,103,26,car plate,547,590,650,616
1#34JF7819#08062020#131918.jpg,150,26,car plate,544,584,694,610
1#34JFP68#03062020#010408 .jpg,151,27,car plate,407,555,558,582
1#34JG2896#03062020#154140.jpg,163,36,car plate,466,543,629,579
1#34JG8835#03062020#125105 .jpg,196,29,car plate,565,616,761,645
1#34JH2638#03062020#103603 .jpg,156,29,car plate,866,629,1022,658
1#34JH5269#08062020#110536.jpg,132,20,car plate,63,601,195,621
1#34JH5269#08062020#135648.jpg,135,24,car plate,1084,445,1219,469
1#34JH6397#07062020#153552.jpg,137,26,car plate,540,607,677,633
1#34JJ0112#08062020#023330.jpg,62,24,car plate,450,553,512,577
1#34JJ0112#08062020#075030.jpg,63,23,car plate,450,553,513,576
1#34JK0620#03062020#003749 .jpg,163,28,car plate,609,623,772,651
1#34JK0911#03062020#183922.jpg,192,32,car plate,595,599,787,631
1#34JMN10#03062020#155129.jpg,172,29,car plate,486,573,658,602
1#34JN0201#03062020#185006.jpg,194,32,car plate,634,603,828,635
1#34JN7377#03062020#213415.jpg,209,34,car plate,370,617,579,651
1#34JNG98#08062020#205111.jpg,150,24,car plate,436,577,586,601
1#34JP0420#03062020#171147.jpg,179,28,car plate,624,613,803,641
1#34JP0849#03062020#174658.jpg,182,27,car plate,676,613,858,640
1#34JP2020#03062020#125552 .jpg,190,42,car plate,633,495,823,537
1#34JP3863#03062020#124859 .jpg,205,45,car plate,685,583,890,628
1#34JP4238#03062020#171640.jpg,182,28,car plate,577,623,759,651
1#34JP5012#03062020#190212.jpg,191,32,car plate,526,599,717,631
1#34JPA83#03062020#003754 .jpg,162,27,car plate,616,611,778,638
1#34JS5092#03062020#164918.jpg,127,28,car plate,639,481,766,509
1#34JT8660#03062020#124157 .jpg,185,32,car plate,436,608,621,640
1#34JU1481#03062020#010607 .jpg,164,27,car plate,495,589,659,616
1#34JU2162#03062020#123920 .jpg,205,34,car plate,655,592,860,626
1#34JU2680#03062020#005420 .jpg,162,27,car plate,568,602,730,629
1#34JU9186#03062020#125441 .jpg,193,33,car plate,672,546,865,579
1#34JV6865#03062020#181013.jpg,180,27,car plate,610,584,790,611
1#34JY3489#03062020#184049.jpg,198,33,car plate,560,635,758,668
1#34JYB01#03062020#124610 .jpg,193,34,car plate,538,566,731,600
1#34JZ5311#03062020#130202 .jpg,202,35,car plate,587,577,789,612
1#34KA0340#03062020#125528 .jpg,196,33,car plate,448,579,644,612
1#34KA1684#03062020#185718.jpg,192,32,car plate,594,612,786,644
1#34KA3267#03062020#184619.jpg,200,33,car plate,584,633,784,666
1#34KA3300#03062020#124402 .jpg,207,36,car plate,598,608,805,644
1#34KA3423#03062020#130114 .jpg,213,36,car plate,497,580,710,616
1#34KA6209#03062020#125757 .jpg,195,32,car plate,526,562,721,594
1#34KA6879#03062020#102637 .jpg,166,27,car plate,584,626,750,653
1#34KA7353#03062020#185751.jpg,195,33,car plate,564,623,759,656
1#34KA7702#03062020#180215.jpg,181,32,car plate,421,587,602,619
1#34KA8813#03062020#175502.jpg,186,28,car plate,528,629,714,657
1#34KA8830#03062020#183446.jpg,200,33,car plate,574,636,774,669
1#34KA9405#03062020#174145.jpg,183,29,car plate,591,619,774,648
1#34KA9521#03062020#183709.jpg,186,32,car plate,673,581,859,613
1#34KC1224#05062020#104659.jpg,189,29,car plate,734,546,923,575
1#34KD9391#03062020#002555 .jpg,158,27,car plate,666,597,824,624
1#34KEN81#03062020#124810 .jpg,184,35,car plate,842,494,1026,529
1#34KF6346#03062020#125831 .jpg,207,34,car plate,741,595,948,629
1#34KF8003#03062020#184308.jpg,194,33,car plate,523,617,717,650
1#34KG4374#03062020#130119 .jpg,199,35,car plate,365,606,564,641
1#34KG7501#03062020#125854 .jpg,207,41,car plate,760,606,967,647
1#34KGF41#03062020#153725.jpg,167,35,car plate,463,579,630,614
1#34KJ4994#03062020#002619 .jpg,164,28,car plate,511,601,675,629
1#34KK5088#03062020#184355.jpg,192,32,car plate,737,601,929,633
1#34KK9845#03062020#183406.jpg,193,32,car plate,496,608,689,640
1#34KL1318#03062020#125153 .jpg,196,33,car plate,609,564,805,597
1#34KL5956#03062020#125924 .jpg,193,33,car plate,523,560,716,593
1#34KS3057#03062020#002725 .jpg,169,28,car plate,655,625,824,653
1#34KS3172#03062020#124934 .jpg,196,29,car plate,405,567,601,596
1#34KS3579#08062020#051855.jpg,136,26,car plate,447,577,583,603
1#34KS6469#03062020#004245 .jpg,164,28,car plate,589,619,753,647
1#34KS7923#03062020#124143 .jpg,186,41,car plate,942,602,1128,643
1#34KS8153#03062020#010207 .jpg,165,27,car plate,545,615,710,642
1#34KT1961#05062020#101741.jpg,189,32,car plate,636,562,825,594
1#34KT1961#05062020#233125.jpg,197,33,car plate,651,590,848,623
1#34KT4806#08062020#204854.jpg,156,27,car plate,714,624,870,651
1#34KT4808#07062020#162437.jpg,137,26,car plate,731,615,868,641
1#34KU7239#03062020#172033.jpg,169,33,car plate,535,593,704,626
1#34KUA68#08062020#044447.jpg,88,27,car plate,530,619,618,646
1#34KV7430#03062020#103050 .jpg,166,27,car plate,689,651,855,678
1#34KY3976#08062020#132012.jpg,149,28,car plate,1037,595,1186,623
1#34KY9640#03062020#012738 .jpg,162,25,car plate,423,602,585,627
1#34KZ9542#03062020#004927 .jpg,158,27,car plate,448,616,606,643
1#34LA063#03062020#180800.jpg,180,28,car plate,475,595,655,623
1#34LA2473#03062020#123747 .jpg,198,36,car plate,546,599,744,635
1#34LA3837#03062020#154325.jpg,165,28,car plate,501,555,666,583
1#34LA4154#08062020#030516.jpg,126,26,car plate,528,602,654,628
1#34LA4154#08062020#143912.jpg,159,26,car plate,258,621,417,647
1#34LA5177#03062020#183338.jpg,191,29,car plate,463,611,654,640
1#34LA5231#03062020#213319.jpg,207,37,car plate,792,612,999,649
1#34LA5421#07062020#160555.jpg,120,24,car plate,586,574,706,598
1#34LA7585#03062020#125456 .jpg,190,35,car plate,644,524,834,559
1#34LA7699#03062020#190118.jpg,191,28,car plate,523,598,714,626
1#34LA9360#03062020#125755 .jpg,190,29,car plate,446,533,636,562
1#34LA9732#03062020#002155 .jpg,166,28,car plate,650,624,816,652
1#34LB6104#03062020#175802.jpg,179,33,car plate,432,586,611,619
1#34LBP96#03062020#004422 .jpg,158,28,car plate,562,596,720,624
1#34LC6894#03062020#010528 .jpg,162,29,car plate,515,621,677,650
1#34LC8777#05062020#234933.jpg,206,35,car plate,751,604,957,639
1#34LD3674#03062020#174253.jpg,169,28,car plate,288,604,457,632
1#34LD4678#03062020#125242 .jpg,205,33,car plate,390,596,595,629
1#34LDZ62#03062020#143944.jpg,185,28,car plate,600,639,785,667
1#34LDZ62#03062020#144800.jpg,185,28,car plate,600,639,785,667
1#34LE4788#03062020#174850.jpg,180,32,car plate,456,616,636,648
1#34LE5422#03062020#175155.jpg,177,32,car plate,464,625,641,657
1#34LG3318#03062020#101138 .jpg,152,24,car plate,634,620,786,644
1#34LG3781#03062020#094726 .jpg,189,32,car plate,337,611,526,643
1#34LH2056#03062020#125253 .jpg,194,32,car plate,370,596,564,628
1#34LH2617#03062020#172915.jpg,177,32,car plate,563,612,740,644
1#34LH6843#03062020#181051.jpg,177,28,car plate,644,583,821,611
1#34LH9029#07062020#122131.jpg,140,26,car plate,592,577,732,603
1#34LIN87#03062020#002513 .jpg,167,28,car plate,735,622,902,650
1#34LJF08#03062020#184943.jpg,197,33,car plate,528,619,725,652
1#34LJJ78#03062020#190152.jpg,180,28,car plate,554,548,734,576
1#34LK0306#07062020#212045.jpg,93,27,car plate,156,554,249,581
1#34LK0306#08062020#152737.jpg,159,25,car plate,624,627,783,652
1#34LK1987#06062020#002948.jpg,202,29,car plate,704,600,906,629
1#34LK8390#03062020#103837 .jpg,163,26,car plate,547,652,710,678
1#34LL0131#03062020#180229.jpg,181,28,car plate,485,628,666,656
1#34LL1045#03062020#185458.jpg,199,33,car plate,578,638,777,671
1#34LM3011#07062020#124044.jpg,148,29,car plate,435,632,583,661
1#34LM3011#08062020#031635.jpg,146,32,car plate,488,612,634,644
1#34LM7860#03062020#124741 .jpg,197,37,car plate,579,533,776,570
1#34LM8681#06062020#001706.jpg,197,34,car plate,733,599,930,633
1#34LMH53#03062020#184702.jpg,190,32,car plate,604,604,794,636
1#34LN6041#03062020#153120.jpg,166,35,car plate,357,583,523,618
1#34LN8369#05062020#105320.jpg,210,33,car plate,716,620,926,653
1#34LNA22#03062020#002323 .jpg,160,27,car plate,694,605,854,632
1#34LNS06#03062020#125834 .jpg,182,37,car plate,792,517,974,554
1#34LP0793#03062020#012209 .jpg,160,27,car plate,574,618,734,645
1#34LP2406#03062020#123708 .jpg,202,32,car plate,564,599,766,631
1#34LP7158#03062020#123931 .jpg,185,36,car plate,839,578,1024,614
1#34LR2190#03062020#125110 .jpg,185,44,car plate,731,533,916,577
1#34LR3744#03062020#183638.jpg,202,32,car plate,629,630,831,662
1#34LR8340#03062020#174448.jpg,178,34,car plate,995,620,1173,654
1#34LS2152#03062020#125808 .jpg,205,36,car plate,699,591,904,627
1#34LS2414#03062020#130232 .jpg,184,41,car plate,893,539,1077,580
1#34LS8512#03062020#130002 .jpg,208,42,car plate,764,576,972,618
1#34LSS10#03062020#183432.jpg,190,35,car plate,529,603,719,638
1#34LU7952#03062020#124259 .jpg,207,36,car plate,678,600,885,636
1#34LV6147#03062020#175044.jpg,178,34,car plate,185,593,363,627
1#34LV6940#03062020#175115.jpg,185,29,car plate,580,621,765,650
1#34LV6974#03062020#124520 .jpg,193,34,car plate,576,549,769,583
1#34LV9649#03062020#125857 .jpg,210,38,car plate,598,611,808,649
1#34LV9796#03062020#212741.jpg,199,36,car plate,867,584,1066,620
1#34LVU03#03062020#123730 .jpg,208,32,car plate,508,600,716,632
1#34LY5961#03062020#171750.jpg,172,32,car plate,537,621,709,653
1#34LY7734#03062020#125308 .jpg,193,37,car plate,656,553,849,590
1#34LY7900#06062020#000614.jpg,202,36,car plate,837,618,1039,654
1#34LZ0048#06062020#034635.jpg,208,34,car plate,845,622,1053,656
1#34LZ2151#03062020#184222.jpg,180,28,car plate,606,612,786,640
1#34LZ2411#03062020#124833 .jpg,201,34,car plate,584,610,785,644
1#34LZ7620#03062020#002304 .jpg,163,28,car plate,527,618,690,646
1#34LZ9969#06062020#034252.jpg,185,32,car plate,721,573,906,605
1#34MB5218#03062020#125545 .jpg,202,33,car plate,541,546,743,579
1#34ME5033#03062020#173101.jpg,165,28,car plate,579,540,744,568
1#34MJ0108#03062020#174102.jpg,189,27,car plate,357,627,546,654
1#34ML8081#03062020#130251 .jpg,192,32,car plate,423,563,615,595
1#34MM665#03062020#010204 .jpg,160,27,car plate,364,623,524,650
1#34MN0522#03062020#124745 .jpg,181,37,car plate,624,470,805,507
1#34MOV03#03062020#213901.jpg,189,35,car plate,851,610,1040,645
1#34MSC53#03062020#152932.jpg,172,28,car plate,548,618,720,646
1#34MTC38#03062020#124856 .jpg,194,41,car plate,681,577,875,618
1#34N5097#03062020#185725.jpg,201,35,car plate,662,641,863,676
1#34NB3577#03062020#125022 .jpg,190,33,car plate,559,555,749,588
1#34ND2129#03062020#125827 .jpg,209,34,car plate,701,612,910,646
1#34ND5848#03062020#183332.jpg,201,32,car plate,513,627,714,659
1#34ND7573#03062020#174940.jpg,183,27,car plate,521,624,704,651
1#34ND8785#03062020#124102 .jpg,202,33,car plate,746,594,948,627
1#34NE8155#03062020#005704 .jpg,153,27,car plate,579,615,732,642
1#34NF2824#08062020#060234.jpg,129,27,car plate,544,583,673,610
1#34NF3553#03062020#124831 .jpg,198,33,car plate,357,606,555,639
1#34NG8361#03062020#004917 .jpg,163,27,car plate,523,616,686,643
1#34NG9592#03062020#183704.jpg,192,33,car plate,591,603,783,636
1#34NJ1842#08062020#133045.jpg,149,26,car plate,590,568,739,594
1#34NJ2331#03062020#124141 .jpg,195,38,car plate,679,557,874,595
1#34NJ4677#03062020#101034 .jpg,153,26,car plate,651,560,804,586
1#34NK8413#03062020#125813 .jpg,201,33,car plate,558,595,759,628
1#34NL4458#08062020#200214.jpg,148,27,car plate,566,582,714,609
1#34NL9134#05062020#141904.jpg,175,26,car plate,250,559,425,585
1#34NL9134#05062020#145229.jpg,175,26,car plate,250,559,425,585
1#34NN3683#03062020#185030.jpg,200,33,car plate,533,641,733,674
1#34NN3974#03062020#012421 .jpg,163,28,car plate,514,632,677,660
1#34NN4914#03062020#185254.jpg,181,32,car plate,502,617,683,649
1#34NP4779#03062020#174510.jpg,177,32,car plate,143,645,320,677
1#34NP5798#05062020#234753.jpg,184,32,car plate,684,548,868,580
1#34NP9049#03062020#175221.jpg,174,33,car plate,917,627,1091,660
1#34NP9131#03062020#125539 .jpg,186,35,car plate,480,595,666,630
1#34NR2307#07062020#120409.jpg,117,25,car plate,657,558,774,583
1#34NR6691#03062020#123734 .jpg,198,33,car plate,457,610,655,643
1#34NR8764#03062020#124551 .jpg,206,33,car plate,526,614,732,647
1#34NS4299#03062020#174134.jpg,175,26,car plate,291,616,466,642
1#34NS708#03062020#124545 .jpg,164,36,car plate,1065,401,1229,437
1#34NS7469#03062020#171500.jpg,176,36,car plate,445,634,621,670
1#34NS8940#03062020#185126.jpg,185,32,car plate,566,576,751,608
1#34NT3810#03062020#125423 .jpg,195,35,car plate,482,558,677,593
1#34NT9712#03062020#184337.jpg,186,32,car plate,531,590,717,622
1#34NTK51#03062020#185333.jpg,186,32,car plate,677,559,863,591
1#34NU7303#07062020#125914.jpg,96,25,car plate,558,582,654,607
1#34NV3139#03062020#184134.jpg,192,29,car plate,576,615,768,644
1#34NV4387#03062020#183641.jpg,197,33,car plate,524,612,721,645
1#34NV6754#03062020#001931 .jpg,162,28,car plate,681,612,843,640
1#34NVS28#03062020#125435 .jpg,194,32,car plate,651,562,845,594
1#34NY2890#03062020#130159 .jpg,200,33,car plate,488,610,688,643
1#34NY5528#03062020#103711 .jpg,165,26,car plate,756,631,921,657
1#34NZ0348#03062020#095528 .jpg,182,28,car plate,342,615,524,643
1#34NZ115#03062020#125447 .jpg,177,29,car plate,456,599,633,628
1#34NZ2595#07062020#135848.jpg,119,27,car plate,509,575,628,602
1#34NZ5860#03062020#184636.jpg,199,33,car plate,576,622,775,655
1#34NZ7292#03062020#125314 .jpg,200,34,car plate,478,580,678,614
1#34NZ7752#06062020#030109.jpg,206,34,car plate,547,578,753,612
1#34NZ9550#03062020#212126.jpg,175,33,car plate,869,569,1044,602
1#34P1842#03062020#002157 .jpg,167,27,car plate,463,624,630,651
1#34PA5882#03062020#001939 .jpg,162,29,car plate,596,594,758,623
1#34PA6486#03062020#125501 .jpg,197,34,car plate,579,615,776,649
1#34PA9848#03062020#124405 .jpg,202,32,car plate,524,615,726,647
1#34PB0419#06062020#003006.jpg,202,29,car plate,807,590,1009,619
1#34PB2953#06062020#143702.jpg,199,32,car plate,782,567,981,599
1#34PB3172#05062020#104649.jpg,191,32,car plate,903,568,1094,600
1#34PB3847#06062020#142709.jpg,200,33,car plate,750,589,950,622
1#34PBC98#03062020#103920 .jpg,166,28,car plate,601,622,767,650
1#34PC4191#03062020#123754 .jpg,199,36,car plate,665,597,864,633
1#34PE8629#06062020#034328.jpg,200,33,car plate,749,574,949,607
1#34PEV84#03062020#002740 .jpg,166,27,car plate,581,605,747,632
1#34PF180#07062020#135830.jpg,132,26,car plate,483,592,615,618
1#34PFA62#03062020#183757.jpg,196,33,car plate,647,619,843,652
1#34PFS46#03062020#154927.jpg,185,34,car plate,541,657,726,691
1#34PG8474#03062020#110754 .jpg,166,35,car plate,958,630,1124,665
1#34PHS49#03062020#125953 .jpg,190,34,car plate,570,557,760,591
1#34PJ0304#03062020#002424 .jpg,153,29,car plate,660,596,813,625
1#34PJ0347#03062020#101220 .jpg,168,32,car plate,557,641,725,673
1#34PJ0504#03062020#124356 .jpg,201,35,car plate,417,594,618,629
1#34PJ0840#03062020#002638 .jpg,159,27,car plate,620,581,779,608
1#34PJ0840#03062020#094540 .jpg,182,29,car plate,188,601,370,630
1#34PJ1412#07062020#114515.jpg,118,28,car plate,584,600,702,628
1#34PJ1412#08062020#011638.jpg,133,28,car plate,705,584,838,612
1#34PJ1412#08062020#044905.jpg,133,27,car plate,769,601,902,628
1#34PJ1412#08062020#063338.jpg,135,28,car plate,716,622,851,650
1#34PJ3598#03062020#185041.jpg,197,32,car plate,553,626,750,658
1#34PJ4278#03062020#010442 .jpg,162,27,car plate,504,606,666,633
1#34PJ4623#05062020#104358.jpg,210,34,car plate,730,578,940,612
1#34PJ4623#06062020#002651.jpg,212,33,car plate,747,604,959,637
1#34PJ4799#03062020#103514 .jpg,158,29,car plate,833,639,991,668
1#34PJ5013#03062020#212124.jpg,198,33,car plate,777,589,975,622
1#34PJ5095#03062020#130050 .jpg,202,41,car plate,772,599,974,640
1#34PJ5860#03062020#124330 .jpg,206,32,car plate,529,596,735,628
1#34PJ6410#03062020#185955.jpg,189,28,car plate,641,600,830,628
1#34PJ6523#03062020#124338 .jpg,198,36,car plate,658,577,856,613
1#34PJ6535#03062020#003725 .jpg,142,27,car plate,620,465,762,492
1#34PJ6982#03062020#124639 .jpg,201,35,car plate,863,595,1064,630
1#34PJ7277#03062020#180943.jpg,180,29,car plate,594,575,774,604
1#34PJ7501#03062020#153659.jpg,175,29,car plate,586,597,761,626
1#34PJ7730#03062020#125654 .jpg,197,41,car plate,751,548,948,589
1#34PJC08#03062020#125156 .jpg,198,36,car plate,604,575,802,611
1#34PK8780#03062020#123953 .jpg,167,35,car plate,683,413,850,448
1#34PK8780#03062020#124024 .jpg,197,33,car plate,360,612,557,645
1#34PLZ77#03062020#125050 .jpg,186,34,car plate,778,568,964,602
1#34PN0316#03062020#002446 .jpg,165,26,car plate,690,627,855,653
1#34PN2294#03062020#002101 .jpg,156,29,car plate,596,624,752,653
1#34PN6369#03062020#124033 .jpg,197,33,car plate,350,602,547,635
1#34PPN33#03062020#003844 .jpg,152,28,car plate,719,623,871,651
1#34PR5650#07062020#142340.jpg,124,26,car plate,707,592,831,618
1#34PRT08#03062020#102642 .jpg,156,27,car plate,625,599,781,626
1#34PS7735#03062020#001824 .jpg,166,25,car plate,725,606,891,631
1#34PSJ08#03062020#002533 .jpg,165,25,car plate,448,620,613,645
1#34PU9424#08062020#193118.jpg,149,24,car plate,370,636,519,660
1#34PUP90#03062020#125206 .jpg,184,33,car plate,465,534,649,567
1#34PV3169#03062020#125516 .jpg,191,37,car plate,626,520,817,557
1#34PV4434#03062020#002629 .jpg,166,27,car plate,698,619,864,646
1#34PV4931#03062020#183547.jpg,189,28,car plate,557,602,746,630
1#34PY0918#03062020#002547 .jpg,160,25,car plate,552,589,712,614
1#34PY3542#03062020#123819 .jpg,200,34,car plate,517,595,717,629
1#34RA2295#03062020#123949 .jpg,202,35,car plate,426,585,628,620
1#34RA6904#03062020#012620 .jpg,161,28,car plate,440,623,601,651
1#34RA7137#03062020#183537.jpg,205,34,car plate,559,644,764,678
1#34RA9993#03062020#010134 .jpg,157,26,car plate,479,607,636,633
1#34RB5734#03062020#185258.jpg,194,33,car plate,624,619,818,652
1#34RB8974#06062020#000459.jpg,193,34,car plate,805,580,998,614
1#34RB8979#05062020#235438.jpg,196,29,car plate,718,574,914,603
1#34RC0534#03062020#184301.jpg,194,29,car plate,603,621,797,650
1#34RC0762#03062020#123946 .jpg,202,36,car plate,641,614,843,650
1#34RC4080#03062020#185328.jpg,201,32,car plate,559,605,760,637
1#34RD5846#03062020#130238 .jpg,212,38,car plate,719,608,931,646
1#34RD9362#08062020#024753.jpg,141,28,car plate,473,587,614,615
1#34RD9362#08062020#131532.jpg,163,27,car plate,496,631,659,658
1#34RG1267#03062020#185753.jpg,192,32,car plate,598,620,790,652
1#34RG5350#03062020#124830 .jpg,200,32,car plate,475,607,675,639
1#34RG8850#03062020#130026 .jpg,198,35,car plate,486,568,684,603
1#34RH6768#05062020#104629.jpg,190,29,car plate,702,547,892,576
1#34RH7591#03062020#004936 .jpg,164,27,car plate,596,616,760,643
1#34RHS43#03062020#124217 .jpg,202,35,car plate,683,578,885,613
1#34RJ5931#03062020#175819.jpg,178,28,car plate,481,592,659,620
1#34RK0096#08062020#032001.jpg,119,25,car plate,735,584,854,609
1#34RK0096#08062020#140044.jpg,156,27,car plate,558,619,714,646
1#34RK0959#03062020#125951 .jpg,211,37,car plate,656,590,867,627
1#34RK5867#07062020#140607.jpg,136,27,car plate,630,611,766,638
1#34RK9190#06062020#033754.jpg,214,34,car plate,800,594,1014,628
1#34RK9585#03062020#125442 .jpg,192,32,car plate,258,589,450,621
1#34RM5513#03062020#100419 .jpg,153,26,car plate,643,580,796,606
1#34RM5513#03062020#100651 .jpg,157,28,car plate,615,592,772,620
1#34RME92#08062020#143735.jpg,152,26,car plate,968,634,1120,660
1#34RN2074#03062020#002338 .jpg,163,26,car plate,721,606,884,632
1#34RR0330#03062020#124115 .jpg,210,33,car plate,624,594,834,627
1#34RR0341#03062020#003847 .jpg,168,29,car plate,616,602,784,631
1#34RR0434#03062020#125744 .jpg,198,44,car plate,911,593,1109,637
1#34RR0800#08062020#131940.jpg,150,26,car plate,592,567,742,593
1#34RR1216#03062020#181227.jpg,174,32,car plate,494,557,668,589
1#34RR1582#03062020#001919 .jpg,161,28,car plate,730,623,891,651
1#34RR1650#03062020#130052 .jpg,183,29,car plate,611,546,794,575
1#34RR1911#03062020#002008 .jpg,163,28,car plate,472,595,635,623
1#34RR2162#03062020#130031 .jpg,197,35,car plate,488,582,685,617
1#34RR2466#03062020#185729.jpg,178,29,car plate,596,548,774,577
1#34RR2715#03062020#124046 .jpg,197,29,car plate,533,616,730,645
1#34RR3156#03062020#130029 .jpg,194,33,car plate,464,574,658,607
1#34RR3226#03062020#002347 .jpg,163,27,car plate,537,608,700,635
1#34RR3226#03062020#095655 .jpg,182,27,car plate,255,594,437,621
1#34RR3373#03062020#174323.jpg,185,35,car plate,828,642,1013,677
1#34RR3961#03062020#184055.jpg,190,32,car plate,583,618,773,650
1#34RR4237#03062020#125125 .jpg,197,35,car plate,517,577,714,612
1#34RR4360#03062020#004301 .jpg,124,24,car plate,583,455,707,479
1#34RR5134#03062020#103759 .jpg,168,28,car plate,483,638,651,666
1#34RR5179#03062020#002356 .jpg,168,27,car plate,542,619,710,646
1#34RR5885#03062020#130033 .jpg,196,36,car plate,768,558,964,594
1#34RR6069#03062020#184707.jpg,197,32,car plate,588,622,785,654
1#34RR6552#03062020#102141 .jpg,159,26,car plate,620,625,779,651
1#34RR6620#03062020#174400.jpg,183,29,car plate,156,649,339,678
1#34RR6886#03062020#190219.jpg,198,32,car plate,535,614,733,646
1#34RR6955#03062020#171100.jpg,166,35,car plate,503,576,669,611
1#34RR6970#03062020#130147 .jpg,200,32,car plate,447,598,647,630
1#34RR7041#03062020#171355.jpg,175,34,car plate,587,657,762,691
1#34RR7169#03062020#153629.jpg,166,29,car plate,558,563,724,592
1#34RR7529#03062020#185714.jpg,193,32,car plate,660,614,853,646
1#34RR7967#03062020#101632 .jpg,157,27,car plate,482,621,639,648
1#34RR8284#03062020#185519.jpg,198,32,car plate,665,631,863,663
1#34RR8751#03062020#002415 .jpg,158,27,car plate,733,602,891,629
1#34RR9145#03062020#102651 .jpg,159,27,car plate,574,594,733,621
1#34RR9148#03062020#125349 .jpg,177,44,car plate,909,495,1086,539
1#34RR9884#03062020#010021 .jpg,162,28,car plate,484,598,646,626
1#34RRE45#03062020#124221 .jpg,200,37,car plate,709,583,909,620
1#34RT5763#03062020#125937 .jpg,206,32,car plate,560,614,766,646
1#34RT5825#08062020#200647.jpg,159,24,car plate,637,690,796,714
1#34RT5825#08062020#200721.jpg,149,25,car plate,641,596,790,621
1#34RU3078#03062020#171428.jpg,176,33,car plate,538,615,714,648
1#34RU7928#03062020#102916 .jpg,159,27,car plate,513,599,672,626
1#34RV0648#03062020#124804 .jpg,180,32,car plate,610,487,790,519
1#34RY8276#05062020#104750.jpg,195,29,car plate,665,594,860,623
1#34S3843#03062020#171703.jpg,163,32,car plate,590,535,753,567
1#34SA4806#03062020#002428 .jpg,152,26,car plate,641,596,793,622
1#34SAT90#03062020#212252.jpg,196,29,car plate,756,612,952,641
1#34SB6959#03062020#125437 .jpg,186,38,car plate,895,557,1081,595
1#34SC2413#03062020#002602 .jpg,162,26,car plate,440,600,602,626
1#34SC2413#03062020#125123 .jpg,200,32,car plate,470,583,670,615
1#34SD0692#03062020#103850 .jpg,156,25,car plate,585,618,741,643
1#34SD6365#03062020#123722 .jpg,191,36,car plate,697,595,888,631
1#34SD7230#03062020#124159 .jpg,196,33,car plate,457,576,653,609
1#34SD8514#03062020#190222.jpg,174,28,car plate,631,610,805,638
1#34SE3032#03062020#164652.jpg,168,43,car plate,460,613,628,656
1#34SE7720#03062020#155150.jpg,176,29,car plate,610,599,786,628
1#34SE8394#03062020#190031.jpg,189,29,car plate,515,601,704,630
1#34SE8662#07062020#135331.jpg,137,28,car plate,621,611,758,639
1#34SE8662#07062020#184922.jpg,118,26,car plate,39,601,157,627
1#34SF8721#06062020#142725.jpg,190,32,car plate,646,536,836,568
1#34SF9137#06062020#143621.jpg,208,35,car plate,659,618,867,653
1#34SH2012#03062020#173328.jpg,176,35,car plate,533,601,709,636
1#34SJ5020#08062020#195302.jpg,159,28,car plate,893,662,1052,690
1#34SJ8658#08062020#034602.jpg,140,27,car plate,675,625,815,652
1#34SJ9865#03062020#125052 .jpg,183,34,car plate,661,517,844,551
1#34SK0469#03062020#124030 .jpg,197,29,car plate,396,576,593,605
1#34SK1882#03062020#185301.jpg,196,32,car plate,608,605,804,637
1#34SK3303#03062020#013540 .jpg,185,33,car plate,369,624,554,657
1#34SK7788#03062020#153326.jpg,162,27,car plate,612,486,774,513
1#34SK8576#03062020#130005 .jpg,200,32,car plate,378,613,578,645
1#34SKU73#03062020#213403.jpg,192,32,car plate,643,568,835,600
1#34SL6531#03062020#125108 .jpg,200,33,car plate,457,595,657,628
1#34SM2914#06062020#032028.jpg,195,28,car plate,604,609,799,637
1#34SN0128#03062020#180301.jpg,168,33,car plate,814,602,982,635
1#34SN0797#03062020#002647 .jpg,165,27,car plate,712,614,877,641
1#34SN0797#03062020#094347 .jpg,180,29,car plate,479,552,659,581
1#34SN0843#03062020#164738.jpg,178,44,car plate,628,627,806,671
1#34SN1153#03062020#211211.jpg,210,37,car plate,832,627,1042,664
1#34SN1153#03062020#213930.jpg,208,37,car plate,829,619,1037,656
1#34SN1288#03062020#124105 .jpg,205,35,car plate,752,588,957,623
1#34SN1637#03062020#100217 .jpg,157,27,car plate,542,621,699,648
1#34SN1870#03062020#002732 .jpg,157,25,car plate,571,566,728,591
1#34SN3175#03062020#180249.jpg,177,32,car plate,887,608,1064,640
1#34SN3498#03062020#125915 .jpg,202,34,car plate,589,601,791,635
1#34SN4717#03062020#170553.jpg,182,28,car plate,570,663,752,691
1#34SN4776#03062020#125103 .jpg,200,38,car plate,732,585,932,623
1#34SN4888#03062020#110851 .jpg,162,29,car plate,840,623,1002,652
1#34SN5433#03062020#125352 .jpg,192,36,car plate,827,535,1019,571
1#34SN5782#03062020#173947.jpg,179,34,car plate,772,616,951,650
1#34SN6110#03062020#010307 .jpg,161,28,car plate,376,601,537,629
1#34SN6696#03062020#185410.jpg,199,28,car plate,525,594,724,622
1#34SN6761#03062020#125230 .jpg,183,37,car plate,538,569,721,606
1#34SN7113#03062020#125816 .jpg,192,29,car plate,575,594,767,623
1#34SN7391#03062020#124247 .jpg,193,37,car plate,833,590,1026,627
1#34SN8439#03062020#130220 .jpg,200,33,car plate,223,613,423,646
1#34SN8535#03062020#174237.jpg,181,36,car plate,880,611,1061,647
1#34SN8914#03062020#211829.jpg,235,41,car plate,598,615,833,656
1#34SN8935#03062020#124155 .jpg,205,33,car plate,538,578,743,611
1#34SN9239#03062020#213245.jpg,194,33,car plate,624,587,818,620
1#34SN9526#03062020#211410.jpg,235,52,car plate,310,590,545,642
1#34SN9526#03062020#214205.jpg,240,53,car plate,282,599,522,652
1#34SN9822#03062020#123934 .jpg,208,34,car plate,574,610,782,644
1#34SP0945#08062020#041735.jpg,134,27,car plate,542,591,676,618
1#34SR3922#03062020#212144.jpg,212,36,car plate,451,586,663,622
1#34SR4252#03062020#130204 .jpg,192,33,car plate,539,583,731,616
1#34SR5811#03062020#125312 .jpg,199,41,car plate,773,598,972,639
1#34SRM32#03062020#212604.jpg,192,35,car plate,920,597,1112,632
1#34SV1421#03062020#181218.jpg,178,29,car plate,631,581,809,610
1#34SV3674#03062020#125458 .jpg,195,41,car plate,837,591,1032,632
1#34SV3704#03062020#175422.jpg,178,32,car plate,676,613,854,645
1#34SY4769#03062020#174413.jpg,182,29,car plate,459,608,641,637
1#34SY8246#03062020#125955 .jpg,194,32,car plate,574,549,768,581
1#34SY9942#06062020#001146.jpg,192,32,car plate,773,606,965,638
1#34SZ7179#03062020#175538.jpg,184,29,car plate,415,608,599,637
1#34TA814#03062020#170549.jpg,176,32,car plate,635,623,811,655
1#34TB0402#03062020#101237 .jpg,162,27,car plate,666,625,828,652
1#34TB5833#03062020#185601.jpg,201,32,car plate,535,634,736,666
1#34TB8004#03062020#130208 .jpg,216,38,car plate,731,595,947,633
1#34TD2262#08062020#012846.jpg,68,23,car plate,546,594,614,617
1#34TE5286#08062020#054022.jpg,131,27,car plate,504,557,635,584
1#34TE7152#03062020#125049 .jpg,184,36,car plate,781,487,965,523
1#34TE9929#07062020#125404.jpg,135,26,car plate,538,625,673,651
1#34TF7390#03062020#212845.jpg,191,33,car plate,882,592,1073,625
1#34TF8403#03062020#125027 .jpg,206,46,car plate,887,597,1093,643
1#34TFJ59#03062020#002336 .jpg,159,27,car plate,650,603,809,630
1#34TG2823#03062020#125244 .jpg,193,29,car plate,421,555,614,584
1#34TG7094#03062020#213555.jpg,198,35,car plate,835,625,1033,660
1#34TG8437#03062020#185534.jpg,196,32,car plate,636,608,832,640
1#34TH2022#03062020#111058 .jpg,157,34,car plate,894,566,1051,600
1#34TJ0575#08062020#143959.jpg,148,25,car plate,313,564,461,589
1#34TJ1718#08062020#205245.jpg,159,25,car plate,519,650,678,675
1#34TK150#03062020#213511.jpg,190,36,car plate,842,581,1032,617
1#34TK6839#03062020#124559 .jpg,191,32,car plate,370,552,561,584
1#34TL1335#03062020#154307.jpg,180,28,car plate,662,614,842,642
1#34TL3292#03062020#184937.jpg,202,33,car plate,616,610,818,643
1#34TL3409#03062020#002438 .jpg,165,28,car plate,632,628,797,656
1#34TL3409#03062020#095900 .jpg,180,32,car plate,179,625,359,657
1#34TM3979#03062020#181204.jpg,180,29,car plate,689,563,869,592
1#34TN3371#03062020#123704 .jpg,198,33,car plate,391,615,589,648
1#34TN552#03062020#180355.jpg,182,28,car plate,83,609,265,637
1#34TR6365#03062020#005846 .jpg,164,25,car plate,394,616,558,641
1#34TR8670#03062020#172528.jpg,162,35,car plate,529,555,691,590
1#34TT7925#03062020#185648.jpg,190,28,car plate,566,599,756,627
1#34TU0052#06062020#142826.jpg,210,33,car plate,793,586,1003,619
1#34TU6051#08062020#200038.jpg,151,26,car plate,400,627,551,653
1#34TV3978#03062020#123927 .jpg,200,32,car plate,554,579,754,611
1#34TV5550#05062020#110901.jpg,192,28,car plate,765,583,957,611
1#34TY4803#03062020#002122 .jpg,166,27,car plate,598,613,764,640
1#34TZ6772#03062020#181133.jpg,175,29,car plate,245,559,420,588
1#34TZ8582#03062020#124113 .jpg,200,36,car plate,675,573,875,609
1#34TZ9636#03062020#153943.jpg,169,33,car plate,583,562,752,595
1#34U1749#03062020#002047 .jpg,167,27,car plate,528,630,695,657
1#34UA7767#03062020#003913 .jpg,165,27,car plate,395,614,560,641
1#34UC0617#05062020#105159.jpg,175,29,car plate,823,554,998,583
1#34UC3902#03062020#124410 .jpg,198,29,car plate,479,564,677,593
1#34UC8205#08062020#055034.jpg,135,28,car plate,371,619,506,647
1#34UC8205#08062020#153110.jpg,151,25,car plate,569,583,720,608
1#34UG2618#03062020#123616 .jpg,207,36,car plate,716,592,923,628
1#34UH4751#03062020#172653.jpg,179,33,car plate,497,648,676,681
1#34UH6997#03062020#185113.jpg,193,32,car plate,611,602,804,634
1#34UK084#03062020#172305.jpg,168,29,car plate,597,569,765,598
1#34UK6443#08062020#144746.jpg,145,34,car plate,623,628,768,662
1#34UL0752#07062020#113717.jpg,125,27,car plate,548,607,673,634
1#34UL4523#03062020#125503 .jpg,198,32,car plate,241,585,439,617
1#34UL5956#03062020#212408.jpg,186,34,car plate,809,565,995,599
1#34UM0867#03062020#184950.jpg,195,33,car plate,568,610,763,643
1#34UM9771#03062020#125720 .jpg,200,32,car plate,460,589,660,621
1#34UN4464#03062020#183401.jpg,186,29,car plate,522,583,708,612
1#34UN7783#05062020#102043.jpg,200,33,car plate,653,578,853,611
1#34UNA33#03062020#211818.jpg,193,37,car plate,872,615,1065,652
1#34US7889#03062020#125910 .jpg,194,33,car plate,512,551,706,584
1#34US9094#03062020#125452 .jpg,207,38,car plate,675,602,882,640
1#34UU4946#03062020#184118.jpg,201,28,car plate,496,636,697,664
1#34UUG56#03062020#175241.jpg,182,29,car plate,340,623,522,652
1#34UZ2085#05062020#110315.jpg,180,29,car plate,755,515,935,544
1#34UZ2628#03062020#180722.jpg,153,24,car plate,500,608,653,632
1#34UZ5056#03062020#164720.jpg,172,38,car plate,745,556,917,594
1#34V2670#03062020#213143.jpg,198,33,car plate,817,601,1015,634
1#34VA2511#03062020#154904.jpg,169,28,car plate,592,592,761,620
1#34VA4390#06062020#000326.jpg,199,34,car plate,775,576,974,610
1#34VB8751#03062020#124139 .jpg,208,36,car plate,546,615,754,651
1#34VD6547#03062020#125700 .jpg,191,29,car plate,379,537,570,566
1#34VE3368#03062020#154751.jpg,185,29,car plate,761,659,946,688
1#34VF7435#03062020#124201 .jpg,191,33,car plate,629,587,820,620
1#34VG2630#08062020#022708.jpg,109,25,car plate,722,605,831,630
1#34VG2630#08062020#074409.jpg,135,26,car plate,713,572,848,598
1#34VG8491#03062020#125233 .jpg,191,32,car plate,466,558,657,590
1#34VG9018#08062020#132701.jpg,148,25,car plate,482,528,630,553
1#34VH0968#03062020#125622 .jpg,192,37,car plate,730,531,922,568
1#34VH9399#07062020#162206.jpg,67,23,car plate,772,562,839,585
1#34VJ3276#03062020#005446 .jpg,163,29,car plate,452,605,615,634
1#34VJ8172#03062020#002502 .jpg,169,28,car plate,584,615,753,643
1#34VJ900#03062020#211309.jpg,202,33,car plate,724,625,926,658
1#34VJ900#03062020#214028.jpg,201,33,car plate,724,615,925,648
1#34VK1557#03062020#130215 .jpg,202,33,car plate,500,601,702,634
1#34VK3401#03062020#185803.jpg,198,33,car plate,508,623,706,656
1#34VK4849#03062020#095348 .jpg,185,32,car plate,456,589,641,621
1#34VK6784#03062020#183229.jpg,37,50,car plate,753,626,790,676
1#34VK7434#03062020#103813 .jpg,163,27,car plate,576,597,739,624
1#34VK7521#03062020#002027 .jpg,159,28,car plate,622,587,781,615
1#34VL2675#03062020#103757 .jpg,165,26,car plate,597,624,762,650
1#34VM8707#03062020#124654 .jpg,198,42,car plate,1048,583,1246,625
1#34VP0111#03062020#111037 .jpg,165,32,car plate,763,575,928,607
1#34VR4939#03062020#123815 .jpg,208,33,car plate,589,611,797,644
1#34VR9756#07062020#230156.jpg,142,25,car plate,2,532,144,557
1#34VS8720#03062020#102218 .jpg,164,28,car plate,526,634,690,662
1#34VT4748#03062020#185233.jpg,191,29,car plate,532,597,723,626
1#34VT8552#03062020#005901 .jpg,147,27,car plate,507,511,654,538
1#34VU2097#03062020#110803 .jpg,165,33,car plate,861,607,1026,640
1#34VU9078#08062020#204808.jpg,147,26,car plate,377,555,524,581
1#34VY4356#03062020#183917.jpg,195,33,car plate,516,630,711,663
1#34VY4578#03062020#212054.jpg,201,33,car plate,756,607,957,640
1#34VY585#03062020#185416.jpg,200,33,car plate,584,638,784,671
1#34VZ4977#03062020#152740.jpg,180,37,car plate,524,646,704,683
1#34YB1501#03062020#212400.jpg,180,37,car plate,972,525,1152,562
1#34YC3188#03062020#124349 .jpg,198,38,car plate,704,546,902,584
1#34YC8017#03062020#014410 .jpg,190,33,car plate,328,602,518,635
1#34YH4423#03062020#130035 .jpg,197,33,car plate,414,597,611,630
1#34YIZ73#03062020#153306.jpg,166,29,car plate,634,533,800,562
1#34YJ8961#03062020#152957.jpg,147,27,car plate,591,446,738,473
1#34YJ9040#05062020#110036.jpg,210,33,car plate,748,639,958,672
1#34YK3618#03062020#185018.jpg,184,34,car plate,570,599,754,633
1#34YL2343#03062020#211926.jpg,201,36,car plate,795,611,996,647
1#34YL4697#03062020#212012.jpg,184,45,car plate,851,576,1035,621
1#34YL9162#03062020#012439 .jpg,159,25,car plate,536,625,695,650
1#34YM8316#03062020#183313.jpg,202,34,car plate,416,646,618,680
1#34YMD60#03062020#130150 .jpg,216,36,car plate,484,588,700,624
1#34YN4488#03062020#212530.jpg,195,35,car plate,878,619,1073,654
1#34YN9360#03062020#130213 .jpg,196,29,car plate,593,556,789,585
1#34YNT99#03062020#125942 .jpg,197,29,car plate,344,602,541,631
1#34YP5728#03062020#130243 .jpg,199,33,car plate,543,549,742,582
1#34YR3318#07062020#131944.jpg,141,27,car plate,509,621,650,648
1#34YR4264#03062020#002710 .jpg,165,28,car plate,646,617,811,645
1#34YR5152#03062020#185038.jpg,205,34,car plate,698,641,903,675
1#34YR7271#03062020#130132 .jpg,191,32,car plate,635,568,826,600
1#34YS2457#03062020#002132 .jpg,168,28,car plate,553,625,721,653
1#34YT2288#03062020#101715 .jpg,162,29,car plate,519,632,681,661
1#34YT5612#03062020#124058 .jpg,200,37,car plate,778,598,978,635
1#34YT958#03062020#213212.jpg,197,36,car plate,679,591,876,627
1#34Z2271#03062020#213825.jpg,210,36,car plate,864,567,1074,603
1#34ZA6783#03062020#175006.jpg,186,28,car plate,562,626,748,654
1#34ZA8430#03062020#183245.jpg,207,34,car plate,445,648,652,682
1#34ZA9063#03062020#125809 .jpg,205,34,car plate,835,568,1040,602
1#34ZB1815#08062020#054721.jpg,135,27,car plate,527,615,662,642
1#34ZBJ77#03062020#124436 .jpg,202,33,car plate,746,572,948,605
1#34ZC6601#03062020#184443.jpg,195,32,car plate,595,605,790,637
1#34ZE1748#03062020#183039.jpg,209,35,car plate,508,642,717,677
1#34ZE1748#03062020#183214.jpg,211,36,car plate,507,662,718,698
1#34ZE1748#03062020#190244.jpg,205,35,car plate,510,624,715,659
1#34ZE5747#07062020#123831.jpg,135,26,car plate,657,606,792,632
1#34ZF6379#03062020#184249.jpg,199,34,car plate,574,635,773,669
1#34ZG1549#03062020#124619 .jpg,193,33,car plate,450,579,643,612
1#34ZG3981#03062020#130024 .jpg,205,33,car plate,514,612,719,645
1#34ZG443#03062020#102623 .jpg,160,27,car plate,574,615,734,642
1#34ZG443#03062020#102802 .jpg,161,28,car plate,521,628,682,656
1#34ZJ2395#03062020#124212 .jpg,198,29,car plate,453,592,651,621
1#34ZK1906#08062020#033508.jpg,120,27,car plate,488,573,608,600
1#34ZK2524#03062020#153708.jpg,165,33,car plate,585,569,750,602
1#34ZL3799#03062020#213351.jpg,190,35,car plate,764,557,954,592
1#34ZM8683#03062020#123653 .jpg,206,42,car plate,752,583,958,625
1#34ZN4530#03062020#184305.jpg,157,26,car plate,616,485,773,511
1#34ZN4908#03062020#103834 .jpg,163,27,car plate,661,642,824,669
1#34ZN4984#03062020#095452 .jpg,184,34,car plate,580,565,764,599
1#34ZP2919#03062020#004256 .jpg,158,28,car plate,486,581,644,609
1#34ZP4665#03062020#211155.jpg,200,37,car plate,858,621,1058,658
1#34ZP4665#03062020#213913.jpg,199,36,car plate,853,610,1052,646
1#34ZP9750#03062020#184113.jpg,192,28,car plate,609,599,801,627
1#34ZS6102#03062020#124150 .jpg,207,35,car plate,847,587,1054,622
1#34ZS6989#03062020#102540 .jpg,166,26,car plate,718,637,884,663
1#34ZS8363#07062020#134957.jpg,131,26,car plate,695,541,826,567
1#34ZS8613#03062020#124932 .jpg,206,35,car plate,591,579,797,614
1#34ZT0409#03062020#123849 .jpg,208,34,car plate,655,613,863,647
1#34ZT0951#03062020#101752 .jpg,161,26,car plate,595,617,756,643
1#34ZT3937#03062020#125922 .jpg,194,34,car plate,482,559,676,593
1#34ZT6526#03062020#185431.jpg,192,32,car plate,618,614,810,646
1#34ZT7522#03062020#125649 .jpg,206,36,car plate,641,609,847,645
1#34ZT7868#03062020#125708 .jpg,206,33,car plate,696,572,902,605
1#34ZT7885#03062020#125120 .jpg,211,35,car plate,492,607,703,642
1#34ZT7947#03062020#185738.jpg,175,27,car plate,650,599,825,626
1#34ZU9051#07062020#115026.jpg,133,27,car plate,503,557,636,584
1#34ZY4704#03062020#153505.jpg,164,37,car plate,316,627,480,664
1#34ZZ2593#03062020#185249.jpg,199,33,car plate,565,630,764,663
1#34ZZ7848#05062020#101610.jpg,209,33,car plate,737,623,946,656
1#34ZZ7848#06062020#140634.jpg,207,32,car plate,693,603,900,635
1#34ZZ898#03062020#213304.jpg,195,32,car plate,682,568,877,600
1#35ABN250#07062020#125328.jpg,133,27,car plate,510,594,643,621
1#35AFF271#08062020#023630.jpg,131,25,car plate,548,540,679,565
1#35AFF271#08062020#075331.jpg,131,25,car plate,548,540,679,565
1#35AFG377#03062020#184150.jpg,198,34,car plate,555,631,753,665
1#35AFK548#07062020#143033.jpg,121,25,car plate,538,599,659,624
1#35AHE172#08062020#022707.jpg,136,26,car plate,565,618,701,644
1#35AHE172#08062020#074408.jpg,84,24,car plate,563,585,647,609
1#35AL3420#07062020#133647.jpg,61,24,car plate,712,614,773,638
1#35AN5889#08062020#195041.jpg,159,27,car plate,492,657,651,684
1#35AN8879#03062020#164625.jpg,181,51,car plate,390,610,571,661
1#35AP0483#03062020#125804 .jpg,196,29,car plate,490,584,686,613
1#35AU1821#08062020#042524.jpg,127,26,car plate,652,561,779,587
1#35AY7081#05062020#104019.jpg,205,36,car plate,812,621,1017,657
1#35AZ3010#03062020#164727.jpg,169,36,car plate,647,530,816,566
1#35DSH90#08062020#113716.jpg,83,25,car plate,534,631,617,656
1#35EA8005#06062020#142348.jpg,211,36,car plate,772,627,983,663
1#35EB1664#03062020#124249 .jpg,195,37,car plate,300,611,495,648
1#35EV245#07062020#152741.jpg,135,26,car plate,809,569,944,595
1#35EV245#08062020#045926.jpg,135,25,car plate,780,583,915,608
1#35F1916#08062020#192302.jpg,153,26,car plate,566,591,719,617
1#35FZ062#03062020#213204.jpg,199,37,car plate,752,621,951,658
1#35FZ757#03062020#011300 .jpg,156,26,car plate,233,628,389,654
1#35GB0473#07062020#132053.jpg,121,24,car plate,779,609,900,633
1#35GD5667#08062020#135433.jpg,150,27,car plate,558,559,708,586
1#35HA0442#07062020#143537.jpg,68,24,car plate,613,621,681,645
1#35HA9355#06062020#034458.jpg,200,33,car plate,811,602,1011,635
1#35HA9514#08062020#060440.jpg,135,24,car plate,779,601,914,625
1#35HC6224#03062020#183318.jpg,189,29,car plate,634,594,823,623
1#35HD9443#08062020#201433.jpg,148,25,car plate,582,539,730,564
1#35HG249#06062020#001631.jpg,195,33,car plate,739,546,934,579
1#35HJS49#06062020#033602.jpg,211,32,car plate,837,616,1048,648
1#35HK317#08062020#060850.jpg,135,27,car plate,688,597,823,624
1#35HUV30#08062020#045319.jpg,135,27,car plate,649,616,784,643
1#35HYL03#07062020#155330.jpg,91,25,car plate,555,621,646,646
1#35JCJ56#08062020#151057.jpg,156,25,car plate,617,608,773,633
1#35KD4277#08062020#202710.jpg,150,27,car plate,606,581,756,608
1#35KF3968#07062020#202008.jpg,132,26,car plate,239,596,371,622
1#35KFC80#08062020#135226.jpg,152,26,car plate,643,584,795,610
1#35MIL41#08062020#153806.jpg,149,25,car plate,651,589,800,614
1#35MNG29#03062020#125326 .jpg,193,35,car plate,669,543,862,578
1#35PDH79#08062020#051500.jpg,136,25,car plate,891,602,1027,627
1#35TF212#08062020#062121.jpg,136,28,car plate,486,598,622,626
1#35TGU04#08062020#043204.jpg,132,25,car plate,598,550,730,575
1#35TSU10#08062020#142908.jpg,148,27,car plate,1032,556,1180,583
1#35US909#06062020#031930.jpg,199,32,car plate,682,567,881,599
1#35V3025#08062020#062128.jpg,59,24,car plate,490,582,549,606
1#35YV522#08062020#141229.jpg,152,27,car plate,710,586,862,613
1#35Z4981#08062020#133141.jpg,152,24,car plate,625,634,777,658
1#37AS873#07062020#145224.jpg,116,26,car plate,601,617,717,643
1#37AZ782#03062020#155549.jpg,173,27,car plate,635,622,808,649
1#37DY579#07062020#145414.jpg,137,29,car plate,442,619,579,648
1#37GA159#07062020#121019.jpg,99,26,car plate,546,607,645,633
1#37KA373#03062020#212824.jpg,196,34,car plate,702,604,898,638
1#37PS091#06062020#142413.jpg,189,29,car plate,719,586,908,615
1#38DD414#05062020#233224.jpg,202,32,car plate,754,561,956,593
1#38EV105#05062020#102103.jpg,175,28,car plate,793,477,968,505
1#38EV105#06062020#030250.jpg,194,32,car plate,844,561,1038,593
1#38EV105#06062020#140925.jpg,197,29,car plate,784,565,981,594
1#38GV149#06062020#033111.jpg,196,28,car plate,794,607,990,635
1#38HC802#03062020#132444 .jpg,182,27,car plate,301,624,483,651
1#38HC802#03062020#132905 .jpg,177,26,car plate,253,614,430,640
1#38J0445#06062020#140312.jpg,199,29,car plate,603,564,802,593
1#38JL380#08062020#060540.jpg,134,28,car plate,469,538,603,566
1#38NP500#08062020#142653.jpg,148,24,car plate,564,538,712,562
1#38PU221#07062020#131114.jpg,125,26,car plate,832,605,957,631
1#39AG851#08062020#194710.jpg,151,26,car plate,177,658,328,684
1#39BB584#07062020#205015.jpg,83,25,car plate,685,627,768,652
1#3B38705#08062020#171803.jpg,146,25,car plate,509,529,655,554
1#40AJ346#08062020#054351.jpg,143,27,car plate,505,608,648,635
1#41ADZ883#07062020#145237.jpg,129,27,car plate,605,577,734,604
1#41AEV800#08062020#060507.jpg,129,29,car plate,434,569,563,598
1#41AEV800#08062020#132104.jpg,142,25,car plate,642,511,784,536
1#41AH288#03062020#183355.jpg,192,34,car plate,477,593,669,627
1#41AJ842#08062020#200436.jpg,151,27,car plate,511,629,662,656
1#41B1602#07062020#195736.jpg,132,25,car plate,521,614,653,639
1#41DD710#05062020#104234.jpg,182,32,car plate,819,557,1001,589
1#41E0304#08062020#041552.jpg,125,26,car plate,679,595,804,621
1#41EZ992#07062020#135625.jpg,131,26,car plate,516,569,647,595
1#41FC476#08062020#192457.jpg,126,24,car plate,581,554,707,578
1#41GG615#03062020#172627.jpg,152,29,car plate,564,618,716,647
1#41GP760#05062020#203715.jpg,150,25,car plate,409,628,559,653
1#41GP760#06062020#003233.jpg,200,33,car plate,990,621,1190,654
1#41H3349#07062020#154443.jpg,125,28,car plate,560,562,685,590
1#41HN929#07062020#125302.jpg,131,25,car plate,604,613,735,638
1#41KN676#08062020#033054.jpg,132,28,car plate,457,605,589,633
1#41KN676#08062020#145812.jpg,149,26,car plate,665,593,814,619
1#41LH484#03062020#184538.jpg,186,32,car plate,572,607,758,639
1#41NC777#08062020#123250.jpg,132,25,car plate,304,622,436,647
1#41NU205#03062020#165232.jpg,128,28,car plate,521,507,649,535
1#41R9554#08062020#132407.jpg,146,27,car plate,618,591,764,618
1#41RL873#07062020#142023.jpg,69,24,car plate,606,556,675,580
1#41TK003#07062020#201041.jpg,137,27,car plate,215,619,352,646
1#41TM568#03062020#213451.jpg,190,35,car plate,693,576,883,611
1#42AAE172#07062020#134705.jpg,142,27,car plate,617,588,759,615
1#42AEE137#08062020#054815.jpg,146,24,car plate,864,626,1010,650
1#42AEJ77#07062020#113723.jpg,137,27,car plate,490,605,627,632
1#42AFE284#07062020#150519.jpg,134,25,car plate,827,590,961,615
1#42AFS371#07062020#124347.jpg,131,26,car plate,777,576,908,602
1#42BMK43#08062020#195218.jpg,150,26,car plate,425,592,575,618
1#42CLJ47#03062020#010830 .jpg,162,27,car plate,616,601,778,628
1#42CLL32#05062020#101819.jpg,168,28,car plate,781,480,949,508
1#42DAG35#07062020#122454.jpg,142,27,car plate,518,600,660,627
1#42DAS71#06062020#000321.jpg,181,28,car plate,718,566,899,594
1#42DKJ66#07062020#151438.jpg,137,26,car plate,532,567,669,593
1#42DRV30#08062020#201947.jpg,147,25,car plate,564,547,711,572
1#42DU588#07062020#145515.jpg,77,24,car plate,620,617,697,641
1#42EP533#08062020#193506.jpg,137,26,car plate,740,559,877,585
1#42FDC11#08062020#015329.jpg,134,27,car plate,562,590,696,617
1#42FDC11#08062020#071030.jpg,70,24,car plate,616,553,686,577
1#42FEM93#08062020#143303.jpg,147,24,car plate,836,571,983,595
1#42FLK22#07062020#151508.jpg,142,29,car plate,540,599,682,628
1#42GM043#03062020#165059.jpg,145,33,car plate,590,620,735,653
1#42GN156#07062020#122620.jpg,146,32,car plate,517,615,663,647
1#42GS030#08062020#195456.jpg,157,25,car plate,480,626,637,651
1#42HNY25#07062020#130403.jpg,142,27,car plate,637,582,779,609
1#42NC201#03062020#164730.jpg,160,34,car plate,760,487,920,521
1#42NN397#07062020#125559.jpg,133,25,car plate,800,634,933,659
1#42RK922#07062020#151426.jpg,143,26,car plate,564,619,707,645
1#42SS451#08062020#060504.jpg,134,28,car plate,507,555,641,583
1#42TJ110#05062020#235200.jpg,206,33,car plate,600,607,806,640
1#42U6312#07062020#135150.jpg,144,29,car plate,561,619,705,648
1#42UJ242#08062020#062423.jpg,131,28,car plate,534,610,665,638
1#42UP121#07062020#130355.jpg,135,28,car plate,639,607,774,635
1#42UP153#08062020#062119.jpg,136,27,car plate,499,612,635,639
1#42UR163#07062020#134456.jpg,136,27,car plate,488,625,624,652
1#42UU080#08062020#191511.jpg,153,28,car plate,786,635,939,663
1#42VV678#03062020#124603 .jpg,201,35,car plate,858,593,1059,628
1#42Y0344#07062020#132618.jpg,135,28,car plate,505,588,640,616
1#42Y2810#07062020#150557.jpg,133,27,car plate,644,589,777,616
1#42Y61230#07062020#133839.jpg,143,27,car plate,647,611,790,638
1#42Y6723#07062020#152248.jpg,142,26,car plate,533,575,675,601
1#42Y6723#08062020#014047.jpg,126,27,car plate,542,580,668,607
1#42Y6723#08062020#065748.jpg,145,26,car plate,545,611,690,637
1#42Y7939#08062020#015746.jpg,134,25,car plate,638,600,772,625
1#42Y7939#08062020#071447.jpg,134,26,car plate,638,600,772,626
1#434GOU35#03062020#212303.jpg,157,24,car plate,607,468,764,492
1#43AAN535#08062020#135033.jpg,148,25,car plate,692,534,840,559
1#43AAN767#08062020#192256.jpg,147,26,car plate,425,547,572,573
1#43AAZ169#07062020#150858.jpg,80,25,car plate,594,566,674,591
1#43AAZ513#08062020#133923.jpg,149,26,car plate,541,606,690,632
1#43ABC364#07062020#152927.jpg,137,25,car plate,623,615,760,640
1#43ABC364#08062020#204448.jpg,158,26,car plate,203,644,361,670
1#43AF319#08062020#053001.jpg,71,23,car plate,587,613,658,636
1#43AG642#08062020#054652.jpg,134,26,car plate,661,593,795,619
1#43AY928#08062020#022754.jpg,136,27,car plate,638,614,774,641
1#43AY928#08062020#074454.jpg,133,26,car plate,633,574,766,600
1#43AZ476#07062020#160557.jpg,124,25,car plate,537,612,661,637
1#43BC756#08062020#152919.jpg,153,27,car plate,1057,660,1210,687
1#43BG687#08062020#134541.jpg,153,26,car plate,680,588,833,614
1#43ED760#08062020#041336.jpg,116,25,car plate,652,556,768,581
1#43FD181#08062020#192635.jpg,150,25,car plate,551,542,701,567
1#43FY748#08062020#201503.jpg,152,26,car plate,415,619,567,645
1#43LP749#08062020#195941.jpg,160,26,car plate,444,626,604,652
1#43NK778#08062020#210054.jpg,153,26,car plate,408,605,561,631
1#43RD026#08062020#060305.jpg,133,26,car plate,612,575,745,601
1#43RD888#08062020#141916.jpg,145,25,car plate,646,548,791,573
1#43RS505#07062020#125613.jpg,127,28,car plate,519,616,646,644
1#43RS505#08062020#134641.jpg,148,24,car plate,677,503,825,527
1#43SC427#08062020#033925.jpg,135,27,car plate,599,594,734,621
1#43SE133#08062020#195729.jpg,149,26,car plate,533,567,682,593
1#43SU631#08062020#032211.jpg,132,27,car plate,395,576,527,603
1#43U1939#07062020#145320.jpg,137,27,car plate,386,617,523,644
1#43UD480#07062020#161540.jpg,136,26,car plate,493,608,629,634
1#43YA921#08062020#194905.jpg,158,26,car plate,325,629,483,655
1#43YC180#08062020#033418.jpg,141,27,car plate,510,618,651,645
1#43ZA878#03062020#130205 .jpg,191,34,car plate,522,557,713,591
1#44BH807#08062020#204247.jpg,151,26,car plate,713,570,864,596
1#44PV082#08062020#122505.jpg,134,24,car plate,641,629,775,653
1#44PV141#08062020#153456.jpg,152,27,car plate,633,609,785,636
1#45AAF974#07062020#125853.jpg,142,27,car plate,544,625,686,652
1#45ABF463#07062020#120221.jpg,136,28,car plate,452,624,588,652
1#45H6382#08062020#060802.jpg,108,25,car plate,558,603,666,628
1#45HB7175#03062020#213755.jpg,189,33,car plate,633,561,822,594
1#45LJ209#07062020#213214.jpg,72,23,car plate,523,618,595,641
1#45LJ209#07062020#222257.jpg,103,24,car plate,521,618,624,642
1#45TM032#08062020#043734.jpg,137,29,car plate,513,608,650,637
1#46ACE183#08062020#071709.jpg,82,25,car plate,579,582,661,607
1#46ACE183#08062020#140401.jpg,148,24,car plate,400,582,548,606
1#46ACE183#08062020#154014.jpg,151,24,car plate,797,609,948,633
1#46E7576#03062020#184656.jpg,193,29,car plate,588,616,781,645
1#46FP010#03062020#165737.jpg,121,27,car plate,645,579,766,606
1#46LF849#03062020#165256.jpg,135,33,car plate,557,546,692,579
1#46VD714#07062020#145702.jpg,136,28,car plate,573,598,709,626
1#47AAF511#07062020#144729.jpg,133,27,car plate,554,556,687,583
1#47P3680#03062020#173414.jpg,185,28,car plate,627,657,812,685
1#48ACC572#08062020#191847.jpg,161,28,car plate,793,634,954,662
1#48ADJ805#08062020#062146.jpg,141,28,car plate,640,624,781,652
1#48H0488#07062020#162219.jpg,137,26,car plate,877,610,1014,636
1#48HK147#06062020#032341.jpg,191,32,car plate,678,548,869,580
1#48JN511#08062020#115116.jpg,96,24,car plate,548,569,644,593
1#48M7384#05062020#102813.jpg,185,29,car plate,684,500,869,529
1#48TP817#08062020#203244.jpg,145,26,car plate,534,532,679,558
1#48VV997#07062020#180311.jpg,61,23,car plate,754,566,815,589
1#48Y2621#03062020#124318 .jpg,190,29,car plate,525,620,715,649
1#4AFC868#08062020#171540.jpg,159,27,car plate,702,651,861,678
1#50FN640#03062020#165711.jpg,148,34,car plate,561,635,709,669
1#50FR460#08062020#210055.jpg,149,25,car plate,611,551,760,576
1#51BD767#06062020#141900.jpg,194,35,car plate,915,585,1109,620
1#51EC744#08062020#142947.jpg,152,28,car plate,1003,614,1155,642
1#51HN366#03062020#130303 .jpg,207,46,car plate,903,602,1110,648
1#51HZ827#08062020#044536.jpg,140,26,car plate,560,622,700,648
1#52AF142#08062020#034413.jpg,135,26,car plate,610,600,745,626
1#52AF142#08062020#154006.jpg,159,25,car plate,292,663,451,688
1#52AL210#03062020#123651 .jpg,210,34,car plate,710,604,920,638
1#53AAL059#06062020#143429.jpg,185,29,car plate,819,541,1004,570
1#53AJ187#08062020#153831.jpg,153,25,car plate,431,561,584,586
1#53AY456#07062020#151940.jpg,136,25,car plate,815,622,951,647
1#53EC127#06062020#033123.jpg,192,29,car plate,679,523,871,552
1#54AAJ314#03062020#100848 .jpg,157,27,car plate,563,544,720,571
1#54AY777#08062020#195842.jpg,156,26,car plate,531,641,687,667
1#54B1572#08062020#154105.jpg,146,26,car plate,494,588,640,614
1#54D0117#08062020#194119.jpg,145,25,car plate,594,603,739,628
1#54D5065#07062020#142342.jpg,130,27,car plate,535,577,665,604
1#54FH456#08062020#150437.jpg,152,26,car plate,724,605,876,631
1#54HH534#03062020#130200 .jpg,191,34,car plate,698,533,889,567
1#54TC250#07062020#122101.jpg,133,27,car plate,568,612,701,639
1#54VD555#07062020#115101.jpg,136,27,car plate,698,608,834,635
1#55ABJ337#08062020#134822.jpg,149,28,car plate,838,576,987,604
1#55ACT883#08062020#053544.jpg,132,27,car plate,603,565,735,592
1#55AE658#07062020#154414.jpg,133,26,car plate,610,595,743,621
1#55AG106#06062020#002148.jpg,216,37,car plate,668,625,884,662
1#55AU676#06062020#001040.jpg,209,32,car plate,615,600,824,632
1#55AVG36#07062020#123405.jpg,145,27,car plate,570,613,715,640
1#55EB630#03062020#123738 .jpg,214,33,car plate,533,613,747,646
1#55RV555#03062020#183344.jpg,199,33,car plate,569,635,768,668
1#55SG675#05062020#105303.jpg,173,27,car plate,831,487,1004,514
1#55SR613#06062020#033117.jpg,208,34,car plate,849,624,1057,658
1#55TC158#08062020#040557.jpg,104,25,car plate,525,591,629,616
1#56AC321#08062020#192102.jpg,150,25,car plate,537,616,687,641
1#57HC611#03062020#125906 .jpg,199,35,car plate,565,561,764,596
1#58ABZ713#07062020#142101.jpg,137,26,car plate,600,590,737,616
1#58AT011#03062020#164644.jpg,179,46,car plate,319,620,498,666
1#58AV195#03062020#164610.jpg,180,44,car plate,565,626,745,670
1#58BA086#03062020#164542.jpg,181,49,car plate,487,588,668,637
1#58BK767#03062020#164715.jpg,174,34,car plate,579,547,753,581
1#58BP517#03062020#164554.jpg,178,43,car plate,574,571,752,614
1#58BT180#03062020#164723.jpg,167,35,car plate,740,553,907,588
1#58EP536#03062020#211442.jpg,176,34,car plate,991,527,1167,561
1#58EY811#03062020#125705 .jpg,206,37,car plate,694,554,900,591
1#58HE731#07062020#155415.jpg,107,28,car plate,399,610,506,638
1#58SG496#03062020#164704.jpg,136,32,car plate,1084,372,1220,404
1#58T6009#03062020#164700.jpg,176,38,car plate,547,558,723,596
1#58TA800#03062020#164638.jpg,182,42,car plate,553,600,735,642
1#58TH598#03062020#164712.jpg,181,42,car plate,574,599,755,641
1#58UC814#03062020#164600.jpg,185,38,car plate,663,632,848,670
1#59AAY610#08062020#141012.jpg,153,26,car plate,594,623,747,649
1#59ABP221#08062020#210211.jpg,151,26,car plate,406,609,557,635
1#59AC810#03062020#211551.jpg,192,34,car plate,701,588,893,622
1#59EH244#07062020#121822.jpg,135,27,car plate,627,586,762,613
1#59EY299#08062020#060445.jpg,109,26,car plate,602,607,711,633
1#59JB419#03062020#185216.jpg,183,33,car plate,582,591,765,624
1#59JE675#07062020#134943.jpg,142,26,car plate,684,615,826,641
1#59KK971#03062020#184335.jpg,196,29,car plate,553,631,749,660
1#59PG167#03062020#184552.jpg,189,33,car plate,667,579,856,612
1#59SC886#03062020#155534.jpg,174,27,car plate,553,609,727,636
1#59TZ941#07062020#120455.jpg,141,26,car plate,537,624,678,650
1#59VA542#07062020#140424.jpg,141,27,car plate,594,569,735,596
1#59VG158#03062020#185148.jpg,192,29,car plate,582,619,774,648
1#59YR353#03062020#180107.jpg,185,29,car plate,667,586,852,615
1#59ZH509#03062020#012558 .jpg,162,28,car plate,494,625,656,653
1#60AF814#03062020#184145.jpg,197,32,car plate,520,636,717,668
1#60HB474#03062020#180057.jpg,177,27,car plate,519,568,696,595
1#60NN818#08062020#153410.jpg,152,27,car plate,735,579,887,606
1#60RG374#03062020#001950 .jpg,161,25,car plate,590,610,751,635
1#60RG374#03062020#095352 .jpg,174,27,car plate,232,575,406,602
1#60SC866#08062020#201456.jpg,159,26,car plate,655,610,814,636
1#60ZM611#08062020#201703.jpg,160,26,car plate,611,639,771,665
1#61BS202#06062020#033552.jpg,209,29,car plate,761,616,970,645
1#61DS670#03062020#183303.jpg,189,28,car plate,560,581,749,609
1#61E4021#07062020#125018.jpg,86,23,car plate,546,559,632,582
1#61HG300#03062020#152902.jpg,189,32,car plate,736,662,925,694
1#61TC802#08062020#171354.jpg,158,27,car plate,783,652,941,679
1#61TC802#08062020#190816.jpg,159,27,car plate,783,652,942,679
1#63ABR013#08062020#021236.jpg,142,28,car plate,521,577,663,605
1#63ABR013#08062020#072937.jpg,137,26,car plate,520,550,657,576
1#63M4768#06062020#143254.jpg,207,32,car plate,752,587,959,619
1#63SC229#08062020#132801.jpg,151,25,car plate,956,596,1107,621
1#63VD870#03062020#164909.jpg,133,29,car plate,492,464,625,493
1#63ZZ923#03062020#165048.jpg,130,29,car plate,543,518,673,547
1#64AAL968#07062020#131240.jpg,135,27,car plate,657,561,792,588
1#64AY118#03062020#213418.jpg,173,34,car plate,414,616,587,650
1#64KT910#07062020#120252.jpg,119,24,car plate,637,612,756,636
1#64LK864#07062020#124302.jpg,126,26,car plate,401,623,527,649
1#64LP109#08062020#033823.jpg,83,25,car plate,423,588,506,613
1#64LP109#08062020#152956.jpg,161,25,car plate,611,662,772,687
1#65DH469#03062020#012818 .jpg,164,27,car plate,487,630,651,657
1#65NH030#07062020#121207.jpg,76,23,car plate,735,582,811,605
1#65NR190#05062020#105712.jpg,218,35,car plate,767,566,985,601
1#66AAB996#08062020#023641.jpg,67,24,car plate,614,619,681,643
1#66AAB996#08062020#075342.jpg,66,24,car plate,634,619,700,643
1#67DY907#03062020#125927 .jpg,205,42,car plate,607,579,812,621
1#67EL477#05062020#105620.jpg,189,27,car plate,653,521,842,548
1#67EN686#03062020#101140 .jpg,163,26,car plate,580,616,743,642
1#67NR069#03062020#185524.jpg,199,28,car plate,676,638,875,666
1#67SG611#08062020#015050.jpg,117,24,car plate,523,576,640,600
1#67SG611#08062020#070750.jpg,70,23,car plate,567,576,637,599
1#67SH425#03062020#123841 .jpg,207,34,car plate,434,616,641,650
1#67TT783#08062020#204451.jpg,159,25,car plate,394,664,553,689
1#67VA777#03062020#124707 .jpg,190,32,car plate,168,583,358,615
1#68BR926#06062020#034516.jpg,200,33,car plate,728,562,928,595
1#68HY927#03062020#165217.jpg,136,34,car plate,541,497,677,531
1#6ABD858#07062020#180546.jpg,78,25,car plate,10,524,88,549
1#706BEC19#08062020#193120.jpg,153,25,car plate,653,606,806,631
1#70AAS357#08062020#153522.jpg,148,28,car plate,989,551,1137,579
1#71EE896#05062020#103919.jpg,212,34,car plate,758,619,970,653
1#71ES451#06062020#001033.jpg,201,33,car plate,713,615,914,648
1#71ES451#06062020#141509.jpg,197,29,car plate,747,593,944,622
1#71EY985#07062020#134536.jpg,75,25,car plate,478,617,553,642
1#77AAJ347#07062020#121527.jpg,133,26,car plate,677,591,810,617
1#77AC189#08062020#201618.jpg,151,25,car plate,622,596,773,621
1#78AP798#03062020#185024.jpg,199,29,car plate,606,637,805,666
1#79AAD059#08062020#024111.jpg,108,27,car plate,538,585,646,612
1#79MR405#03062020#165042.jpg,131,29,car plate,934,545,1065,574
1#804DJB38#08062020#052846.jpg,65,24,car plate,643,566,708,590
1#80AN505#03062020#123824 .jpg,113,46,car plate,515,599,628,645
1#80AS786#06062020#142435.jpg,199,29,car plate,678,569,877,598
1#80DA898#07062020#142635.jpg,75,24,car plate,570,589,645,613
1#80FF910#08062020#193249.jpg,148,25,car plate,664,572,812,597
1#80FJ206#05062020#105434.jpg,186,25,car plate,707,558,893,583
1#80GU424#08062020#205202.jpg,157,24,car plate,669,658,826,682
1#81ABB176#07062020#140047.jpg,146,32,car plate,554,621,700,653
1#81DK409#08062020#194504.jpg,101,24,car plate,504,507,605,531
1#81KA804#03062020#212145.jpg,178,42,car plate,574,578,752,620
1#911BUF#08062020#194323.jpg,158,29,car plate,701,642,859,671
1#ABB253#07062020#200908.jpg,129,25,car plate,2,567,131,592
1#AFC868#08062020#190856.jpg,148,26,car plate,704,559,852,585
1#BA808860#08062020#020554.jpg,116,25,car plate,605,536,721,561
1#BA91BEL#07062020#113927.jpg,231,34,car plate,609,550,840,584
1#BA91BEL#07062020#161631.jpg,216,34,car plate,616,608,832,642
1#BG1251DU#03062020#103844 .jpg,165,26,car plate,459,626,624,652
1#BG831953#07062020#133841.jpg,115,26,car plate,692,587,807,613
1#BRAHC58#03062020#164734.jpg,179,36,car plate,891,575,1070,611
1#BX1799BK#03062020#164922.jpg,153,38,car plate,809,542,962,580
1#BX3551AT#03062020#164932.jpg,157,38,car plate,753,551,910,589
1#DB801959#07062020#132211.jpg,141,26,car plate,557,612,698,638
1#DG400892#05062020#202324.jpg,167,28,car plate,456,630,623,658
1#DG810284#08062020#034337.jpg,108,26,car plate,529,597,637,623
1#ETS8705#08062020#191011.jpg,152,26,car plate,506,582,658,608
1#FC545#08062020#062027.jpg,142,26,car plate,651,571,793,597
1#FC697#07062020#122016.jpg,142,27,car plate,661,584,803,611
1#FFD090#08062020#195726.jpg,153,26,car plate,414,566,567,592
1#GB480977#08062020#200844.jpg,147,26,car plate,756,545,903,571
1#GN07WWC#05062020#104753.jpg,180,32,car plate,881,574,1061,606
1#IFA919#08062020#171824.jpg,146,26,car plate,600,568,746,594
1#OG806077#08062020#051724.jpg,135,26,car plate,469,613,604,639
1#OJVA2536#07062020#231728.jpg,156,28,car plate,456,624,612,652
1#OO626#03062020#165437.jpg,147,36,car plate,534,564,681,600
1#YTN725#07062020#055647.jpg,63,23,car plate,404,577,467,600
1#ZG406699#08062020#204736.jpg,151,26,car plate,528,611,679,637
1#ZG480268#07062020#154505.jpg,117,25,car plate,778,547,895,572
1#ZG480383#08062020#015122.jpg,84,26,car plate,468,626,552,652
1#ZG480383#08062020#070822.jpg,110,28,car plate,465,596,575,624
1#ZG481172#07062020#153115.jpg,134,27,car plate,442,583,576,610
1#ZG481592#07062020#120629.jpg,121,26,car plate,601,567,722,593
1#ZG481592#07062020#120845.jpg,121,26,car plate,601,567,722,593
1#ZG811400#08062020#012413.jpg,145,28,car plate,671,593,816,621
1#ZG811400#08062020#024638.jpg,147,32,car plate,503,617,650,649
1#ZG811400#08062020#064114.jpg,144,28,car plate,672,593,816,621
1#ZO45674#06062020#033208.jpg,184,28,car plate,734,515,918,543
2#01AB339#03062020#173020.jpg,192,33,car plate,751,565,943,598
2#01AD229#03062020#173249.jpg,205,35,car plate,582,594,787,629
2#01B7597#08062020#193443.jpg,148,25,car plate,575,545,723,570
2#01BDP10#03062020#165359.jpg,128,27,car plate,586,432,714,459
2#01BKA89#07062020#141758.jpg,151,26,car plate,475,598,626,624
2#01C2476#03062020#211644.jpg,190,28,car plate,450,620,640,648
2#01C7997#07062020#123642.jpg,142,25,car plate,859,491,1001,516
2#01DBK75#06062020#002257.jpg,196,29,car plate,759,560,955,589
2#01DMC82#07062020#170046.jpg,131,25,car plate,903,558,1034,583
2#01DRF69#05062020#234600.jpg,195,32,car plate,772,548,967,580
2#01DRH60#03062020#181228.jpg,186,29,car plate,556,544,742,573
2#01EJD78#06062020#002803.jpg,193,29,car plate,711,542,904,571
2#01EJY19#03062020#175935.jpg,191,35,car plate,938,634,1129,669
2#01EN122#03062020#140922.jpg,179,33,car plate,953,613,1132,646
2#01EVV39#07062020#220244.jpg,152,26,car plate,439,575,591,601
2#01HL155#06062020#032405.jpg,199,34,car plate,772,555,971,589
2#01JS776#03062020#165934.jpg,135,28,car plate,758,568,893,596
2#02FL632#03062020#165743.jpg,129,32,car plate,447,529,576,561
2#03AAG315#08062020#120013.jpg,147,26,car plate,989,589,1136,615
2#03AAH113#08062020#134519.jpg,147,26,car plate,525,554,672,580
2#03AAL307#08062020#205648.jpg,129,24,car plate,834,629,963,653
2#03AAN991#08062020#192710.jpg,150,27,car plate,559,574,709,601
2#03AAT455#07062020#141533.jpg,146,25,car plate,785,549,931,574
2#03ABB704#07062020#160406.jpg,150,26,car plate,681,571,831,597
2#03ABH208#07062020#205832.jpg,151,26,car plate,704,560,855,586
2#03ABL167#07062020#113513.jpg,144,25,car plate,1046,541,1190,566
2#03ABN867#07062020#175119.jpg,128,27,car plate,524,529,652,556
2#03ABP471#07062020#154221.jpg,149,27,car plate,742,613,891,640
2#03ABR344#07062020#175855.jpg,97,24,car plate,926,609,1023,633
2#03ABS658#07062020#152909.jpg,147,25,car plate,661,583,808,608
2#03ABT574#07062020#135244.jpg,146,26,car plate,415,563,561,589
2#03AR282#07062020#195645.jpg,149,27,car plate,878,590,1027,617
2#03AT627#07062020#161010.jpg,152,26,car plate,800,601,952,627
2#03AY645#07062020#140644.jpg,151,25,car plate,682,606,833,631
2#03BA023#07062020#031024.jpg,147,26,car plate,184,596,331,622
2#03BA023#07062020#140520.jpg,151,27,car plate,539,602,690,629
2#03BC238#07062020#165919.jpg,140,27,car plate,913,621,1053,648
2#03BD728#07062020#204908.jpg,153,27,car plate,505,614,658,641
2#03BG484#07062020#114515.jpg,147,24,car plate,533,582,680,606
2#03BJ031#07062020#125029.jpg,142,25,car plate,961,558,1103,583
2#03BJ323#07062020#203835.jpg,146,25,car plate,711,551,857,576
2#03BK674#07062020#160610.jpg,158,26,car plate,585,619,743,645
2#03BL643#07062020#050630.jpg,147,25,car plate,165,575,312,600
2#03BP817#07062020#155005.jpg,146,26,car plate,713,601,859,627
2#03BR814#07062020#033451.jpg,147,28,car plate,273,603,420,631
2#03DL888#07062020#161705.jpg,152,26,car plate,816,626,968,652
2#03DY305#07062020#203836.jpg,151,26,car plate,623,613,774,639
2#03EA757#07062020#160804.jpg,146,29,car plate,1006,532,1152,561
2#03ED099#07062020#182511.jpg,133,26,car plate,722,604,855,630
2#03EF670#07062020#170545.jpg,72,24,car plate,574,574,646,598
2#03EP202#08062020#110123.jpg,134,25,car plate,459,614,593,639
2#03ER084#08062020#192138.jpg,148,26,car plate,856,562,1004,588
2#03ES036#07062020#210001.jpg,150,23,car plate,515,554,665,577
2#03HE389#07062020#120954.jpg,72,23,car plate,647,472,719,495
2#03HS456#08062020#125852.jpg,156,26,car plate,481,570,637,596
2#03KA093#07062020#123401.jpg,152,24,car plate,415,575,567,599
2#03KC913#07062020#130930.jpg,148,24,car plate,638,552,786,576
2#03KL288#07062020#202541.jpg,156,27,car plate,430,618,586,645
2#03L1848#07062020#160957.jpg,147,25,car plate,487,571,634,596
2#03L2587#03062020#211635.jpg,77,27,car plate,577,614,654,641
2#03LC926#07062020#203617.jpg,156,26,car plate,572,583,728,609
2#03LF507#07062020#162339.jpg,153,26,car plate,450,596,603,622
2#03LV626#07062020#141617.jpg,156,25,car plate,600,617,756,642
2#03PS100#08062020#130650.jpg,152,25,car plate,762,634,914,659
2#03RG262#07062020#145633.jpg,153,25,car plate,654,589,807,614
2#03SC396#07062020#121909.jpg,148,25,car plate,616,588,764,613
2#03SC460#07062020#154052.jpg,157,26,car plate,609,612,766,638
2#03SL149#07062020#051324.jpg,136,25,car plate,572,598,708,623
2#03SL149#08062020#121200.jpg,131,25,car plate,942,556,1073,581
2#03UC999#08062020#134244.jpg,152,24,car plate,656,585,808,609
2#03UK819#03062020#003821.jpg,152,24,car plate,596,616,748,640
2#03UN499#07062020#161701.jpg,159,27,car plate,603,613,762,640
2#03UP067#07062020#132417.jpg,150,25,car plate,502,598,652,623
2#03UU176#07062020#220142.jpg,146,24,car plate,511,557,657,581
2#03UZ332#07062020#122627.jpg,156,26,car plate,570,620,726,646
2#03VA464#07062020#170332.jpg,130,26,car plate,510,574,640,600
2#03VH711#07062020#141957.jpg,149,25,car plate,411,622,560,647
2#03VN134#03062020#142642.jpg,183,28,car plate,556,642,739,670
2#03VP793#08062020#135056.jpg,152,25,car plate,596,648,748,673
2#03VR797#08062020#133441.jpg,148,26,car plate,773,599,921,625
2#03VS110#07062020#153358.jpg,151,26,car plate,602,626,753,652
2#03VS656#07062020#202636.jpg,153,27,car plate,733,560,886,587
2#03VU989#07062020#165754.jpg,75,24,car plate,645,606,720,630
2#03ZB360#07062020#131326.jpg,125,25,car plate,1123,543,1248,568
2#03ZC253#07062020#162342.jpg,148,23,car plate,443,602,591,625
2#04DJB38#08062020#121801.jpg,145,24,car plate,660,542,805,566
2#05AS999#03062020#155726.jpg,184,27,car plate,534,599,718,626
2#05DM039#07062020#153605.jpg,147,26,car plate,888,553,1035,579
2#05ES627#08062020#131905.jpg,141,26,car plate,490,622,631,648
2#05HK382#05062020#103021.jpg,205,29,car plate,634,589,839,618
2#05KB583#08062020#133830.jpg,157,25,car plate,607,637,764,662
2#05LA493#07062020#150921.jpg,151,27,car plate,647,592,798,619
2#05VHB18#06062020#135424.jpg,174,26,car plate,650,483,824,509
2#06AA0014#03062020#154401.jpg,182,32,car plate,519,674,701,706
2#06AAC794#07062020#204401.jpg,157,27,car plate,732,625,889,652
2#06AAD983#06062020#002055.jpg,198,29,car plate,679,520,877,549
2#06AAE436#06062020#020323.jpg,153,28,car plate,298,611,451,639
2#06AAE436#06062020#104857.jpg,181,32,car plate,495,575,676,607
2#06AAE493#06062020#002212.jpg,197,34,car plate,803,608,1000,642
2#06AAG947#07062020#130335.jpg,150,25,car plate,516,548,666,573
2#06AAH480#06062020#030755.jpg,186,32,car plate,703,518,889,550
2#06AAH525#07062020#215121.jpg,153,26,car plate,472,571,625,597
2#06AAK152#05062020#201452.jpg,151,25,car plate,452,623,603,648
2#06AAK152#06062020#012134.jpg,174,26,car plate,399,566,573,592
2#06AAT298#05062020#102721.jpg,192,29,car plate,949,570,1141,599
2#06AAT401#06062020#000600.jpg,194,32,car plate,751,550,945,582
2#06AAY917#06062020#001043.jpg,189,29,car plate,776,522,965,551
2#06AB2559#05062020#104942.jpg,165,26,car plate,630,428,795,454
2#06AB4355#08062020#200058.jpg,148,26,car plate,915,553,1063,579
2#06AB6599#05062020#233149.jpg,206,32,car plate,747,610,953,642
2#06AB6858#06062020#140952.jpg,205,33,car plate,704,551,909,584
2#06AB9908#06062020#025306.jpg,182,29,car plate,771,531,953,560
2#06AB9962#06062020#002040.jpg,193,28,car plate,708,529,901,557
2#06ABL267#05062020#235736.jpg,159,25,car plate,738,444,897,469
2#06ABP168#05062020#233540.jpg,209,35,car plate,789,600,998,635
2#06ABR904#05062020#100941.jpg,210,35,car plate,687,624,897,659
2#06ABY532#06062020#025703.jpg,194,36,car plate,682,521,876,557
2#06ABY542#06062020#000129.jpg,189,32,car plate,600,493,789,525
2#06AC5941#05062020#233010.jpg,201,34,car plate,619,593,820,627
2#06AC9292#05062020#102457.jpg,213,33,car plate,694,614,907,647
2#06AC9292#05062020#233416.jpg,191,35,car plate,738,524,929,559
2#06ACA60#05062020#101103.jpg,181,29,car plate,749,520,930,549
2#06ACA60#05062020#140010.jpg,160,26,car plate,298,498,458,524
2#06ACB561#06062020#002813.jpg,209,36,car plate,731,621,940,657
2#06ACE646#05062020#101405.jpg,211,33,car plate,570,610,781,643
2#06ACE788#06062020#002630.jpg,178,28,car plate,749,493,927,521
2#06ACF325#08062020#105914.jpg,131,24,car plate,395,607,526,631
2#06ACH166#06062020#032106.jpg,195,27,car plate,707,556,902,583
2#06ACH733#05062020#110552.jpg,190,28,car plate,653,546,843,574
2#06ACH733#05062020#143014.jpg,167,25,car plate,350,547,517,572
2#06ACH929#05062020#101851.jpg,186,28,car plate,737,533,923,561
2#06ACJ533#05062020#110108.jpg,174,28,car plate,790,493,964,521
2#06ACJ770#06062020#033708.jpg,199,33,car plate,672,540,871,573
2#06ACN635#06062020#002133.jpg,181,29,car plate,861,502,1042,531
2#06ACP691#06062020#025215.jpg,195,33,car plate,771,561,966,594
2#06ACP703#06062020#031201.jpg,198,29,car plate,686,552,884,581
2#06ACU465#05062020#110759.jpg,164,27,car plate,756,464,920,491
2#06ACU643#03062020#095106.jpg,161,26,car plate,505,603,666,629
2#06AD1246#06062020#000824.jpg,182,28,car plate,656,507,838,535
2#06AD199#05062020#102757.jpg,185,32,car plate,836,554,1021,586
2#06AD4392#05062020#110046.jpg,185,32,car plate,743,519,928,551
2#06AD6600#05062020#101924.jpg,185,29,car plate,761,455,946,484
2#06AD6869#05062020#234208.jpg,193,29,car plate,802,541,995,570
2#06ADC290#06062020#024825.jpg,201,33,car plate,782,590,983,623
2#06ADC723#05062020#234159.jpg,182,29,car plate,806,540,988,569
2#06ADD667#06062020#001642.jpg,182,27,car plate,729,548,911,575
2#06ADD892#06062020#001144.jpg,238,38,car plate,608,612,846,650
2#06ADF499#06062020#000409.jpg,186,28,car plate,821,537,1007,565
2#06ADF613#08062020#131443.jpg,149,26,car plate,569,542,718,568
2#06ADK558#06062020#001605.jpg,182,27,car plate,563,482,745,509
2#06ADL74#05062020#104703.jpg,182,29,car plate,766,493,948,522
2#06ADN11#06062020#001903.jpg,186,32,car plate,818,556,1004,588
2#06ADP524#06062020#033241.jpg,201,32,car plate,754,552,955,584
2#06ADP769#08062020#193556.jpg,151,26,car plate,637,574,788,600
2#06ADV915#05062020#110852.jpg,194,32,car plate,810,555,1004,587
2#06AE0995#05062020#100813.jpg,212,34,car plate,680,626,892,660
2#06AE249#05062020#110317.jpg,208,34,car plate,760,618,968,652
2#06AE7335#06062020#142923.jpg,202,34,car plate,832,578,1034,612
2#06AEA805#06062020#135748.jpg,172,28,car plate,771,517,943,545
2#06AEB262#06062020#140630.jpg,183,32,car plate,714,496,897,528
2#06AEC885#05062020#104140.jpg,183,29,car plate,828,540,1011,569
2#06AEC902#05062020#101948.jpg,189,35,car plate,821,565,1010,600
2#06AED141#06062020#140444.jpg,157,26,car plate,843,444,1000,470
2#06AEE127#05062020#234738.jpg,180,29,car plate,732,492,912,521
2#06AEE797#06062020#002455.jpg,214,33,car plate,674,600,888,633
2#06AEG196#06062020#030731.jpg,202,33,car plate,733,561,935,594
2#06AEK225#06062020#025601.jpg,202,34,car plate,913,604,1115,638
2#06AEK993#03062020#180231.jpg,189,28,car plate,603,606,792,634
2#06AEL751#06062020#025739.jpg,190,32,car plate,701,537,891,569
2#06AEP163#05062020#104937.jpg,201,33,car plate,784,610,985,643
2#06AER974#06062020#032246.jpg,196,33,car plate,763,538,959,571
2#06AES354#06062020#025834.jpg,195,28,car plate,773,564,968,592
2#06AEV269#05062020#234809.jpg,196,29,car plate,726,563,922,592
2#06AEZ974#05062020#104722.jpg,190,29,car plate,765,554,955,583
2#06AF2533#05062020#104304.jpg,146,24,car plate,623,409,769,433
2#06AF2734#07062020#204504.jpg,152,25,car plate,417,570,569,595
2#06AF5437#07062020#142413.jpg,149,26,car plate,641,558,790,584
2#06AF6383#05062020#233713.jpg,192,29,car plate,755,537,947,566
2#06AF6552#03062020#165902.jpg,128,28,car plate,519,480,647,508
2#06AFF302#06062020#142822.jpg,196,29,car plate,795,566,991,595
2#06AFF912#05062020#234928.jpg,199,32,car plate,643,606,842,638
2#06AFG816#06062020#001108.jpg,178,28,car plate,742,468,920,496
2#06AFH307#06062020#025426.jpg,196,32,car plate,585,541,781,573
2#06AFK867#06062020#000449.jpg,185,29,car plate,668,514,853,543
2#06AFM686#06062020#030243.jpg,185,29,car plate,718,524,903,553
2#06AFN925#08062020#132803.jpg,156,26,car plate,693,609,849,635
2#06AFP279#06062020#024815.jpg,192,32,car plate,661,553,853,585
2#06AFS505#05062020#133145.jpg,175,38,car plate,14,641,189,679
2#06AFS505#05062020#133226.jpg,162,34,car plate,95,556,257,590
2#06AFS505#05062020#134048.jpg,156,33,car plate,134,517,290,550
2#06AFS505#05062020#141041.jpg,164,35,car plate,82,569,246,604
2#06AFT822#06062020#033321.jpg,207,34,car plate,790,611,997,645
2#06AFU505#06062020#025452.jpg,195,32,car plate,765,551,960,583
2#06AFV818#06062020#000425.jpg,212,33,car plate,692,583,904,616
2#06AFY296#05062020#101221.jpg,193,28,car plate,447,537,640,565
2#06AFZ98#06062020#031121.jpg,198,33,car plate,665,554,863,587
2#06AG3804#06062020#143549.jpg,183,26,car plate,745,572,928,598
2#06AG4325#06062020#025725.jpg,193,33,car plate,855,560,1048,593
2#06AG5669#06062020#000959.jpg,190,28,car plate,781,549,971,577
2#06AGB599#05062020#120607.jpg,150,26,car plate,447,618,597,644
2#06AGB599#05062020#135916.jpg,149,24,car plate,299,437,448,461
2#06AGB618#05062020#110431.jpg,182,28,car plate,809,527,991,555
2#06AGB737#06062020#141417.jpg,197,34,car plate,760,540,957,574
2#06AGC110#06062020#002243.jpg,197,33,car plate,733,562,930,595
2#06AGD347#06062020#000445.jpg,199,34,car plate,752,556,951,590
2#06AGD430#05062020#103059.jpg,194,32,car plate,767,564,961,596
2#06AGE672#06062020#135654.jpg,177,28,car plate,748,469,925,497
2#06AGE745#06062020#120606.jpg,158,25,car plate,449,637,607,662
2#06AGE745#06062020#151247.jpg,179,27,car plate,491,587,670,614
2#06AGH773#05062020#140531.jpg,166,26,car plate,206,546,372,572
2#06AGJ467#06062020#143024.jpg,192,29,car plate,680,558,872,587
2#06AGJ913#05062020#101310.jpg,183,29,car plate,775,522,958,551
2#06AGL674#06062020#135759.jpg,172,28,car plate,797,482,969,510
2#06AGN344#06062020#030233.jpg,192,32,car plate,694,549,886,581
2#06AGT386#05062020#135336.jpg,152,25,car plate,241,433,393,458
2#06AH153#06062020#142436.jpg,197,34,car plate,801,545,998,579
2#06AH9332#08062020#192825.jpg,156,26,car plate,633,573,789,599
2#06AJ8407#05062020#234052.jpg,209,35,car plate,776,604,985,639
2#06AK2272#05062020#165121.jpg,100,23,car plate,506,576,606,599
2#06AK2272#05062020#194030.jpg,153,27,car plate,436,640,589,667
2#06AK2272#05062020#194213.jpg,126,26,car plate,353,577,479,603
2#06AK2272#05062020#203428.jpg,129,24,car plate,421,595,550,619
2#06AK2272#06062020#004233.jpg,172,29,car plate,441,576,613,605
2#06AK2272#06062020#004529.jpg,165,28,car plate,339,548,504,576
2#06AKA003#06062020#003054.jpg,206,32,car plate,491,599,697,631
2#06AL8832#08062020#130654.jpg,153,27,car plate,517,622,670,649
2#06ALC22#06062020#002732.jpg,198,34,car plate,667,554,865,588
2#06ALP001#05062020#104257.jpg,180,29,car plate,786,461,966,490
2#06ALP145#06062020#031150.jpg,175,27,car plate,849,509,1024,536
2#06ALP555#06062020#025021.jpg,199,34,car plate,741,581,940,615
2#06ALS62#06062020#025408.jpg,212,32,car plate,684,584,896,616
2#06ALY74#05062020#110642.jpg,180,28,car plate,793,474,973,502
2#06ALY74#05062020#132354.jpg,150,26,car plate,390,597,540,623
2#06AN1622#06062020#001850.jpg,181,29,car plate,727,529,908,558
2#06AN3861#05062020#100926.jpg,184,29,car plate,753,523,937,552
2#06AND39#05062020#234730.jpg,199,33,car plate,671,592,870,625
2#06AP6017#06062020#140516.jpg,169,28,car plate,814,474,983,502
2#06APN61#05062020#234444.jpg,184,32,car plate,723,527,907,559
2#06AR2830#06062020#025416.jpg,189,29,car plate,539,529,728,558
2#06AR3350#07062020#161638.jpg,153,27,car plate,959,613,1112,640
2#06AR5615#06062020#142818.jpg,192,29,car plate,779,546,971,575
2#06AR6301#05062020#110845.jpg,185,28,car plate,840,547,1025,575
2#06ARS666#06062020#000305.jpg,185,32,car plate,752,513,937,545
2#06AS6261#06062020#033140.jpg,181,32,car plate,846,576,1027,608
2#06AS7679#06062020#031717.jpg,212,33,car plate,750,593,962,626
2#06AT0471#06062020#000237.jpg,184,29,car plate,711,530,895,559
2#06AT0876#06062020#143210.jpg,191,27,car plate,615,587,806,614
2#06AT0876#06062020#143333.jpg,182,26,car plate,704,549,886,575
2#06AT9617#07062020#133303.jpg,153,27,car plate,461,614,614,641
2#06AT9617#07062020#214603.jpg,147,25,car plate,544,556,691,581
2#06AU6666#05062020#104321.jpg,199,33,car plate,616,580,815,613
2#06AUK63#05062020#110221.jpg,169,28,car plate,682,475,851,503
2#06AV0541#05062020#105435.jpg,212,36,car plate,695,630,907,666
2#06AV9198#05062020#140023.jpg,67,23,car plate,312,435,379,458
2#06AY0477#06062020#002120.jpg,193,33,car plate,822,538,1015,571
2#06AY0488#06062020#000333.jpg,208,32,car plate,691,598,899,630
2#06AY0624#05062020#203956.jpg,152,27,car plate,436,612,588,639
2#06AY4624#06062020#002036.jpg,197,33,car plate,784,531,981,564
2#06AY6797#06062020#140414.jpg,205,33,car plate,729,584,934,617
2#06AY7041#06062020#033225.jpg,206,34,car plate,713,603,919,637
2#06AYM73#05062020#102019.jpg,181,29,car plate,784,520,965,549
2#06AYN45#08062020#132546.jpg,152,26,car plate,521,587,673,613
2#06BA2450#05062020#102058.jpg,182,29,car plate,685,464,867,493
2#06BA336#05062020#101040.jpg,205,32,car plate,676,579,881,611
2#06BA336#06062020#135628.jpg,209,32,car plate,781,594,990,626
2#06BA7086#06062020#002524.jpg,201,34,car plate,748,600,949,634
2#06BA7253#08062020#113831.jpg,159,28,car plate,663,644,822,672
2#06BA8717#05062020#100118.jpg,195,32,car plate,771,571,966,603
2#06BAC750#06062020#022616.jpg,148,28,car plate,365,600,513,628
2#06BAC750#06062020#111531.jpg,176,27,car plate,445,573,621,600
2#06BAH315#05062020#132718.jpg,127,25,car plate,512,531,639,556
2#06BAH841#08062020#130004.jpg,146,25,car plate,712,551,858,576
2#06BAM623#05062020#233601.jpg,193,32,car plate,778,557,971,589
2#06BAR424#07062020#200444.jpg,150,27,car plate,804,590,954,617
2#06BAU263#06062020#002639.jpg,200,36,car plate,822,603,1022,639
2#06BB3141#05062020#235203.jpg,191,32,car plate,810,549,1001,581
2#06BB4813#05062020#134729.jpg,173,27,car plate,368,554,541,581
2#06BB5288#05062020#101615.jpg,176,28,car plate,784,496,960,524
2#06BB6621#06062020#030323.jpg,194,34,car plate,762,565,956,599
2#06BBE010#05062020#102657.jpg,180,32,car plate,700,542,880,574
2#06BBE950#07062020#193849.jpg,151,27,car plate,789,536,940,563
2#06BBH905#06062020#000127.jpg,202,33,car plate,732,595,934,628
2#06BBV787#06062020#025608.jpg,197,33,car plate,671,585,868,618
2#06BBY556#06062020#003257.jpg,207,32,car plate,737,604,944,636
2#06BC3536#05062020#104406.jpg,167,26,car plate,758,460,925,486
2#06BC3592#05062020#102634.jpg,214,32,car plate,625,590,839,622
2#06BC3843#06062020#001057.jpg,206,33,car plate,747,623,953,656
2#06BC8036#06062020#025156.jpg,202,29,car plate,665,586,867,615
2#06BCA278#05062020#105331.jpg,215,36,car plate,723,641,938,677
2#06BCG649#05062020#102111.jpg,202,33,car plate,673,594,875,627
2#06BCG715#06062020#002726.jpg,202,33,car plate,883,606,1085,639
2#06BCJ939#06062020#011712.jpg,175,28,car plate,280,581,455,609
2#06BCK363#06062020#031839.jpg,209,33,car plate,752,539,961,572
2#06BCM586#06062020#142144.jpg,200,32,car plate,675,565,875,597
2#06BCN835#06062020#002018.jpg,173,26,car plate,613,488,786,514
2#06BCU716#05062020#235543.jpg,181,28,car plate,739,540,920,568
2#06BCV002#07062020#112455.jpg,152,25,car plate,235,608,387,633
2#06BCY585#06062020#143503.jpg,205,29,car plate,855,565,1060,594
2#06BD0752#07062020#112839.jpg,150,25,car plate,592,563,742,588
2#06BD0770#07062020#200027.jpg,151,26,car plate,606,571,757,597
2#06BD0770#08062020#113617.jpg,152,27,car plate,741,592,893,619
2#06BD1875#06062020#030351.jpg,193,33,car plate,813,529,1006,562
2#06BD2303#06062020#025311.jpg,192,32,car plate,789,547,981,579
2#06BD3809#08062020#135413.jpg,159,26,car plate,459,642,618,668
2#06BD3809#08062020#193601.jpg,156,25,car plate,389,596,545,621
2#06BD4184#07062020#205156.jpg,150,28,car plate,843,567,993,595
2#06BD5113#06062020#002859.jpg,208,33,car plate,597,591,805,624
2#06BD5113#06062020#025034.jpg,178,44,car plate,991,549,1169,593
2#06BD7917#05062020#103413.jpg,207,34,car plate,785,616,992,650
2#06BD8920#06062020#032523.jpg,214,35,car plate,684,542,898,577
2#06BD8946#06062020#000624.jpg,202,32,car plate,677,594,879,626
2#06BDE67#08062020#200225.jpg,152,25,car plate,369,601,521,626
2#06BDE674#08062020#192116.jpg,157,26,car plate,405,611,562,637
2#06BDF282#07062020#192628.jpg,153,28,car plate,607,592,760,620
2#06BDL131#06062020#031347.jpg,193,29,car plate,614,540,807,569
2#06BDM666#06062020#002109.jpg,200,34,car plate,727,570,927,604
2#06BDS301#06062020#002328.jpg,176,29,car plate,601,494,777,523
2#06BDY980#07062020#180254.jpg,137,28,car plate,478,622,615,650
2#06BDZ222#06062020#024851.jpg,190,29,car plate,741,553,931,582
2#06BE0169#07062020#214146.jpg,150,27,car plate,709,584,859,611
2#06BE5227#05062020#235155.jpg,199,34,car plate,746,550,945,584
2#06BE5659#06062020#031517.jpg,205,32,car plate,734,590,939,622
2#06BEL422#07062020#220847.jpg,135,27,car plate,745,604,880,631
2#06BER240#06062020#032858.jpg,184,28,car plate,819,546,1003,574
2#06BES169#08062020#195004.jpg,150,26,car plate,917,574,1067,600
2#06BEU760#07062020#143622.jpg,156,25,car plate,642,619,798,644
2#06BEY172#05062020#100354.jpg,201,34,car plate,743,619,944,653
2#06BEY552#06062020#001733.jpg,185,32,car plate,882,562,1067,594
2#06BEY565#06062020#000252.jpg,200,33,car plate,806,587,1006,620
2#06BEY928#07062020#133357.jpg,152,25,car plate,662,608,814,633
2#06BF9618#07062020#161909.jpg,151,28,car plate,1010,613,1161,641
2#06BFC804#05062020#100856.jpg,175,29,car plate,803,476,978,505
2#06BFD644#05062020#100554.jpg,210,35,car plate,657,580,867,615
2#06BFE499#06062020#142619.jpg,194,29,car plate,821,635,1015,664
2#06BFF004#06062020#025955.jpg,191,32,car plate,721,521,912,553
2#06BFG341#05062020#105911.jpg,185,29,car plate,791,562,976,591
2#06BFJ210#07062020#201046.jpg,147,26,car plate,534,584,681,610
2#06BFJ278#07062020#112602.jpg,153,26,car plate,503,620,656,646
2#06BFJ278#07062020#200441.jpg,146,25,car plate,638,537,784,562
2#06BFN238#06062020#142907.jpg,198,33,car plate,719,587,917,620
2#06BFN257#07062020#151217.jpg,153,26,car plate,694,589,847,615
2#06BFR809#06062020#002516.jpg,183,28,car plate,775,510,958,538
2#06BFU777#06062020#024634.jpg,182,29,car plate,668,518,850,547
2#06BFZ949#06062020#001233.jpg,208,34,car plate,756,556,964,590
2#06BG6199#06062020#001539.jpg,206,29,car plate,600,593,806,622
2#06BGA240#05062020#234138.jpg,216,32,car plate,663,609,879,641
2#06BGC781#05062020#100733.jpg,157,25,car plate,747,424,904,449
2#06BGF896#06062020#001631.jpg,199,29,car plate,729,568,928,597
2#06BGG923#05062020#100406.jpg,191,29,car plate,782,552,973,581
2#06BGN332#07062020#142017.jpg,147,25,car plate,552,588,699,613
2#06BGT896#05062020#111341.jpg,158,27,car plate,443,640,601,667
2#06BGU715#05062020#233748.jpg,205,34,car plate,691,582,896,616
2#06BGV098#06062020#032636.jpg,182,28,car plate,837,536,1019,564
2#06BGY002#05062020#233415.jpg,195,29,car plate,778,583,973,612
2#06BH5873#05062020#102133.jpg,200,33,car plate,730,579,930,612
2#06BH5873#06062020#140913.jpg,191,28,car plate,680,525,871,553
2#06BHB760#06062020#002312.jpg,198,33,car plate,784,556,982,589
2#06BHG428#06062020#143052.jpg,214,35,car plate,701,616,915,651
2#06BHJ070#06062020#001626.jpg,198,35,car plate,734,572,932,607
2#06BHJ186#05062020#101812.jpg,182,27,car plate,753,558,935,585
2#06BHL850#05062020#102456.jpg,217,34,car plate,702,631,919,665
2#06BHS075#06062020#001947.jpg,184,28,car plate,725,513,909,541
2#06BHT440#06062020#002451.jpg,183,26,car plate,562,518,745,544
2#06BHU456#06062020#031418.jpg,199,28,car plate,684,571,883,599
2#06BHU585#06062020#031045.jpg,184,32,car plate,864,547,1048,579
2#06BHZ854#06062020#001844.jpg,200,33,car plate,665,563,865,596
2#06BIG504#05062020#134156.jpg,177,28,car plate,337,560,514,588
2#06BIS833#07062020#161512.jpg,158,26,car plate,688,585,846,611
2#06BIT389#05062020#235631.jpg,189,29,car plate,776,543,965,572
2#06BIT744#06062020#002936.jpg,215,33,car plate,585,608,800,641
2#06BJ5172#05062020#100236.jpg,197,32,car plate,833,579,1030,611
2#06BJA031#06062020#142430.jpg,206,32,car plate,686,561,892,593
2#06BJA145#05062020#101344.jpg,190,33,car plate,730,579,920,612
2#06BJB557#06062020#002344.jpg,198,33,car plate,732,576,930,609
2#06BJG390#06062020#000746.jpg,211,34,car plate,743,600,954,634
2#06BJH040#06062020#142446.jpg,205,33,car plate,830,597,1035,630
2#06BJJ122#06062020#001938.jpg,177,29,car plate,802,480,979,509
2#06BJJ992#05062020#104433.jpg,173,26,car plate,764,457,937,483
2#06BJL725#06062020#143359.jpg,178,29,car plate,807,478,985,507
2#06BJM473#06062020#002501.jpg,184,32,car plate,784,518,968,550
2#06BJN526#06062020#030401.jpg,194,29,car plate,740,534,934,563
2#06BJZ407#06062020#143059.jpg,163,26,car plate,709,436,872,462
2#06BK7635#08062020#131848.jpg,147,26,car plate,555,522,702,548
2#06BK8304#07062020#214535.jpg,152,26,car plate,565,533,717,559
2#06BKA394#05062020#105930.jpg,209,35,car plate,705,647,914,682
2#06BKB824#05062020#110036.jpg,163,27,car plate,830,465,993,492
2#06BKG183#06062020#143253.jpg,191,29,car plate,777,548,968,577
2#06BKJ395#05062020#103254.jpg,202,32,car plate,760,607,962,639
2#06BKL144#07062020#162324.jpg,148,27,car plate,971,564,1119,591
2#06BKS793#06062020#031303.jpg,177,28,car plate,785,509,962,537
2#06BKT665#06062020#141329.jpg,184,29,car plate,626,501,810,530
2#06BKZ012#05062020#103801.jpg,199,35,car plate,845,620,1044,655
2#06BL6484#06062020#142505.jpg,197,33,car plate,760,560,957,593
2#06BL6606#06062020#135130.jpg,195,27,car plate,774,580,969,607
2#06BLA921#06062020#000516.jpg,194,35,car plate,852,587,1046,622
2#06BLB409#06062020#140958.jpg,179,28,car plate,749,489,928,517
2#06BLB704#05062020#100759.jpg,182,28,car plate,830,598,1012,626
2#06BLB99#03062020#165225.jpg,135,32,car plate,453,560,588,592
2#06BLD570#05062020#235124.jpg,195,33,car plate,673,519,868,552
2#06BLD736#08062020#135407.jpg,152,25,car plate,538,612,690,637
2#06BLE187#05062020#105741.jpg,191,32,car plate,763,540,954,572
2#06BLG319#06062020#141100.jpg,165,27,car plate,838,458,1003,485
2#06BLJ375#06062020#003222.jpg,202,33,car plate,758,588,960,621
2#06BLY47#03062020#165659.jpg,131,32,car plate,566,533,697,565
2#06BM0805#06062020#032934.jpg,210,32,car plate,766,610,976,642
2#06BM1514#06062020#033624.jpg,197,32,car plate,654,541,851,573
2#06BMA348#05062020#233215.jpg,197,33,car plate,748,573,945,606
2#06BMB206#07062020#211254.jpg,153,26,car plate,459,583,612,609
2#06BMD546#06062020#002011.jpg,212,34,car plate,723,611,935,645
2#06BMF202#06062020#135906.jpg,184,29,car plate,710,520,894,549
2#06BMH680#06062020#001247.jpg,194,29,car plate,702,548,896,577
2#06BMJ383#05062020#233822.jpg,198,32,car plate,736,546,934,578
2#06BMK124#05062020#104209.jpg,184,28,car plate,720,538,904,566
2#06BMK384#05062020#103345.jpg,196,32,car plate,710,554,906,586
2#06BMK540#07062020#123256.jpg,157,27,car plate,678,606,835,633
2#06BMK724#06062020#001831.jpg,172,27,car plate,641,474,813,501
2#06BMM509#05062020#104227.jpg,193,28,car plate,758,604,951,632
2#06BN0765#05062020#233044.jpg,191,32,car plate,627,535,818,567
2#06BNB648#07062020#121057.jpg,156,33,car plate,1029,611,1185,644
2#06BNM772#05062020#235731.jpg,169,28,car plate,825,468,994,496
2#06BNS376#06062020#001653.jpg,191,29,car plate,661,515,852,544
2#06BNS733#06062020#000633.jpg,198,32,car plate,637,612,835,644
2#06BNU40#05062020#235624.jpg,162,28,car plate,791,460,953,488
2#06BNU404#05062020#100208.jpg,172,29,car plate,837,502,1009,531
2#06BNU567#06062020#000535.jpg,193,33,car plate,698,528,891,561
2#06BNV647#06062020#003014.jpg,194,29,car plate,746,571,940,600
2#06BNZ803#05062020#233612.jpg,205,33,car plate,680,534,885,567
2#06BOE626#06062020#000337.jpg,186,29,car plate,686,540,872,569
2#06BOE626#06062020#031026.jpg,197,32,car plate,706,595,903,627
2#06BOH574#06062020#002404.jpg,206,34,car plate,789,615,995,649
2#06BOJ966#05062020#233629.jpg,197,32,car plate,799,536,996,568
2#06BOL948#05062020#104949.jpg,183,28,car plate,767,523,950,551
2#06BOP279#05062020#235459.jpg,181,29,car plate,834,530,1015,559
2#06BOU541#05062020#235615.jpg,205,33,car plate,741,613,946,646
2#06BOY651#06062020#030840.jpg,178,29,car plate,808,510,986,539
2#06BP1884#07062020#125928.jpg,148,25,car plate,602,594,750,619
2#06BP3496#07062020#115059.jpg,153,25,car plate,563,601,716,626
2#06BP7440#06062020#003134.jpg,192,28,car plate,747,566,939,594
2#06BPA305#06062020#000952.jpg,184,32,car plate,801,519,985,551
2#06BPH911#06062020#032128.jpg,193,32,car plate,754,558,947,590
2#06BPJ157#06062020#002046.jpg,191,33,car plate,670,548,861,581
2#06BPK488#05062020#100908.jpg,166,26,car plate,750,443,916,469
2#06BPK569#06062020#001225.jpg,201,33,car plate,612,606,813,639
2#06BPL494#05062020#203748.jpg,153,23,car plate,505,629,658,652
2#06BPP501#05062020#233620.jpg,199,34,car plate,776,602,975,636
2#06BPR330#06062020#002221.jpg,184,29,car plate,788,520,972,549
2#06BPY389#06062020#143633.jpg,200,32,car plate,669,525,869,557
2#06BR5308#03062020#125552.jpg,201,29,car plate,557,591,758,620
2#06BR7031#06062020#142151.jpg,196,32,car plate,835,579,1031,611
2#06BR9373#06062020#032432.jpg,185,29,car plate,725,575,910,604
2#06BRD378#05062020#201843.jpg,146,26,car plate,356,614,502,640
2#06BRD378#06062020#012431.jpg,152,25,car plate,429,475,581,500
2#06BRE930#06062020#013402.jpg,177,27,car plate,298,587,475,614
2#06BRF589#06062020#001441.jpg,212,35,car plate,808,617,1020,652
2#06BRN36#06062020#001141.jpg,218,35,car plate,640,574,858,609
2#06BS1773#07062020#192228.jpg,149,25,car plate,558,540,707,565
2#06BS2866#06062020#031209.jpg,83,46,car plate,821,594,904,640
2#06BS6854#06062020#023942.jpg,151,28,car plate,359,584,510,612
2#06BS7389#05062020#104246.jpg,161,26,car plate,826,448,987,474
2#06BS7494#05062020#235524.jpg,165,26,car plate,801,477,966,503
2#06BS7622#06062020#032528.jpg,208,37,car plate,806,525,1014,562
2#06BSD530#07062020#221553.jpg,152,26,car plate,431,595,583,621
2#06BSJ556#08062020#132758.jpg,151,28,car plate,538,580,689,608
2#06BT4928#06062020#033120.jpg,190,32,car plate,712,533,902,565
2#06BT4928#06062020#135243.jpg,214,33,car plate,608,623,822,656
2#06BT4928#06062020#142835.jpg,200,34,car plate,624,573,824,607
2#06BTT515#07062020#201439.jpg,151,29,car plate,1045,579,1196,608
2#06BTT515#08062020#134631.jpg,151,25,car plate,672,551,823,576
2#06BTT745#05062020#234225.jpg,206,29,car plate,662,590,868,619
2#06BTZ676#08062020#132801.jpg,146,27,car plate,729,527,875,554
2#06BU3239#07062020#122813.jpg,156,26,car plate,490,602,646,628
2#06BUB698#08062020#193403.jpg,158,25,car plate,520,639,678,664
2#06BV0465#05062020#102119.jpg,200,36,car plate,748,601,948,637
2#06BV2476#03062020#165009.jpg,133,29,car plate,579,575,712,604
2#06BV3017#05062020#100227.jpg,211,34,car plate,628,606,839,640
2#06BV710#06062020#013416.jpg,173,32,car plate,357,549,530,581
2#06BV7106#05062020#202102.jpg,148,26,car plate,406,595,554,621
2#06BY3678#06062020#032322.jpg,200,32,car plate,749,588,949,620
2#06BY4584#06062020#030657.jpg,193,33,car plate,604,547,797,580
2#06BY5836#03062020#212113.jpg,202,29,car plate,448,622,650,651
2#06BY6730#03062020#112139.jpg,156,26,car plate,647,541,803,567
2#06BY8190#03062020#165338.jpg,137,29,car plate,570,603,707,632
2#06BZ4710#06062020#033202.jpg,194,28,car plate,712,573,906,601
2#06CD5365#06062020#001445.jpg,189,28,car plate,728,495,917,523
2#06CD5558#05062020#134553.jpg,152,24,car plate,318,449,470,473
2#06CD5741#05062020#100643.jpg,202,33,car plate,770,597,972,630
2#06CD5760#05062020#235424.jpg,208,34,car plate,699,616,907,650
2#06CD5992#06062020#025652.jpg,193,32,car plate,725,555,918,587
2#06CD6302#06062020#141756.jpg,210,33,car plate,691,612,901,645
2#06CD6470#06062020#022910.jpg,159,27,car plate,398,599,557,626
2#06CD6470#06062020#111656.jpg,185,28,car plate,363,567,548,595
2#06CD6793#05062020#110357.jpg,215,33,car plate,701,632,916,665
2#06CD6923#05062020#100904.jpg,200,32,car plate,614,524,814,556
2#06CD7161#05062020#103903.jpg,194,33,car plate,763,581,957,614
2#06CD7565#05062020#102033.jpg,173,27,car plate,706,452,879,479
2#06CD7565#05062020#134503.jpg,147,26,car plate,259,412,406,438
2#06CD7622#06062020#000439.jpg,214,32,car plate,685,605,899,637
2#06CD7649#05062020#110648.jpg,217,34,car plate,547,586,764,620
2#06CDC84#05062020#233944.jpg,75,23,car plate,694,426,769,449
2#06CGE79#08062020#104534.jpg,80,24,car plate,646,565,726,589
2#06CM2144#06062020#000411.jpg,196,32,car plate,837,578,1033,610
2#06CM2249#05062020#233648.jpg,190,33,car plate,718,516,908,549
2#06CMK81#06062020#025942.jpg,191,32,car plate,837,564,1028,596
2#06CNK06#06062020#001016.jpg,201,32,car plate,719,563,920,595
2#06CNP34#03062020#165215.jpg,136,32,car plate,480,493,616,525
2#06COP10#06062020#000319.jpg,183,28,car plate,769,496,952,524
2#06CZ947#06062020#002253.jpg,51,52,car plate,1013,580,1064,632
2#06D0094#06062020#154528.jpg,157,27,car plate,271,473,428,500
2#06D7373#05062020#104252.jpg,185,28,car plate,710,512,895,540
2#06DA6157#03062020#165411.jpg,136,29,car plate,448,579,584,608
2#06DA6299#06062020#003111.jpg,197,33,car plate,673,576,870,609
2#06DA8223#08062020#134541.jpg,158,26,car plate,528,647,686,673
2#06DB3989#06062020#141452.jpg,201,28,car plate,809,596,1010,624
2#06DB8940#03062020#211407.jpg,185,32,car plate,549,578,734,610
2#06DC3889#05062020#235810.jpg,166,27,car plate,755,459,921,486
2#06DC4288#06062020#003039.jpg,202,29,car plate,717,576,919,605
2#06DC5150#05062020#120702.jpg,153,27,car plate,477,637,630,664
2#06DC7289#06062020#141307.jpg,192,32,car plate,812,558,1004,590
2#06DC8160#05062020#232954.jpg,192,29,car plate,785,544,977,573
2#06DD0324#03062020#212440.jpg,185,27,car plate,481,577,666,604
2#06DD1235#05062020#101548.jpg,194,29,car plate,809,568,1003,597
2#06DD1719#07062020#154954.jpg,148,26,car plate,571,552,719,578
2#06DD2540#03062020#004556.jpg,145,24,car plate,564,592,709,616
2#06DD2540#07062020#162644.jpg,150,27,car plate,867,586,1017,613
2#06DD3150#06062020#025858.jpg,202,33,car plate,749,568,951,601
2#06DD4624#06062020#030329.jpg,206,34,car plate,621,593,827,627
2#06DD8454#05062020#204310.jpg,156,25,car plate,345,615,501,640
2#06DE0174#03062020#212125.jpg,186,32,car plate,468,605,654,637
2#06DE1965#06062020#022908.jpg,149,27,car plate,390,630,539,657
2#06DE1965#06062020#023307.jpg,99,23,car plate,467,587,566,610
2#06DE1965#06062020#111817.jpg,159,27,car plate,469,495,628,522
2#06DE1965#06062020#112002.jpg,166,27,car plate,248,564,414,591
2#06DE5565#05062020#101215.jpg,184,28,car plate,802,538,986,566
2#06DE7161#06062020#141302.jpg,166,27,car plate,637,461,803,488
2#06DF0874#07062020#143106.jpg,146,29,car plate,746,603,892,632
2#06DF1618#06062020#135547.jpg,196,33,car plate,721,523,917,556
2#06DF1830#03062020#104116.jpg,152,32,car plate,808,529,960,561
2#06DF3135#06062020#033232.jpg,166,25,car plate,696,504,862,529
2#06DF4774#05062020#103919.jpg,207,33,car plate,867,595,1074,628
2#06DF5604#03062020#165906.jpg,141,33,car plate,557,650,698,683
2#06DG1356#03062020#165002.jpg,130,26,car plate,566,491,696,517
2#06DG3710#05062020#204111.jpg,147,25,car plate,353,581,500,606
2#06DG3710#05062020#204349.jpg,152,27,car plate,429,626,581,653
2#06DG3710#06062020#000343.jpg,207,33,car plate,741,599,948,632
2#06DG3842#06062020#003024.jpg,201,35,car plate,849,582,1050,617
2#06DG4273#06062020#142013.jpg,195,29,car plate,729,570,924,599
2#06DG6600#06062020#000803.jpg,207,32,car plate,786,602,993,634
2#06DG8194#05062020#234433.jpg,207,35,car plate,807,603,1014,638
2#06DG9049#05062020#100429.jpg,201,32,car plate,647,560,848,592
2#06DG9049#05062020#233143.jpg,208,32,car plate,776,585,984,617
2#06DG9049#06062020#141821.jpg,207,32,car plate,828,592,1035,624
2#06DG9466#03062020#165242.jpg,134,27,car plate,687,582,821,609
2#06DG9511#03062020#011557.jpg,140,24,car plate,436,488,576,512
2#06DG9523#03062020#165246.jpg,125,29,car plate,687,461,812,490
2#06DG9973#06062020#142728.jpg,201,33,car plate,855,584,1056,617
2#06DGN44#06062020#001945.jpg,206,33,car plate,579,589,785,622
2#06DH2187#05062020#105141.jpg,198,33,car plate,794,579,992,612
2#06DH2305#03062020#100220.jpg,160,27,car plate,552,604,712,631
2#06DHL24#05062020#103108.jpg,192,28,car plate,779,539,971,567
2#06DIL49#06062020#000213.jpg,202,34,car plate,824,571,1026,605
2#06DJ0727#06062020#143645.jpg,200,33,car plate,738,571,938,604
2#06DJ2474#06062020#001008.jpg,202,33,car plate,541,582,743,615
2#06DJ6544#06062020#000119.jpg,190,29,car plate,798,553,988,582
2#06DJJ61#07062020#213932.jpg,140,24,car plate,874,503,1014,527
2#06DK0005#06062020#032152.jpg,206,32,car plate,760,560,966,592
2#06DK1989#06062020#031133.jpg,182,29,car plate,842,531,1024,560
2#06DK8043#06062020#032906.jpg,191,29,car plate,830,551,1021,580
2#06DK8568#03062020#165417.jpg,144,33,car plate,585,614,729,647
2#06DK9108#06062020#140620.jpg,184,32,car plate,692,495,876,527
2#06DM2461#06062020#142459.jpg,173,32,car plate,754,492,927,524
2#06DM3148#06062020#001031.jpg,192,29,car plate,680,510,872,539
2#06DM4079#03062020#170117.jpg,133,27,car plate,520,564,653,591
2#06DM4671#06062020#031127.jpg,202,34,car plate,725,615,927,649
2#06DN6063#05062020#110252.jpg,214,33,car plate,785,631,999,664
2#06DNS33#05062020#104400.jpg,194,34,car plate,835,533,1029,567
2#06DOC28#06062020#001021.jpg,199,33,car plate,706,573,905,606
2#06DP0455#05062020#110217.jpg,215,34,car plate,739,599,954,633
2#06DR0810#05062020#101727.jpg,197,32,car plate,757,526,954,558
2#06DR220#05062020#110847.jpg,196,34,car plate,712,647,908,681
2#06DR2324#06062020#024613.jpg,195,33,car plate,707,544,902,577
2#06DR2892#06062020#025044.jpg,198,32,car plate,884,593,1082,625
2#06DR4397#03062020#212134.jpg,177,27,car plate,492,550,669,577
2#06DR568#05062020#104958.jpg,194,29,car plate,730,532,924,561
2#06DRH76#03062020#165042.jpg,144,32,car plate,534,663,678,695
2#06DRK46#06062020#001313.jpg,196,29,car plate,827,593,1023,622
2#06DS2052#06062020#031405.jpg,194,32,car plate,753,562,947,594
2#06DS6195#05062020#105149.jpg,163,27,car plate,815,455,978,482
2#06DS7594#05062020#100935.jpg,168,25,car plate,796,481,964,506
2#06DS9928#05062020#233928.jpg,212,28,car plate,605,620,817,648
2#06DT1484#06062020#001323.jpg,190,32,car plate,738,508,928,540
2#06DT4108#05062020#233634.jpg,181,29,car plate,712,483,893,512
2#06DT4846#06062020#001337.jpg,192,29,car plate,697,544,889,573
2#06DT5123#03062020#165208.jpg,140,33,car plate,578,525,718,558
2#06DTG94#03062020#165545.jpg,133,28,car plate,524,511,657,539
2#06DU2942#03062020#165725.jpg,143,33,car plate,461,569,604,602
2#06DU2975#03062020#165921.jpg,133,32,car plate,494,471,627,503
2#06DU4733#05062020#105143.jpg,215,35,car plate,716,614,931,649
2#06DU5567#06062020#030836.jpg,199,32,car plate,722,569,921,601
2#06DU7703#06062020#001920.jpg,210,32,car plate,708,605,918,637
2#06DU8294#05062020#100538.jpg,193,29,car plate,734,555,927,584
2#06DV0554#06062020#142622.jpg,183,32,car plate,676,503,859,535
2#06DV2860#05062020#233322.jpg,184,28,car plate,745,538,929,566
2#06DV6893#07062020#113443.jpg,158,27,car plate,673,620,831,647
2#06DV7876#07062020#131905.jpg,150,25,car plate,532,551,682,576
2#06DY5138#05062020#101926.jpg,201,29,car plate,906,594,1107,623
2#06DY5138#06062020#143414.jpg,185,29,car plate,834,532,1019,561
2#06DY8173#06062020#031652.jpg,195,33,car plate,699,589,894,622
2#06DY8173#06062020#031731.jpg,186,33,car plate,702,559,888,592
2#06DY8474#05062020#101250.jpg,211,33,car plate,652,621,863,654
2#06DY8474#05062020#234237.jpg,211,32,car plate,605,609,816,641
2#06DY8474#06062020#141548.jpg,206,32,car plate,807,607,1013,639
2#06DY8709#07062020#203833.jpg,158,25,car plate,625,633,783,658
2#06DY9906#05062020#110310.jpg,193,27,car plate,716,604,909,631
2#06DZ1880#06062020#001516.jpg,179,29,car plate,864,511,1043,540
2#06DZ7265#06062020#000205.jpg,207,34,car plate,561,578,768,612
2#06DZ8868#05062020#200747.jpg,148,28,car plate,267,614,415,642
2#06DZ8868#05062020#204415.jpg,150,28,car plate,257,630,407,658
2#06DZ8868#06062020#002807.jpg,184,29,car plate,715,506,899,535
2#06DZ8868#06062020#011401.jpg,173,29,car plate,635,551,808,580
2#06E4226#05062020#194134.jpg,110,23,car plate,468,656,578,679
2#06E4226#06062020#004456.jpg,146,24,car plate,280,536,426,560
2#06E8887#05062020#201911.jpg,149,24,car plate,503,621,652,645
2#06E8887#06062020#012713.jpg,168,26,car plate,215,583,383,609
2#06E9938#06062020#140455.jpg,206,34,car plate,854,614,1060,648
2#06EA1285#05062020#101122.jpg,208,35,car plate,733,594,941,629
2#06EA143#06062020#140435.jpg,202,33,car plate,818,593,1020,626
2#06EA5534#07062020#142343.jpg,147,27,car plate,725,539,872,566
2#06EAM29#08062020#115242.jpg,157,26,car plate,547,620,704,646
2#06EB3678#05062020#104355.jpg,196,29,car plate,733,622,929,651
2#06EBA71#06062020#002334.jpg,189,32,car plate,793,557,982,589
2#06EC0404#07062020#041348.jpg,150,27,car plate,39,599,189,626
2#06EC1182#05062020#233504.jpg,173,27,car plate,788,468,961,495
2#06EC521#06062020#030305.jpg,207,37,car plate,803,609,1010,646
2#06EC6789#05062020#131608.jpg,157,28,car plate,357,648,514,676
2#06EC8880#07062020#145316.jpg,156,25,car plate,498,610,654,635
2#06ED3082#08062020#115807.jpg,157,27,car plate,908,627,1065,654
2#06ED3786#05062020#104741.jpg,199,28,car plate,766,596,965,624
2#06ED890#06062020#000256.jpg,217,33,car plate,641,589,858,622
2#06EE3920#03062020#180044.jpg,192,28,car plate,480,637,672,665
2#06EF0548#06062020#032816.jpg,212,33,car plate,723,611,935,644
2#06EF1085#06062020#002227.jpg,183,28,car plate,722,569,905,597
2#06EF5649#06062020#000455.jpg,211,33,car plate,734,572,945,605
2#06EG040#06062020#023342.jpg,160,29,car plate,368,614,528,643
2#06EG040#06062020#112108.jpg,163,27,car plate,111,503,274,530
2#06EG089#06062020#142229.jpg,209,34,car plate,875,610,1084,644
2#06EJ494#05062020#202112.jpg,162,29,car plate,424,632,586,661
2#06EMK70#05062020#235409.jpg,200,33,car plate,748,569,948,602
2#06EMM93#05062020#203452.jpg,151,27,car plate,368,621,519,648
2#06EP348#03062020#002226.jpg,167,27,car plate,519,485,686,512
2#06ER625#06062020#141359.jpg,201,33,car plate,711,567,912,600
2#06ET1683#03062020#184315.jpg,197,33,car plate,552,629,749,662
2#06ET7714#06062020#000502.jpg,208,33,car plate,767,623,975,656
2#06EV5394#08062020#202121.jpg,134,26,car plate,394,637,528,663
2#06EY1168#05062020#235519.jpg,178,29,car plate,742,512,920,541
2#06EY283#06062020#000348.jpg,194,32,car plate,787,566,981,598
2#06EY376#06062020#000356.jpg,183,28,car plate,739,504,922,532
2#06EY7065#05062020#232934.jpg,212,37,car plate,603,595,815,632
2#06EY730#06062020#141537.jpg,212,35,car plate,720,626,932,661
2#06EZ7385#06062020#001330.jpg,195,29,car plate,826,551,1021,580
2#06EZV47#05062020#110026.jpg,206,29,car plate,713,631,919,660
2#06FA1774#05062020#234013.jpg,196,34,car plate,781,586,977,620
2#06FA2205#06062020#025759.jpg,194,29,car plate,688,565,882,594
2#06FA5203#05062020#110548.jpg,185,29,car plate,649,497,834,526
2#06FB0861#06062020#032135.jpg,200,35,car plate,651,592,851,627
2#06FB2342#07062020#130729.jpg,148,27,car plate,739,562,887,589
2#06FB3730#05062020#234526.jpg,166,27,car plate,792,500,958,527
2#06FC0209#08062020#125847.jpg,146,26,car plate,612,530,758,556
2#06FC0758#06062020#025204.jpg,180,29,car plate,800,510,980,539
2#06FC1735#08062020#135209.jpg,151,27,car plate,585,571,736,598
2#06FC7365#06062020#032352.jpg,202,34,car plate,822,593,1024,627
2#06FC7776#06062020#000420.jpg,186,33,car plate,826,512,1012,545
2#06FC8451#03062020#213935.jpg,177,28,car plate,472,559,649,587
2#06FC8501#06062020#025252.jpg,177,29,car plate,701,506,878,535
2#06FD0076#03062020#170048.jpg,129,32,car plate,399,512,528,544
2#06FD0452#06062020#001504.jpg,191,29,car plate,683,509,874,538
2#06FD1330#06062020#025259.jpg,196,32,car plate,706,569,902,601
2#06FD1896#05062020#233708.jpg,200,33,car plate,763,589,963,622
2#06FE7168#07062020#204110.jpg,150,25,car plate,534,549,684,574
2#06FE9352#05062020#104716.jpg,224,36,car plate,748,632,972,668
2#06FF6751#05062020#235343.jpg,185,32,car plate,726,576,911,608
2#06FF9760#05062020#233257.jpg,198,34,car plate,736,563,934,597
2#06FG7981#05062020#202143.jpg,150,27,car plate,418,637,568,664
2#06FG7981#06062020#012918.jpg,168,29,car plate,375,567,543,596
2#06FH2353#06062020#141326.jpg,215,33,car plate,765,617,980,650
2#06FH6956#06062020#143105.jpg,211,33,car plate,659,625,870,658
2#06FH8038#06062020#002611.jpg,189,32,car plate,730,538,919,570
2#06FJ1036#05062020#101844.jpg,194,29,car plate,675,554,869,583
2#06FJ1303#06062020#001719.jpg,194,32,car plate,667,534,861,566
2#06FJ2097#05062020#234028.jpg,194,34,car plate,667,544,861,578
2#06FJ5121#03062020#003217.jpg,174,27,car plate,411,596,585,623
2#06FJ5440#05062020#102308.jpg,189,29,car plate,736,523,925,552
2#06FJ5487#06062020#000924.jpg,199,33,car plate,855,610,1054,643
2#06FJ5753#06062020#143352.jpg,185,29,car plate,780,495,965,524
2#06FJ9531#06062020#025904.jpg,183,29,car plate,783,527,966,556
2#06FK4227#06062020#000326.jpg,197,29,car plate,733,576,930,605
2#06FL1604#06062020#030523.jpg,194,32,car plate,778,571,972,603
2#06FL4948#06062020#033330.jpg,208,34,car plate,771,601,979,635
2#06FM2670#06062020#002411.jpg,207,32,car plate,696,583,903,615
2#06FM2748#06062020#031103.jpg,186,29,car plate,795,527,981,556
2#06FM5826#06062020#000402.jpg,208,33,car plate,723,612,931,645
2#06FM9101#06062020#143412.jpg,207,35,car plate,772,630,979,665
2#06FMM18#05062020#201855.jpg,150,27,car plate,325,627,475,654
2#06FMM18#06062020#012559.jpg,167,28,car plate,467,541,634,569
2#06FN5661#06062020#030334.jpg,207,33,car plate,689,592,896,625
2#06FN7752#06062020#001139.jpg,201,34,car plate,647,588,848,622
2#06FNC83#06062020#032713.jpg,189,32,car plate,719,546,908,578
2#06FP4081#05062020#110456.jpg,173,28,car plate,767,469,940,497
2#06FP5836#05062020#104425.jpg,174,28,car plate,725,466,899,494
2#06FP8960#05062020#101349.jpg,192,29,car plate,795,543,987,572
2#06FP8960#05062020#233939.jpg,201,36,car plate,874,602,1075,638
2#06FR0070#05062020#102209.jpg,212,35,car plate,740,626,952,661
2#06FR9900#05062020#233909.jpg,197,34,car plate,732,555,929,589
2#06FS0493#03062020#213449.jpg,184,28,car plate,438,572,622,600
2#06FS5867#07062020#200708.jpg,150,26,car plate,467,532,617,558
2#06FS5877#06062020#032442.jpg,209,33,car plate,722,610,931,643
2#06FS8401#05062020#110445.jpg,190,29,car plate,823,522,1013,551
2#06FS8779#06062020#001253.jpg,186,32,car plate,816,520,1002,552
2#06FS8923#03062020#184531.jpg,191,32,car plate,562,601,753,633
2#06FSD54#05062020#102554.jpg,207,35,car plate,793,609,1000,644
2#06FT4866#07062020#132517.jpg,151,27,car plate,719,589,870,616
2#06FT5372#05062020#234747.jpg,196,34,car plate,777,554,973,588
2#06FT5712#07062020#154440.jpg,151,26,car plate,581,599,732,625
2#06FT8750#07062020#182527.jpg,110,26,car plate,646,619,756,645
2#06FT882#06062020#000242.jpg,192,28,car plate,748,503,940,531
2#06FU3032#05062020#100620.jpg,214,34,car plate,646,621,860,655
2#06FU3032#05062020#232948.jpg,197,33,car plate,705,554,902,587
2#06FU3481#07062020#192944.jpg,157,27,car plate,572,616,729,643
2#06FV0411#05062020#235845.jpg,195,29,car plate,709,557,904,586
2#06FV0411#06062020#000049.jpg,208,33,car plate,708,606,916,639
2#06FV3408#06062020#025645.jpg,196,34,car plate,846,596,1042,630
2#06FV3888#05062020#234607.jpg,202,34,car plate,834,611,1036,645
2#06FV6458#03062020#112547.jpg,162,29,car plate,532,626,694,655
2#06FY2958#06062020#024901.jpg,193,28,car plate,701,534,894,562
2#06FY720#03062020#170144.jpg,131,29,car plate,658,544,789,573
2#06FZ6580#06062020#024548.jpg,205,34,car plate,833,622,1038,656
2#06FZ7244#05062020#101442.jpg,209,33,car plate,719,627,928,660
2#06FZ7244#05062020#234650.jpg,205,33,car plate,613,593,818,626
2#06FZ7244#06062020#032703.jpg,201,32,car plate,563,584,764,616
2#06FZ9621#05062020#203014.jpg,158,29,car plate,486,627,644,656
2#06FZ9811#05062020#104825.jpg,197,32,car plate,727,545,924,577
2#06GA2206#06062020#000152.jpg,199,34,car plate,742,563,941,597
2#06GA4797#06062020#033542.jpg,209,33,car plate,663,615,872,648
2#06GA8915#06062020#033340.jpg,197,29,car plate,800,560,997,589
2#06GB5794#06062020#002234.jpg,192,28,car plate,691,553,883,581
2#06GB7566#06062020#142613.jpg,201,33,car plate,745,586,946,619
2#06GC3736#07062020#131949.jpg,150,26,car plate,732,623,882,649
2#06GC508#06062020#025239.jpg,195,29,car plate,757,586,952,615
2#06GC551#05062020#101225.jpg,166,27,car plate,864,480,1030,507
2#06GC8423#06062020#142709.jpg,199,32,car plate,654,552,853,584
2#06GC9747#06062020#000902.jpg,193,32,car plate,721,552,914,584
2#06GCY60#05062020#110231.jpg,196,33,car plate,757,532,953,565
2#06GD5672#06062020#105905.jpg,175,28,car plate,371,588,546,616
2#06GD6282#06062020#002956.jpg,199,33,car plate,690,576,889,609
2#06GD9683#05062020#235512.jpg,191,29,car plate,689,532,880,561
2#06GE4845#05062020#104832.jpg,184,28,car plate,757,526,941,554
2#06GE4899#05062020#110346.jpg,190,29,car plate,699,534,889,563
2#06GE6353#06062020#001603.jpg,213,33,car plate,772,613,985,646
2#06GE6590#06062020#143131.jpg,195,29,car plate,733,535,928,564
2#06GE6666#05062020#233038.jpg,197,32,car plate,659,571,856,603
2#06GF583#03062020#142133.jpg,179,34,car plate,698,579,877,613
2#06GFY48#08062020#124958.jpg,153,27,car plate,1001,619,1154,646
2#06GGS78#06062020#142932.jpg,201,32,car plate,798,592,999,624
2#06GHB73#06062020#143156.jpg,185,35,car plate,751,471,936,506
2#06GIC83#06062020#000437.jpg,195,32,car plate,659,560,854,592
2#06GK083#05062020#105215.jpg,183,32,car plate,671,532,854,564
2#06GK328#05062020#105803.jpg,196,32,car plate,659,555,855,587
2#06GK493#06062020#001316.jpg,195,32,car plate,743,560,938,592
2#06GKB85#06062020#030120.jpg,179,29,car plate,695,487,874,516
2#06GL031#06062020#024605.jpg,195,33,car plate,807,590,1002,623
2#06GLE85#06062020#143149.jpg,195,32,car plate,784,577,979,609
2#06GLL37#05062020#100951.jpg,205,35,car plate,727,611,932,646
2#06GLN23#08062020#123051.jpg,157,26,car plate,534,613,691,639
2#06GM812#06062020#000215.jpg,201,32,car plate,553,558,754,590
2#06GME63#05062020#235530.jpg,194,32,car plate,658,565,852,597
2#06GME63#06062020#031448.jpg,182,29,car plate,698,527,880,556
2#06GN375#05062020#102356.jpg,184,27,car plate,742,538,926,565
2#06GS048#05062020#105359.jpg,199,33,car plate,595,556,794,589
2#06GUB43#05062020#105958.jpg,197,29,car plate,724,567,921,596
2#06GZ044#06062020#025751.jpg,180,28,car plate,677,494,857,522
2#06H5219#06062020#002554.jpg,200,32,car plate,646,600,846,632
2#06H6641#06062020#031314.jpg,185,34,car plate,801,518,986,552
2#06HA0268#08062020#135012.jpg,147,25,car plate,549,535,696,560
2#06HA9949#05062020#110450.jpg,178,28,car plate,636,483,814,511
2#06HB5984#06062020#002159.jpg,198,32,car plate,732,583,930,615
2#06HB6698#06062020#143533.jpg,198,32,car plate,797,611,995,643
2#06HC296#05062020#102222.jpg,175,27,car plate,737,505,912,532
2#06HCB71#05062020#112156.jpg,93,26,car plate,408,626,501,652
2#06HCB71#05062020#134142.jpg,101,28,car plate,333,551,434,579
2#06HD2900#06062020#000935.jpg,207,32,car plate,700,586,907,618
2#06HE5933#05062020#104931.jpg,228,34,car plate,779,612,1007,646
2#06HLE56#03062020#165847.jpg,131,29,car plate,578,529,709,558
2#06HP330#07062020#214510.jpg,158,27,car plate,478,576,636,603
2#06HSM07#06062020#143505.jpg,184,28,car plate,677,487,861,515
2#06JN283#05062020#100650.jpg,197,33,car plate,760,564,957,597
2#06JOV56#06062020#031504.jpg,198,32,car plate,608,561,806,593
2#06JR480#05062020#100341.jpg,181,29,car plate,732,508,913,537
2#06JSH90#03062020#170102.jpg,134,29,car plate,605,604,739,633
2#06JTD69#03062020#094758.jpg,162,25,car plate,499,610,661,635
2#06K2555#06062020#002323.jpg,190,28,car plate,715,599,905,627
2#06K8717#05062020#235352.jpg,182,33,car plate,772,521,954,554
2#06KA1879#03062020#165436.jpg,132,28,car plate,628,554,760,582
2#06KA4249#03062020#094831.jpg,165,28,car plate,593,642,758,670
2#06KA4449#06062020#025541.jpg,200,33,car plate,749,586,949,619
2#06KA6270#06062020#000147.jpg,193,33,car plate,795,513,988,546
2#06KA7617#03062020#095153.jpg,153,26,car plate,613,572,766,598
2#06KAR63#05062020#235327.jpg,211,36,car plate,844,531,1055,567
2#06KD181#03062020#124258.jpg,196,34,car plate,605,569,801,603
2#06KJB36#05062020#110338.jpg,207,33,car plate,729,599,936,632
2#06KK327#06062020#142629.jpg,183,33,car plate,759,510,942,543
2#06KK424#05062020#102955.jpg,176,27,car plate,684,477,860,504
2#06KK775#05062020#235525.jpg,201,33,car plate,681,563,882,596
2#06KNS75#05062020#104556.jpg,202,29,car plate,827,614,1029,643
2#06KRB63#03062020#165413.jpg,142,32,car plate,624,596,766,628
2#06KRM09#05062020#232918.jpg,214,34,car plate,688,616,902,650
2#06KSL55#06062020#000523.jpg,197,28,car plate,707,585,904,613
2#06KSV87#08062020#115250.jpg,158,26,car plate,613,619,771,645
2#06KYL46#05062020#110113.jpg,208,35,car plate,927,635,1135,670
2#06KZU94#06062020#022218.jpg,168,28,car plate,445,616,613,644
2#06KZU94#06062020#111410.jpg,186,32,car plate,378,540,564,572
2#06L1828#08062020#123934.jpg,153,26,car plate,854,631,1007,657
2#06LCL09#06062020#141005.jpg,190,32,car plate,734,568,924,600
2#06LEJ67#07062020#152141.jpg,149,26,car plate,762,550,911,576
2#06LFC63#05062020#235302.jpg,193,32,car plate,754,534,947,566
2#06LG109#07062020#121053.jpg,156,26,car plate,530,566,686,592
2#06LG109#07062020#143716.jpg,141,27,car plate,499,591,640,618
2#06LG109#07062020#195258.jpg,151,23,car plate,300,544,451,567
2#06LG976#05062020#100742.jpg,214,32,car plate,825,621,1039,653
2#06LM498#03062020#212000.jpg,196,29,car plate,518,637,714,666
2#06LOF40#06062020#031257.jpg,200,33,car plate,657,565,857,598
2#06LOV80#06062020#032642.jpg,191,33,car plate,861,523,1052,556
2#06LPK98#03062020#211308.jpg,192,28,car plate,420,633,612,661
2#06LRH01#05062020#233104.jpg,165,27,car plate,760,465,925,492
2#06LTM87#06062020#001944.jpg,186,32,car plate,714,511,900,543
2#06LVJ32#03062020#165600.jpg,142,28,car plate,566,621,708,649
2#06LYJ02#05062020#105042.jpg,207,32,car plate,848,618,1055,650
2#06LYL28#06062020#021756.jpg,125,25,car plate,509,480,634,505
2#06LYL28#06062020#110918.jpg,172,27,car plate,125,498,297,525
2#06LZZ53#05062020#105820.jpg,205,32,car plate,725,535,930,567
2#06M6511#06062020#142510.jpg,194,29,car plate,660,565,854,594
2#06M6814#06062020#022919.jpg,152,26,car plate,401,611,553,637
2#06M8138#06062020#024756.jpg,167,27,car plate,720,476,887,503
2#06MAD42#06062020#000834.jpg,195,33,car plate,727,562,922,595
2#06MAG14#07062020#143637.jpg,156,26,car plate,466,596,622,622
2#06MAP05#05062020#195257.jpg,168,26,car plate,458,655,626,681
2#06MAP05#06062020#010026.jpg,177,28,car plate,356,546,533,574
2#06MB2292#05062020#203945.jpg,158,26,car plate,359,629,517,655
2#06MB3546#05062020#234300.jpg,185,27,car plate,707,499,892,526
2#06MBE73#06062020#022112.jpg,148,25,car plate,346,608,494,633
2#06MCB59#05062020#202730.jpg,153,26,car plate,497,614,650,640
2#06MCB59#06062020#014044.jpg,176,26,car plate,377,569,553,595
2#06MCG57#05062020#104655.jpg,183,29,car plate,824,535,1007,564
2#06MEH46#05062020#100413.jpg,190,33,car plate,731,576,921,609
2#06MET75#06062020#001554.jpg,194,29,car plate,703,541,897,570
2#06MG080#06062020#032725.jpg,178,27,car plate,794,457,972,484
2#06MHC37#08062020#123702.jpg,158,27,car plate,620,626,778,653
2#06MHK68#06062020#023905.jpg,149,24,car plate,550,619,699,643
2#06MHK68#06062020#112348.jpg,152,25,car plate,130,497,282,522
2#06MHR49#06062020#021857.jpg,166,27,car plate,462,629,628,656
2#06MHU44#03062020#095155.jpg,164,28,car plate,687,626,851,654
2#06MIR60#06062020#002316.jpg,193,29,car plate,867,558,1060,587
2#06MJ545#05062020#102105.jpg,169,27,car plate,717,435,886,462
2#06ML917#05062020#235417.jpg,202,34,car plate,658,608,860,642
2#06MLM27#05062020#104418.jpg,184,28,car plate,815,541,999,569
2#06MNH15#08062020#171154.jpg,148,26,car plate,767,545,915,571
2#06MNH15#08062020#190523.jpg,149,26,car plate,766,544,915,570
2#06MNH15#08062020#190610.jpg,149,27,car plate,766,544,915,571
2#06MRG75#06062020#141508.jpg,197,34,car plate,838,587,1035,621
2#06MRZ16#06062020#154110.jpg,182,34,car plate,506,609,688,643
2#06MSV34#05062020#105135.jpg,202,35,car plate,790,616,992,651
2#06N0103#06062020#000541.jpg,186,29,car plate,743,521,929,550
2#06N1955#06062020#001203.jpg,191,29,car plate,661,535,852,564
2#06N6533#05062020#142014.jpg,177,27,car plate,291,557,468,584
2#06N6533#05062020#164807.jpg,153,25,car plate,492,590,645,615
2#06N6533#05062020#193726.jpg,151,25,car plate,499,576,650,601
2#06N6533#06062020#003810.jpg,166,28,car plate,391,493,557,521
2#06N8876#06062020#143212.jpg,207,33,car plate,759,555,966,588
2#06N8876#06062020#154618.jpg,175,26,car plate,356,529,531,555
2#06NA081#07062020#113143.jpg,133,27,car plate,1123,428,1256,455
2#06NA911#06062020#140231.jpg,189,33,car plate,742,551,931,584
2#06NB711#05062020#105223.jpg,193,27,car plate,794,605,987,632
2#06NB890#06062020#001931.jpg,206,32,car plate,833,601,1039,633
2#06NG518#03062020#165335.jpg,133,32,car plate,628,553,761,585
2#06NR630#05062020#102006.jpg,198,29,car plate,730,584,928,613
2#06NR630#06062020#141542.jpg,191,28,car plate,702,550,893,578
2#06P7393#05062020#103354.jpg,202,34,car plate,881,598,1083,632
2#06PA050#06062020#001028.jpg,182,29,car plate,740,514,922,543
2#06PCJ21#08062020#171640.jpg,153,26,car plate,803,623,956,649
2#06PCJ21#08062020#190949.jpg,153,26,car plate,803,623,956,649
2#06PER66#08062020#124950.jpg,152,26,car plate,637,625,789,651
2#06PHF05#07062020#112924.jpg,136,24,car plate,431,553,567,577
2#06PNA25#03062020#154031.jpg,175,28,car plate,585,616,760,644
2#06PVP76#05062020#233951.jpg,168,29,car plate,741,518,909,547
2#06RAG10#05062020#110117.jpg,172,27,car plate,784,477,956,504
2#06RB103#05062020#102645.jpg,212,35,car plate,766,633,978,668
2#06RED36#06062020#002748.jpg,211,29,car plate,763,615,974,644
2#06RJJ91#05062020#102026.jpg,181,28,car plate,822,559,1003,587
2#06RS342#05062020#104104.jpg,184,29,car plate,760,533,944,562
2#06RS426#06062020#030748.jpg,214,33,car plate,573,608,787,641
2#06RSN94#06062020#002649.jpg,186,29,car plate,713,521,899,550
2#06RU686#05062020#233607.jpg,208,34,car plate,735,581,943,615
2#06RV7351#05062020#235642.jpg,194,33,car plate,836,554,1030,587
2#06RZE61#08062020#121810.jpg,157,26,car plate,622,618,779,644
2#06RZF39#05062020#233458.jpg,215,33,car plate,682,616,897,649
2#06RZF39#06062020#025657.jpg,201,32,car plate,809,570,1010,602
2#06RZF39#06062020#135541.jpg,210,32,car plate,720,603,930,635
2#06S4212#05062020#235954.jpg,181,29,car plate,681,485,862,514
2#06S4606#05062020#235609.jpg,174,27,car plate,699,521,873,548
2#06S9073#06062020#024832.jpg,205,34,car plate,765,603,970,637
2#06SA034#05062020#104439.jpg,181,26,car plate,801,515,982,541
2#06SD570#06062020#025614.jpg,196,28,car plate,829,544,1025,572
2#06SEZ06#06062020#021829.jpg,156,26,car plate,366,625,522,651
2#06SF877#06062020#023944.jpg,150,25,car plate,503,600,653,625
2#06SF877#06062020#031211.jpg,206,33,car plate,791,604,997,637
2#06SK322#06062020#143306.jpg,185,27,car plate,853,537,1038,564
2#06SMY85#05062020#235028.jpg,189,33,car plate,762,527,951,560
2#06SN620#05062020#134912.jpg,161,28,car plate,348,495,509,523
2#06SR106#03062020#124538.jpg,191,41,car plate,1042,577,1233,618
2#06SS176#06062020#143653.jpg,223,37,car plate,689,621,912,658
2#06SS862#06062020#001618.jpg,183,29,car plate,758,522,941,551
2#06SSS21#05062020#202157.jpg,156,28,car plate,519,600,675,628
2#06SSS21#05062020#204303.jpg,157,25,car plate,452,600,609,625
2#06SSS21#06062020#013358.jpg,174,29,car plate,413,517,587,546
2#06SU694#06062020#142748.jpg,164,27,car plate,783,448,947,475
2#06SY499#03062020#154656.jpg,173,26,car plate,627,599,800,625
2#06SY897#06062020#112059.jpg,176,28,car plate,284,590,460,618
2#06T0013#06062020#021350.jpg,157,28,car plate,290,645,447,673
2#06T0013#06062020#110251.jpg,173,27,car plate,315,558,488,585
2#06T0099#05062020#140342.jpg,168,28,car plate,442,518,610,546
2#06T2244#06062020#104241.jpg,168,25,car plate,294,553,462,578
2#06T2832#06062020#010856.jpg,162,25,car plate,249,528,411,553
2#06T3064#05062020#131930.jpg,151,27,car plate,382,629,533,656
2#06T4368#06062020#003606.jpg,173,28,car plate,81,606,254,634
2#06T4368#06062020#003633.jpg,169,27,car plate,91,593,260,620
2#06T4368#06062020#003658.jpg,166,27,car plate,108,567,274,594
2#06T6869#06062020#120128.jpg,60,24,car plate,413,568,473,592
2#06T7139#06062020#023455.jpg,88,24,car plate,418,631,506,655
2#06T7139#06062020#112112.jpg,156,29,car plate,773,496,929,525
2#06TAR05#05062020#102328.jpg,207,34,car plate,721,598,928,632
2#06TAS55#03062020#211445.jpg,191,32,car plate,519,579,710,611
2#06TBG34#07062020#162330.jpg,152,27,car plate,652,602,804,629
2#06TCP78#07062020#131402.jpg,149,26,car plate,652,565,801,591
2#06TH365#06062020#002854.jpg,181,26,car plate,754,539,935,565
2#06TKC12#05062020#233109.jpg,211,34,car plate,674,614,885,648
2#06TLZ98#06062020#001622.jpg,208,33,car plate,705,587,913,620
2#06TMB14#05062020#233828.jpg,190,29,car plate,911,525,1101,554
2#06TMB62#06062020#105156.jpg,177,26,car plate,225,573,402,599
2#06TNK06#06062020#141227.jpg,194,34,car plate,702,579,896,613
2#06TRK48#03062020#213108.jpg,116,24,car plate,873,554,989,578
2#06TSY34#05062020#234920.jpg,201,34,car plate,647,571,848,605
2#06TT771#06062020#000112.jpg,194,29,car plate,601,566,795,595
2#06TUN77#06062020#032156.jpg,186,33,car plate,709,519,895,552
2#06U3758#05062020#102505.jpg,192,28,car plate,671,508,863,536
2#06U7080#08062020#193305.jpg,150,25,car plate,534,583,684,608
2#06UB186#06062020#002558.jpg,175,27,car plate,631,532,806,559
2#06UB545#06062020#033251.jpg,196,33,car plate,715,544,911,577
2#06UGR34#05062020#114401.jpg,95,25,car plate,385,646,480,671
2#06UGR34#05062020#120434.jpg,95,25,car plate,385,646,480,671
2#06UGR34#05062020#130950.jpg,95,25,car plate,385,646,480,671
2#06UGR34#05062020#132956.jpg,95,25,car plate,385,646,480,671
2#06UGR98#06062020#021805.jpg,167,27,car plate,445,652,612,679
2#06UGR98#06062020#111039.jpg,201,29,car plate,832,646,1033,675
2#06UGR98#06062020#111059.jpg,182,29,car plate,774,626,956,655
2#06UK203#05062020#235638.jpg,192,33,car plate,765,527,957,560
2#06US075#06062020#030249.jpg,191,28,car plate,770,552,961,580
2#06V2131#06062020#003245.jpg,210,32,car plate,658,606,868,638
2#06VFT95#06062020#033736.jpg,193,28,car plate,714,553,907,581
2#06VG635#05062020#100348.jpg,191,32,car plate,693,547,884,579
2#06VHB18#05062020#233848.jpg,202,29,car plate,662,596,864,625
2#06VKU08#07062020#112704.jpg,158,27,car plate,516,624,674,651
2#06VKU08#08062020#115653.jpg,145,24,car plate,575,495,720,519
2#06VLK88#08062020#122834.jpg,153,26,car plate,922,573,1075,599
2#06VM957#03062020#125821.jpg,180,35,car plate,620,531,800,566
2#06VRR44#06062020#001050.jpg,165,27,car plate,815,454,980,481
2#06VSZ57#06062020#143228.jpg,189,29,car plate,798,532,987,561
2#06Y3835#06062020#001712.jpg,176,27,car plate,896,493,1072,520
2#06YA8068#08062020#192058.jpg,158,28,car plate,443,667,601,695
2#06YA9197#07062020#114305.jpg,157,26,car plate,749,620,906,646
2#06YA9408#08062020#193023.jpg,159,26,car plate,162,642,321,668
2#06YB7593#06062020#030825.jpg,194,32,car plate,683,507,877,539
2#06YDE65#05062020#201504.jpg,92,24,car plate,422,627,514,651
2#06YG116#05062020#134555.jpg,168,25,car plate,291,547,459,572
2#06YJ559#06062020#033409.jpg,196,35,car plate,519,553,715,588
2#06YM442#05062020#105918.jpg,194,29,car plate,808,570,1002,599
2#06YN233#03062020#123643.jpg,199,35,car plate,842,561,1041,596
2#06YND53#06062020#001259.jpg,193,29,car plate,827,581,1020,610
2#06YOE65#06062020#012616.jpg,168,28,car plate,337,559,505,587
2#06YOM83#06062020#135028.jpg,222,36,car plate,806,579,1028,615
2#06YPM87#03062020#170006.jpg,134,29,car plate,491,575,625,604
2#06YSM57#06062020#002721.jpg,196,29,car plate,659,558,855,587
2#06YUR24#05062020#110903.jpg,205,35,car plate,767,623,972,658
2#06YVL06#05062020#105728.jpg,189,32,car plate,782,526,971,558
2#06YY579#05062020#105034.jpg,210,34,car plate,781,611,991,645
2#06YYM30#05062020#234754.jpg,207,34,car plate,751,597,958,631
2#06YYY38#06062020#001614.jpg,196,32,car plate,790,561,986,593
2#06Z4167#05062020#110524.jpg,164,27,car plate,611,437,775,464
2#06Z5224#05062020#233138.jpg,208,28,car plate,724,605,932,633
2#06ZAE05#06062020#002129.jpg,201,33,car plate,754,600,955,633
2#06ZCU59#06062020#122317.jpg,151,26,car plate,478,615,629,641
2#06ZGR62#03062020#165423.jpg,130,28,car plate,618,512,748,540
2#06ZHD64#06062020#001533.jpg,183,28,car plate,580,514,763,542
2#06ZIU41#06062020#030436.jpg,195,33,car plate,680,561,875,594
2#06ZOE12#06062020#001412.jpg,202,34,car plate,738,598,940,632
2#06ZRY20#05062020#101541.jpg,173,25,car plate,800,531,973,556
2#06ZZ075#05062020#104347.jpg,208,34,car plate,807,553,1015,587
2#07ABE651#07062020#154755.jpg,148,27,car plate,843,566,991,593
2#07ABE651#07062020#204201.jpg,152,27,car plate,778,599,930,626
2#07ABU488#07062020#215718.jpg,147,25,car plate,717,535,864,560
2#07ACD100#08062020#195829.jpg,132,24,car plate,530,426,662,450
2#07ACJ60#07062020#170102.jpg,119,26,car plate,520,539,639,565
2#07ADF999#07062020#201335.jpg,153,25,car plate,527,610,680,635
2#07AED377#08062020#114445.jpg,157,27,car plate,172,638,329,665
2#07AEJ28#07062020#131216.jpg,156,27,car plate,641,615,797,642
2#07AFC278#08062020#130242.jpg,152,26,car plate,415,581,567,607
2#07AFP602#07062020#152354.jpg,159,28,car plate,494,623,653,651
2#07AGH521#07062020#214539.jpg,150,27,car plate,422,569,572,596
2#07AIA363#07062020#150956.jpg,156,27,car plate,737,590,893,617
2#07AJB135#08062020#135654.jpg,144,27,car plate,1015,523,1159,550
2#07AKB375#07062020#180523.jpg,144,28,car plate,532,594,676,622
2#07AKB375#07062020#194945.jpg,153,26,car plate,930,528,1083,554
2#07ANF04#06062020#030606.jpg,194,33,car plate,677,567,871,600
2#07AVK43#07062020#122002.jpg,152,27,car plate,530,575,682,602
2#07BLF12#03062020#141726.jpg,165,29,car plate,356,491,521,520
2#07CBA37#07062020#133542.jpg,158,27,car plate,868,618,1026,645
2#07CIA46#06062020#143046.jpg,206,32,car plate,667,592,873,624
2#07ESG57#07062020#201825.jpg,152,26,car plate,506,612,658,638
2#07F0623#07062020#193105.jpg,152,27,car plate,764,581,916,608
2#07F8488#07062020#154327.jpg,151,26,car plate,697,559,848,585
2#07FHE01#03062020#124820.jpg,196,34,car plate,349,598,545,632
2#07FK222#08062020#123732.jpg,151,28,car plate,750,570,901,598
2#07FRU54#07062020#201126.jpg,136,26,car plate,765,571,901,597
2#07FSH45#07062020#150712.jpg,152,25,car plate,653,597,805,622
2#07FYK10#03062020#003522.jpg,185,28,car plate,411,596,596,624
2#07FZR50#08062020#171251.jpg,147,25,car plate,401,545,548,570
2#07FZR50#08062020#190707.jpg,150,26,car plate,394,585,544,611
2#07GE045#03062020#214021.jpg,192,28,car plate,369,631,561,659
2#07GNJ53#06062020#143139.jpg,205,33,car plate,790,582,995,615
2#07GSY42#03062020#142044.jpg,180,35,car plate,908,595,1088,630
2#07GTG75#08062020#134323.jpg,148,26,car plate,713,541,861,567
2#07HVR31#08062020#134300.jpg,151,26,car plate,310,621,461,647
2#07HZL49#08062020#194147.jpg,152,26,car plate,592,567,744,593
2#07K7001#07062020#150613.jpg,144,26,car plate,886,523,1030,549
2#07KDR82#06062020#033044.jpg,201,34,car plate,813,603,1014,637
2#07LGE23#08062020#191532.jpg,160,26,car plate,593,621,753,647
2#07LS545#07062020#161857.jpg,146,26,car plate,768,524,914,550
2#07MEE19#03062020#184906.jpg,202,33,car plate,384,611,586,644
2#07MHE31#07062020#160347.jpg,147,27,car plate,711,567,858,594
2#07MIL65#07062020#140304.jpg,143,27,car plate,697,507,840,534
2#07MJP05#06062020#000910.jpg,183,32,car plate,758,521,941,553
2#07MKS18#07062020#214157.jpg,148,27,car plate,816,559,964,586
2#07MPA28#08062020#133657.jpg,151,27,car plate,639,608,790,635
2#07MRG10#08062020#171233.jpg,158,27,car plate,567,621,725,648
2#07MZB32#03062020#140906.jpg,183,28,car plate,449,647,632,675
2#07NRS06#03062020#212818.jpg,183,32,car plate,406,560,589,592
2#07NUT41#06062020#142209.jpg,205,33,car plate,766,594,971,627
2#07S1680#07062020#162305.jpg,152,27,car plate,580,620,732,647
2#07ST400#07062020#124517.jpg,149,25,car plate,565,576,714,601
2#07T0557#07062020#231000.jpg,149,26,car plate,78,613,227,639
2#07UM021#07062020#114413.jpg,145,27,car plate,616,562,761,589
2#07VBL77#03062020#213436.jpg,191,32,car plate,408,610,599,642
2#07VR317#08062020#211835.jpg,134,24,car plate,330,632,464,656
2#08EE020#08062020#193708.jpg,149,25,car plate,538,566,687,591
2#08HB057#03062020#213843.jpg,197,32,car plate,430,646,627,678
2#08LD227#07062020#193032.jpg,143,24,car plate,542,510,685,534
2#08LGH90#05062020#103452.jpg,61,24,car plate,858,605,919,629
2#08SF627#06062020#142812.jpg,195,33,car plate,796,583,991,616
2#08TG354#08062020#192516.jpg,152,26,car plate,464,656,616,682
2#09ADA315#07062020#140148.jpg,158,27,car plate,500,627,658,654
2#09BAH89#03062020#213650.jpg,199,32,car plate,329,636,528,668
2#09BCG95#06062020#135235.jpg,180,27,car plate,811,515,991,542
2#09D9747#03062020#211922.jpg,184,29,car plate,362,605,546,634
2#09HC453#03062020#124426.jpg,194,34,car plate,573,527,767,561
2#09K2932#08062020#202513.jpg,117,25,car plate,570,623,687,648
2#09KT711#07062020#202309.jpg,148,25,car plate,528,553,676,578
2#09NZ891#03062020#184101.jpg,195,34,car plate,523,622,718,656
2#09S2993#03062020#153347.jpg,178,26,car plate,624,627,802,653
2#09ST499#06062020#032357.jpg,190,32,car plate,715,508,905,540
2#10ABT780#06062020#031016.jpg,193,29,car plate,735,527,928,556
2#10ACD612#05062020#101835.jpg,184,32,car plate,843,597,1027,629
2#10ACV628#07062020#141235.jpg,153,26,car plate,496,612,649,638
2#10ALB42#03062020#011513.jpg,157,25,car plate,628,557,785,582
2#10BR877#03062020#014218.jpg,147,27,car plate,552,585,699,612
2#10D8529#03062020#165101.jpg,134,37,car plate,506,634,640,671
2#10DS933#08062020#171606.jpg,153,26,car plate,569,607,722,633
2#10DS933#08062020#190915.jpg,158,27,car plate,559,639,717,666
2#10F5857#03062020#100245.jpg,157,29,car plate,508,609,665,638
2#10H7567#03062020#165749.jpg,137,32,car plate,608,566,745,598
2#10HG005#08062020#131035.jpg,145,25,car plate,521,590,666,615
2#10LA165#05062020#104708.jpg,205,37,car plate,731,615,936,652
2#10LJ485#08062020#191522.jpg,146,26,car plate,738,624,884,650
2#10TK157#06062020#002634.jpg,179,32,car plate,684,569,863,601
2#10ZS953#07062020#125441.jpg,151,26,car plate,480,612,631,638
2#11AAK531#08062020#192522.jpg,143,26,car plate,694,532,837,558
2#11AV436#07062020#170100.jpg,135,27,car plate,688,615,823,642
2#11AV436#07062020#204426.jpg,151,26,car plate,788,582,939,608
2#11BA100#07062020#125603.jpg,147,24,car plate,732,539,879,563
2#11BA668#07062020#203701.jpg,149,27,car plate,554,580,703,607
2#11BB775#08062020#152256.jpg,136,26,car plate,586,654,722,680
2#11DD679#08062020#122351.jpg,147,25,car plate,601,569,748,594
2#11DG225#07062020#162516.jpg,145,26,car plate,398,586,543,612
2#11DJ471#07062020#120057.jpg,150,25,car plate,849,616,999,641
2#11DJ943#08062020#133602.jpg,152,26,car plate,581,601,733,627
2#11DL858#08062020#191402.jpg,152,28,car plate,551,546,703,574
2#11DR077#07062020#210947.jpg,146,29,car plate,1089,540,1235,569
2#11DS509#08062020#122534.jpg,146,24,car plate,599,557,745,581
2#11DZ108#07062020#214855.jpg,148,27,car plate,595,554,743,581
2#11DZ675#08062020#193354.jpg,144,24,car plate,662,558,806,582
2#11EA154#07062020#125455.jpg,153,27,car plate,723,603,876,630
2#11EC680#07062020#201047.jpg,149,26,car plate,558,573,707,599
2#11EG661#07062020#203324.jpg,145,24,car plate,673,593,818,617
2#11SD585#07062020#150136.jpg,153,25,car plate,710,623,863,648
2#11SE233#07062020#161052.jpg,152,24,car plate,454,608,606,632
2#11SF376#08062020#125531.jpg,150,25,car plate,739,579,889,604
2#11TE153#07062020#194930.jpg,151,28,car plate,577,600,728,628
2#11TE351#08062020#192648.jpg,153,27,car plate,609,633,762,660
2#11TF151#08062020#130801.jpg,135,25,car plate,802,482,937,507
2#11TH961#07062020#175554.jpg,136,28,car plate,635,619,771,647
2#11UB512#07062020#132628.jpg,156,25,car plate,620,557,776,582
2#11UC419#08062020#135704.jpg,147,27,car plate,620,555,767,582
2#1335DY11#07062020#201235.jpg,135,24,car plate,456,432,591,456
2#13AAC155#08062020#134438.jpg,145,25,car plate,482,589,627,614
2#13AS355#03062020#212146.jpg,182,29,car plate,520,600,702,629
2#14BE049#07062020#144041.jpg,152,27,car plate,672,603,824,630
2#14EL676#08062020#195935.jpg,149,25,car plate,625,586,774,611
2#15AAD399#07062020#204055.jpg,143,27,car plate,613,513,756,540
2#15AG835#07062020#220501.jpg,144,25,car plate,584,553,728,578
2#15DH680#07062020#213822.jpg,144,27,car plate,891,535,1035,562
2#15LA419#08062020#120653.jpg,151,27,car plate,730,646,881,673
2#15ZZP71#07062020#145045.jpg,392,42,car plate,201,492,593,534
2#16AAB652#06062020#002028.jpg,159,26,car plate,608,453,767,479
2#16AAN621#07062020#195009.jpg,147,26,car plate,650,519,797,545
2#16ABK571#08062020#120604.jpg,148,26,car plate,610,554,758,580
2#16AC2229#08062020#131836.jpg,153,27,car plate,633,589,786,616
2#16ADA26#07062020#134610.jpg,148,25,car plate,605,561,753,586
2#16AEZ358#07062020#221528.jpg,151,26,car plate,521,605,672,631
2#16AFM969#07062020#122620.jpg,149,27,car plate,429,584,578,611
2#16AIP296#07062020#192215.jpg,159,27,car plate,628,629,787,656
2#16BAD64#08062020#193546.jpg,149,25,car plate,641,541,790,566
2#16BDY33#03062020#141003.jpg,165,32,car plate,888,594,1053,626
2#16BDY33#03062020#212812.jpg,160,24,car plate,556,526,716,550
2#16BGU26#07062020#120520.jpg,152,29,car plate,772,567,924,596
2#16BKM95#07062020#121425.jpg,151,25,car plate,552,579,703,604
2#16BSD36#08062020#125555.jpg,151,27,car plate,748,606,899,633
2#16CDV07#07062020#211136.jpg,140,25,car plate,653,603,793,628
2#16CES03#07062020#212651.jpg,135,25,car plate,931,441,1066,466
2#16CPB06#08062020#133252.jpg,153,25,car plate,764,613,917,638
2#16DB126#07062020#150824.jpg,159,27,car plate,659,613,818,640
2#16DD382#03062020#142405.jpg,165,24,car plate,537,555,702,579
2#16DV775#08062020#130553.jpg,148,25,car plate,576,630,724,655
2#16EE633#03062020#141208.jpg,177,28,car plate,530,557,707,585
2#16EHL80#07062020#193421.jpg,147,25,car plate,520,537,667,562
2#16FDF69#07062020#145959.jpg,153,27,car plate,910,618,1063,645
2#16GR123#07062020#125332.jpg,143,25,car plate,655,579,798,604
2#16GZ492#06062020#025910.jpg,195,32,car plate,774,557,969,589
2#16HBJ19#03062020#112155.jpg,151,25,car plate,578,547,729,572
2#16HCM58#07062020#123913.jpg,152,26,car plate,500,604,652,630
2#16J9226#03062020#094511.jpg,152,26,car plate,439,606,591,632
2#16JCK76#07062020#180027.jpg,135,28,car plate,585,579,720,607
2#16JGA26#07062020#195131.jpg,141,28,car plate,854,486,995,514
2#16JMG69#07062020#024130.jpg,148,25,car plate,126,568,274,593
2#16JYK77#03062020#002115.jpg,189,32,car plate,443,596,632,628
2#16JZ402#07062020#123245.jpg,148,23,car plate,496,580,644,603
2#16JZH33#08062020#133123.jpg,156,27,car plate,664,607,820,634
2#16KBF60#07062020#141730.jpg,152,25,car plate,568,595,720,620
2#16KBU62#08062020#115803.jpg,151,25,car plate,337,584,488,609
2#16KFP93#07062020#215948.jpg,150,26,car plate,802,603,952,629
2#16KKN68#03062020#211442.jpg,191,28,car plate,433,638,624,666
2#16KPJ32#07062020#122301.jpg,146,27,car plate,844,574,990,601
2#16KRE54#08062020#115222.jpg,157,25,car plate,724,612,881,637
2#16L3054#07062020#134752.jpg,156,25,car plate,505,579,661,604
2#16LBS57#07062020#123436.jpg,152,25,car plate,506,593,658,618
2#16LDM19#08062020#121153.jpg,152,25,car plate,629,569,781,594
2#16LNL55#06062020#031322.jpg,182,32,car plate,772,554,954,586
2#16LVH06#08062020#124725.jpg,149,26,car plate,562,571,711,597
2#16NK908#07062020#140811.jpg,146,25,car plate,529,601,675,626
2#16NLM73#08062020#134050.jpg,135,25,car plate,592,532,727,557
2#16NUM83#07062020#143204.jpg,156,26,car plate,569,600,725,626
2#16NUN65#06062020#031144.jpg,197,34,car plate,756,597,953,631
2#16NVJ31#07062020#145026.jpg,151,26,car plate,592,590,743,616
2#16P4771#03062020#001908.jpg,174,29,car plate,425,550,599,579
2#16P6764#08062020#120124.jpg,145,26,car plate,717,533,862,559
2#16PF193#08062020#134019.jpg,150,27,car plate,775,583,925,610
2#16PH007#08062020#193110.jpg,151,28,car plate,690,598,841,626
2#16PM721#07062020#122922.jpg,152,28,car plate,943,607,1095,635
2#16RF824#08062020#131833.jpg,153,26,car plate,634,618,787,644
2#16RF824#08062020#133804.jpg,148,25,car plate,458,547,606,572
2#16SGC87#06062020#024657.jpg,173,28,car plate,734,502,907,530
2#16SLS82#08062020#134239.jpg,133,28,car plate,675,599,808,627
2#16SSN08#08062020#212701.jpg,140,24,car plate,545,647,685,671
2#16TA313#08062020#132449.jpg,152,27,car plate,688,597,840,624
2#16TS325#08062020#130143.jpg,141,25,car plate,627,507,768,532
2#16TV801#07062020#200903.jpg,148,24,car plate,538,608,686,632
2#16UBP07#06062020#001036.jpg,208,34,car plate,763,590,971,624
2#16UR996#07062020#140155.jpg,150,26,car plate,591,608,741,634
2#16YC430#03062020#002838.jpg,186,32,car plate,377,590,563,622
2#16YM549#07062020#130947.jpg,149,28,car plate,741,574,890,602
2#16ZK668#03062020#213141.jpg,177,26,car plate,470,567,647,593
2#16ZL530#07062020#154614.jpg,152,24,car plate,376,606,528,630
2#17ABL453#07062020#221521.jpg,146,26,car plate,604,559,750,585
2#17ABM269#08062020#194707.jpg,150,26,car plate,625,618,775,644
2#17GH076#03062020#211746.jpg,173,26,car plate,465,561,638,587
2#17LB235#07062020#161117.jpg,128,28,car plate,1063,593,1191,621
2#17NG129#08062020#131740.jpg,147,27,car plate,968,599,1115,626
2#17NK932#03062020#171136.jpg,196,35,car plate,871,619,1067,654
2#17RE048#03062020#214242.jpg,186,29,car plate,434,635,620,664
2#17RF211#06062020#140158.jpg,189,32,car plate,849,593,1038,625
2#17UT531#03062020#211508.jpg,195,29,car plate,498,642,693,671
2#18DP500#03062020#214128.jpg,193,28,car plate,419,639,612,667
2#18DY285#07062020#213449.jpg,134,27,car plate,664,556,798,583
2#18EA994#06062020#030851.jpg,164,32,car plate,855,489,1019,521
2#18SJC63#07062020#135608.jpg,148,26,car plate,432,511,580,537
2#19ABC678#08062020#125821.jpg,148,26,car plate,423,551,571,577
2#19BM801#08062020#114219.jpg,150,27,car plate,871,631,1021,658
2#19FN574#08062020#133100.jpg,149,25,car plate,584,577,733,602
2#19KF622#03062020#214031.jpg,186,28,car plate,582,591,768,619
2#19KU063#03062020#141608.jpg,186,33,car plate,585,634,771,667
2#19TK720#03062020#094354.jpg,163,29,car plate,478,620,641,649
2#19UC384#03062020#172024.jpg,191,34,car plate,786,595,977,629
2#1JJ3010#03062020#211517.jpg,189,29,car plate,396,576,585,605
2#206YB22#05062020#104414.jpg,157,27,car plate,636,440,793,467
2#20AAF603#07062020#155553.jpg,150,26,car plate,427,566,577,592
2#20ACF567#07062020#161848.jpg,149,26,car plate,707,584,856,610
2#20AK448#08062020#134635.jpg,146,26,car plate,669,514,815,540
2#20APV72#08062020#120955.jpg,145,25,car plate,617,572,762,597
2#20B1977#08062020#131310.jpg,148,26,car plate,478,579,626,605
2#20BD351#08062020#125258.jpg,149,27,car plate,982,572,1131,599
2#20BKL10#03062020#171009.jpg,214,36,car plate,666,646,880,682
2#20EM255#07062020#210648.jpg,157,27,car plate,650,630,807,657
2#20NZ037#07062020#145046.jpg,149,27,car plate,1019,555,1168,582
2#20SV908#07062020#123020.jpg,147,24,car plate,971,543,1118,567
2#20SV908#07062020#175219.jpg,136,28,car plate,624,590,760,618
2#20V5189#03062020#212008.jpg,194,27,car plate,394,642,588,669
2#226XC13#07062020#134604.jpg,150,26,car plate,510,545,660,571
2#22BJ135#06062020#025343.jpg,209,34,car plate,822,565,1031,599
2#22BJ730#03062020#180014.jpg,185,26,car plate,604,585,789,611
2#22DK246#03062020#125405.jpg,199,34,car plate,391,597,590,631
2#22RB082#03062020#213128.jpg,184,28,car plate,365,574,549,602
2#22RN322#03062020#211842.jpg,173,27,car plate,409,567,582,594
2#23AAU386#08062020#195854.jpg,146,26,car plate,505,531,651,557
2#23AC765#05062020#235839.jpg,206,33,car plate,621,558,827,591
2#23AC765#06062020#000037.jpg,215,34,car plate,615,598,830,632
2#23DV526#08062020#123412.jpg,148,25,car plate,565,517,713,542
2#23HL444#06062020#030236.jpg,193,32,car plate,673,533,866,565
2#24DN185#08062020#193528.jpg,145,25,car plate,672,567,817,592
2#24EN694#07062020#215426.jpg,148,25,car plate,644,541,792,566
2#25DG656#05062020#233522.jpg,194,35,car plate,823,569,1017,604
2#25LE407#07062020#203921.jpg,153,32,car plate,953,607,1106,639
2#26AA153#07062020#131727.jpg,157,25,car plate,777,588,934,613
2#26AAB425#07062020#124330.jpg,148,25,car plate,627,618,775,643
2#26AAB643#07062020#131024.jpg,147,24,car plate,607,510,754,534
2#26AAB795#07062020#202437.jpg,151,26,car plate,456,557,607,583
2#26AAB959#07062020#175103.jpg,135,27,car plate,580,614,715,641
2#26AAC064#07062020#215318.jpg,152,27,car plate,773,623,925,650
2#26AAC334#07062020#162635.jpg,148,27,car plate,936,543,1084,570
2#26AAC461#08062020#192445.jpg,150,26,car plate,538,542,688,568
2#26AAC510#08062020#200100.jpg,143,26,car plate,798,484,941,510
2#26AAD038#08062020#191756.jpg,158,26,car plate,387,646,545,672
2#26AAD970#08062020#171642.jpg,151,26,car plate,790,602,941,628
2#26AAD970#08062020#190951.jpg,143,24,car plate,785,514,928,538
2#26AAE384#07062020#212155.jpg,149,26,car plate,806,550,955,576
2#26AAE507#08062020#135418.jpg,152,27,car plate,955,587,1107,614
2#26AAE759#07062020#151500.jpg,157,28,car plate,771,611,928,639
2#26AAG118#07062020#153712.jpg,157,27,car plate,347,573,504,600
2#26AAG332#03062020#011816.jpg,144,23,car plate,392,480,536,503
2#26AAG343#08062020#194658.jpg,161,28,car plate,281,636,442,664
2#26AAG402#08062020#115901.jpg,153,28,car plate,685,568,838,596
2#26AAG658#07062020#150338.jpg,152,27,car plate,412,555,564,582
2#26AAG957#07062020#115326.jpg,151,27,car plate,585,579,736,606
2#26AAH213#07062020#153101.jpg,148,25,car plate,486,571,634,596
2#26AAH259#07062020#201151.jpg,148,26,car plate,266,569,414,595
2#26AAH300#08062020#130306.jpg,152,26,car plate,696,591,848,617
2#26AAH338#07062020#165711.jpg,78,24,car plate,574,541,652,565
2#26AAJ073#07062020#135612.jpg,158,27,car plate,563,624,721,651
2#26AAJ241#08062020#115859.jpg,149,26,car plate,627,557,776,583
2#26AAJ441#08062020#191517.jpg,157,25,car plate,562,648,719,673
2#26AAJ560#07062020#210114.jpg,142,25,car plate,789,518,931,543
2#26AAJ809#07062020#205849.jpg,144,25,car plate,559,485,703,510
2#26AAJ844#07062020#142845.jpg,149,24,car plate,696,608,845,632
2#26AAK219#07062020#124807.jpg,153,26,car plate,789,584,942,610
2#26AAL411#08062020#192037.jpg,150,26,car plate,579,571,729,597
2#26AAL598#08062020#121708.jpg,160,26,car plate,552,636,712,662
2#26AAL688#08062020#193956.jpg,157,26,car plate,649,637,806,663
2#26AAL800#08062020#133355.jpg,147,27,car plate,943,534,1090,561
2#26AAL820#07062020#194950.jpg,153,26,car plate,467,600,620,626
2#26AAN139#07062020#161740.jpg,165,27,car plate,469,618,634,645
2#26AAN197#07062020#161637.jpg,136,26,car plate,1108,444,1244,470
2#26AAN487#07062020#161741.jpg,147,27,car plate,534,574,681,601
2#26AAN853#07062020#192654.jpg,152,26,car plate,587,579,739,605
2#26AAP118#07062020#193943.jpg,156,26,car plate,513,615,669,641
2#26AAP247#07062020#143808.jpg,148,26,car plate,593,527,741,553
2#26AAP582#07062020#153735.jpg,156,26,car plate,853,629,1009,655
2#26AAP599#07062020#113440.jpg,158,27,car plate,610,614,768,641
2#26AAR297#07062020#114940.jpg,145,26,car plate,685,521,830,547
2#26AAR297#07062020#220712.jpg,144,28,car plate,1081,532,1225,560
2#26AAR297#08062020#194636.jpg,152,26,car plate,537,614,689,640
2#26AAR875#07062020#213431.jpg,151,27,car plate,493,595,644,622
2#26AAR884#07062020#194354.jpg,149,26,car plate,451,544,600,570
2#26AAR993#07062020#150522.jpg,156,26,car plate,624,602,780,628
2#26AAS02#08062020#125430.jpg,147,25,car plate,479,535,626,560
2#26AAS242#07062020#150036.jpg,152,27,car plate,806,586,958,613
2#26AAS271#07062020#231045.jpg,157,28,car plate,982,574,1139,602
2#26AAS314#07062020#132600.jpg,147,25,car plate,348,502,495,527
2#26AAS314#08062020#150501.jpg,133,24,car plate,243,578,376,602
2#26AAS326#07062020#161733.jpg,146,25,car plate,447,499,593,524
2#26AAS392#07062020#153854.jpg,151,26,car plate,572,547,723,573
2#26AAS427#08062020#133755.jpg,150,25,car plate,486,554,636,579
2#26AAS609#08062020#193157.jpg,160,26,car plate,608,665,768,691
2#26AAT349#07062020#131946.jpg,153,28,car plate,525,532,678,560
2#26AAT470#07062020#133335.jpg,153,26,car plate,519,601,672,627
2#26AAT470#08062020#192007.jpg,149,26,car plate,808,563,957,589
2#26AAT649#08062020#133040.jpg,157,26,car plate,588,602,745,628
2#26AAT73#08062020#171255.jpg,149,27,car plate,667,547,816,574
2#26AAT732#08062020#190712.jpg,160,27,car plate,661,632,821,659
2#26AAU156#08062020#135422.jpg,152,25,car plate,710,641,862,666
2#26AAU303#07062020#132100.jpg,149,25,car plate,557,527,706,552
2#26AAU530#07062020#134846.jpg,151,25,car plate,356,551,507,576
2#26AAU666#07062020#055533.jpg,152,25,car plate,332,588,484,613
2#26AAV049#07062020#203857.jpg,149,26,car plate,613,563,762,589
2#26AAV368#07062020#142606.jpg,152,27,car plate,421,584,573,611
2#26AAV570#08062020#194722.jpg,150,26,car plate,549,556,699,582
2#26AAV602#08062020#131719.jpg,150,26,car plate,544,566,694,592
2#26AAY034#07062020#130835.jpg,151,26,car plate,707,569,858,595
2#26AAY17#07062020#192718.jpg,156,26,car plate,515,609,671,635
2#26AAY487#07062020#122014.jpg,157,27,car plate,509,579,666,606
2#26AAY533#07062020#122352.jpg,152,27,car plate,384,574,536,601
2#26AAY549#08062020#120421.jpg,151,27,car plate,711,596,862,623
2#26AAY877#07062020#152339.jpg,153,24,car plate,364,583,517,607
2#26AAY933#07062020#125346.jpg,151,26,car plate,777,606,928,632
2#26AAY968#07062020#155248.jpg,150,26,car plate,647,592,797,618
2#26AAZ093#07062020#133853.jpg,150,26,car plate,693,560,843,586
2#26AAZ324#08062020#194509.jpg,161,28,car plate,505,660,666,688
2#26AAZ536#08062020#192800.jpg,160,27,car plate,819,607,979,634
2#26AAZ654#08062020#195111.jpg,148,26,car plate,603,535,751,561
2#26AB016#07062020#121146.jpg,149,25,car plate,585,542,734,567
2#26AB201#07062020#140144.jpg,162,29,car plate,495,592,657,621
2#26AB201#07062020#205016.jpg,162,27,car plate,502,596,664,623
2#26AB492#07062020#122130.jpg,156,27,car plate,551,605,707,632
2#26AB742#08062020#124347.jpg,83,23,car plate,713,565,796,588
2#26ABA326#07062020#124311.jpg,153,26,car plate,419,622,572,648
2#26ABA438#07062020#131413.jpg,157,26,car plate,470,597,627,623
2#26ABA888#07062020#204941.jpg,152,26,car plate,564,569,716,595
2#26ABA908#07062020#210322.jpg,160,27,car plate,566,633,726,660
2#26ABB138#07062020#215716.jpg,157,27,car plate,414,612,571,639
2#26ABB166#07062020#213155.jpg,160,27,car plate,515,624,675,651
2#26ABB328#08062020#125032.jpg,149,26,car plate,516,539,665,565
2#26ABB772#08062020#121520.jpg,146,26,car plate,889,534,1035,560
2#26ABB845#07062020#140014.jpg,157,26,car plate,603,601,760,627
2#26ABC642#08062020#114403.jpg,149,29,car plate,1041,564,1190,593
2#26ABC734#08062020#133350.jpg,158,26,car plate,570,610,728,636
2#26ABD128#08062020#134944.jpg,157,27,car plate,625,586,782,613
2#26ABD158#07062020#194841.jpg,158,28,car plate,473,621,631,649
2#26ABD322#07062020#142010.jpg,156,27,car plate,541,594,697,621
2#26ABD383#08062020#115951.jpg,158,25,car plate,516,627,674,652
2#26ABD85#07062020#230901.jpg,163,29,car plate,999,605,1162,634
2#26ABD858#07062020#202615.jpg,153,29,car plate,1021,548,1174,577
2#26ABE006#07062020#180911.jpg,136,26,car plate,746,594,882,620
2#26ABE397#07062020#200057.jpg,158,27,car plate,518,623,676,650
2#26ABE54#07062020#211333.jpg,151,26,car plate,484,557,635,583
2#26ABE855#07062020#131731.jpg,153,26,car plate,493,562,646,588
2#26ABF128#07062020#220838.jpg,147,27,car plate,749,530,896,557
2#26ABF192#07062020#151810.jpg,152,26,car plate,695,626,847,652
2#26ABF214#08062020#133229.jpg,151,27,car plate,683,564,834,591
2#26ABF403#07062020#123535.jpg,146,25,car plate,716,516,862,541
2#26ABF804#07062020#120506.jpg,160,27,car plate,508,617,668,644
2#26ABF804#07062020#162334.jpg,158,26,car plate,416,607,574,633
2#26ABF804#07062020#204533.jpg,153,26,car plate,437,576,590,602
2#26ABF804#08062020#115828.jpg,153,26,car plate,680,568,833,594
2#26ABF891#08062020#120906.jpg,156,26,car plate,630,630,786,656
2#26ABF997#07062020#113804.jpg,158,27,car plate,517,607,675,634
2#26ABF997#07062020#161035.jpg,156,27,car plate,529,583,685,610
2#26ABF997#07062020#203330.jpg,150,26,car plate,461,543,611,569
2#26ABF997#08062020#124425.jpg,157,27,car plate,572,583,729,610
2#26ABG658#03062020#011840.jpg,152,25,car plate,588,598,740,623
2#26ABG683#07062020#210159.jpg,150,26,car plate,655,581,805,607
2#26ABG788#07062020#133858.jpg,151,28,car plate,491,567,642,595
2#26ABG828#08062020#195204.jpg,159,27,car plate,544,639,703,666
2#26ABG996#07062020#132005.jpg,150,25,car plate,780,563,930,588
2#26ABH559#07062020#204758.jpg,152,27,car plate,734,572,886,599
2#26ABH586#07062020#141743.jpg,156,27,car plate,682,618,838,645
2#26ABH610#08062020#123605.jpg,148,26,car plate,621,541,769,567
2#26ABJ078#08062020#120303.jpg,158,27,car plate,607,636,765,663
2#26ABJ574#07062020#204430.jpg,148,28,car plate,857,546,1005,574
2#26ABK149#08062020#130505.jpg,152,25,car plate,619,601,771,626
2#26ABK236#08062020#123257.jpg,150,25,car plate,437,515,587,540
2#26ABL240#07062020#114750.jpg,151,26,car plate,532,601,683,627
2#26ABL308#07062020#145011.jpg,153,24,car plate,596,593,749,617
2#26ABL571#08062020#123516.jpg,144,26,car plate,766,563,910,589
2#26ABM083#07062020#215312.jpg,152,26,car plate,676,598,828,624
2#26ABM360#07062020#215546.jpg,153,26,car plate,480,603,633,629
2#26ABM390#08062020#195116.jpg,157,27,car plate,754,625,911,652
2#26ABN056#08062020#132737.jpg,151,25,car plate,593,569,744,594
2#26ABN311#07062020#202153.jpg,153,28,car plate,451,591,604,619
2#26ABN545#08062020#200426.jpg,160,26,car plate,618,634,778,660
2#26ABP197#07062020#214051.jpg,156,26,car plate,627,601,783,627
2#26ABP37#08062020#112627.jpg,128,24,car plate,177,595,305,619
2#26ABP848#07062020#203716.jpg,151,25,car plate,470,578,621,603
2#26ABP876#07062020#144726.jpg,148,27,car plate,668,534,816,561
2#26ABP878#08062020#195002.jpg,160,25,car plate,532,647,692,672
2#26ABR185#07062020#150317.jpg,146,24,car plate,608,502,754,526
2#26ABR390#08062020#133420.jpg,151,26,car plate,679,595,830,621
2#26ABR522#07062020#141633.jpg,151,26,car plate,521,612,672,638
2#26ABR674#08062020#130716.jpg,153,27,car plate,555,621,708,648
2#26ABR870#07062020#121419.jpg,157,27,car plate,568,551,725,578
2#26ABR91#07062020#221116.jpg,147,24,car plate,650,524,797,548
2#26ABS129#07062020#140330.jpg,156,27,car plate,583,623,739,650
2#26ABS209#07062020#212102.jpg,148,25,car plate,687,544,835,569
2#26ABS373#07062020#132528.jpg,146,25,car plate,689,523,835,548
2#26ABS694#07062020#152325.jpg,152,27,car plate,808,577,960,604
2#26ABS732#07062020#123936.jpg,147,26,car plate,570,559,717,585
2#26ABT214#07062020#153519.jpg,152,26,car plate,400,587,552,613
2#26ABT297#07062020#195000.jpg,148,26,car plate,663,592,811,618
2#26ABT590#07062020#211356.jpg,149,26,car plate,674,554,823,580
2#26ABT830#07062020#202004.jpg,146,25,car plate,493,524,639,549
2#26ABU362#08062020#200458.jpg,158,27,car plate,542,636,700,663
2#26ABU576#07062020#125811.jpg,151,27,car plate,679,574,830,601
2#26ABV037#08062020#132755.jpg,152,25,car plate,732,563,884,588
2#26ABV174#07062020#210600.jpg,156,24,car plate,557,606,713,630
2#26ABV277#07062020#201223.jpg,152,25,car plate,552,574,704,599
2#26ABV550#03062020#010056.jpg,113,23,car plate,635,524,748,547
2#26ABV550#07062020#141733.jpg,152,26,car plate,612,594,764,620
2#26ABV550#07062020#211907.jpg,157,26,car plate,488,613,645,639
2#26ABV550#07062020#220457.jpg,151,27,car plate,462,572,613,599
2#26ABV56#07062020#165632.jpg,130,26,car plate,570,452,700,478
2#26ABV56#07062020#221716.jpg,152,24,car plate,438,529,590,553
2#26ABV567#07062020#153828.jpg,150,27,car plate,384,508,534,535
2#26ABV569#07062020#135458.jpg,161,27,car plate,477,612,638,639
2#26ABV570#07062020#135747.jpg,145,25,car plate,468,460,613,485
2#26ABV916#07062020#211225.jpg,146,26,car plate,628,566,774,592
2#26ABV988#07062020#132827.jpg,149,26,car plate,546,579,695,605
2#26ABY395#07062020#115255.jpg,149,25,car plate,753,561,902,586
2#26ABY557#08062020#192805.jpg,149,25,car plate,665,612,814,637
2#26ABY589#08062020#132326.jpg,156,27,car plate,594,607,750,634
2#26ABY813#08062020#193719.jpg,158,27,car plate,737,615,895,642
2#26ABY828#07062020#160312.jpg,150,27,car plate,731,590,881,617
2#26ABY911#07062020#192745.jpg,149,29,car plate,788,568,937,597
2#26ABZ098#08062020#121423.jpg,147,25,car plate,840,545,987,570
2#26ABZ114#07062020#122720.jpg,141,28,car plate,1096,518,1237,546
2#26ABZ342#08062020#121746.jpg,156,27,car plate,540,604,696,631
2#26ABZ715#07062020#153033.jpg,150,25,car plate,542,557,692,582
2#26ABZ823#08062020#195323.jpg,150,25,car plate,566,548,716,573
2#26ABZ888#08062020#132017.jpg,147,25,car plate,664,526,811,551
2#26AC082#08062020#115700.jpg,152,25,car plate,520,563,672,588
2#26AC303#07062020#214040.jpg,153,27,car plate,602,570,755,597
2#26AC391#07062020#221749.jpg,142,25,car plate,366,503,508,528
2#26AC685#03062020#011354.jpg,157,25,car plate,490,593,647,618
2#26AC685#07062020#211535.jpg,153,25,car plate,553,556,706,581
2#26AC839#08062020#122820.jpg,153,24,car plate,383,564,536,588
2#26AC839#08062020#131706.jpg,151,25,car plate,520,567,671,592
2#26ACA092#07062020#202623.jpg,147,26,car plate,733,541,880,567
2#26ACA092#08062020#124520.jpg,149,27,car plate,649,572,798,599
2#26ACA135#08062020#192852.jpg,148,25,car plate,541,532,689,557
2#26ACA647#08062020#131500.jpg,156,27,car plate,553,601,709,628
2#26ACA914#07062020#142905.jpg,152,26,car plate,429,598,581,624
2#26ACB192#07062020#141755.jpg,151,26,car plate,472,601,623,627
2#26ACB193#07062020#203246.jpg,148,26,car plate,728,595,876,621
2#26ACB215#08062020#115655.jpg,152,25,car plate,660,561,812,586
2#26ACB233#08062020#124508.jpg,157,27,car plate,568,612,725,639
2#26ACB559#08062020#125221.jpg,149,26,car plate,469,553,618,579
2#26ACB674#08062020#135527.jpg,147,26,car plate,621,533,768,559
2#26ACB692#07062020#211908.jpg,153,26,car plate,666,584,819,610
2#26ACB692#08062020#121346.jpg,152,27,car plate,625,584,777,611
2#26ACC199#07062020#140827.jpg,150,26,car plate,618,559,768,585
2#26ACC445#07062020#213826.jpg,148,27,car plate,992,533,1140,560
2#26ACC470#07062020#144605.jpg,148,23,car plate,569,549,717,572
2#26ACC819#07062020#205134.jpg,153,29,car plate,873,611,1026,640
2#26ACD251#07062020#205612.jpg,150,25,car plate,530,578,680,603
2#26ACD256#07062020#180618.jpg,136,26,car plate,762,613,898,639
2#26ACD256#08062020#124839.jpg,159,26,car plate,507,635,666,661
2#26ACD321#07062020#113847.jpg,147,24,car plate,582,542,729,566
2#26ACD887#08062020#131626.jpg,158,26,car plate,602,632,760,658
2#26ACD92#07062020#155753.jpg,166,26,car plate,420,624,586,650
2#26ACE146#08062020#171259.jpg,147,26,car plate,746,611,893,637
2#26ACE146#08062020#190715.jpg,144,25,car plate,743,565,887,590
2#26ACE259#07062020#203951.jpg,147,25,car plate,553,520,700,545
2#26ACE414#03062020#011256.jpg,151,25,car plate,480,589,631,614
2#26ACE559#08062020#133633.jpg,151,28,car plate,876,581,1027,609
2#26ACE697#07062020#200133.jpg,153,26,car plate,614,596,767,622
2#26ACF558#08062020#193638.jpg,153,26,car plate,917,608,1070,634
2#26ACF712#08062020#132250.jpg,151,25,car plate,438,567,589,592
2#26ACG133#07062020#121339.jpg,153,26,car plate,484,596,637,622
2#26ACG286#08062020#124458.jpg,158,26,car plate,631,635,789,661
2#26ACG313#07062020#133901.jpg,153,32,car plate,1072,615,1225,647
2#26ACG529#07062020#201324.jpg,151,25,car plate,694,571,845,596
2#26ACG563#08062020#195224.jpg,145,25,car plate,787,521,932,546
2#26ACG576#08062020#111517.jpg,129,23,car plate,203,586,332,609
2#26ACG582#07062020#150101.jpg,136,34,car plate,817,518,953,552
2#26ACG699#07062020#201010.jpg,148,25,car plate,530,586,678,611
2#26ACG735#08062020#172127.jpg,156,26,car plate,662,633,818,659
2#26ACG735#08062020#191052.jpg,150,25,car plate,663,586,813,611
2#26ACG830#07062020#195900.jpg,149,27,car plate,758,552,907,579
2#26ACG974#07062020#204520.jpg,152,26,car plate,641,565,793,591
2#26ACH080#07062020#160911.jpg,152,25,car plate,531,588,683,613
2#26ACH168#08062020#135415.jpg,146,24,car plate,613,523,759,547
2#26ACH261#08062020#130734.jpg,151,26,car plate,590,617,741,643
2#26ACH375#07062020#122838.jpg,150,25,car plate,451,528,601,553
2#26ACH375#08062020#114902.jpg,152,26,car plate,586,566,738,592
2#26ACH525#07062020#145240.jpg,148,24,car plate,554,536,702,560
2#26ACH542#07062020#134110.jpg,157,28,car plate,909,625,1066,653
2#26ACH542#07062020#214923.jpg,144,26,car plate,846,506,990,532
2#26ACH542#08062020#125431.jpg,149,25,car plate,774,550,923,575
2#26ACH718#07062020#121231.jpg,156,24,car plate,414,582,570,606
2#26ACH718#07062020#155545.jpg,158,25,car plate,426,590,584,615
2#26ACH718#07062020#211156.jpg,153,27,car plate,464,619,617,646
2#26ACH718#08062020#124657.jpg,153,25,car plate,416,555,569,580
2#26ACH719#07062020#155810.jpg,152,25,car plate,414,532,566,557
2#26ACH742#07062020#192103.jpg,157,26,car plate,522,616,679,642
2#26ACH778#08062020#191147.jpg,151,27,car plate,442,621,593,648
2#26ACH837#08062020#154244.jpg,147,25,car plate,728,541,875,566
2#26ACH92#07062020#155147.jpg,159,26,car plate,456,609,615,635
2#26ACH924#07062020#162159.jpg,161,27,car plate,488,622,649,649
2#26ACH925#03062020#010005.jpg,148,26,car plate,801,585,949,611
2#26ACH928#07062020#112427.jpg,151,25,car plate,512,534,663,559
2#26ACH928#07062020#161516.jpg,160,26,car plate,433,617,593,643
2#26ACH928#07062020#202235.jpg,153,25,car plate,548,541,701,566
2#26ACH928#08062020#114704.jpg,151,26,car plate,633,540,784,566
2#26ACH93#03062020#005842.jpg,148,26,car plate,818,599,966,625
2#26ACH93#07062020#141111.jpg,160,26,car plate,549,595,709,621
2#26ACH93#07062020#161946.jpg,153,26,car plate,484,551,637,577
2#26ACH933#07062020#124646.jpg,156,27,car plate,636,559,792,586
2#26ACH934#07062020#131543.jpg,157,28,car plate,675,574,832,602
2#26ACH975#07062020#133914.jpg,146,24,car plate,533,557,679,581
2#26ACJ005#07062020#145444.jpg,149,25,car plate,580,571,729,596
2#26ACJ07#08062020#195019.jpg,112,23,car plate,549,456,661,479
2#26ACJ270#07062020#115251.jpg,156,27,car plate,673,597,829,624
2#26ACJ392#07062020#131710.jpg,147,27,car plate,881,566,1028,593
2#26ACJ542#07062020#113009.jpg,152,27,car plate,608,594,760,621
2#26ACJ565#07062020#135900.jpg,157,26,car plate,500,628,657,654
2#26ACJ60#07062020#061612.jpg,146,27,car plate,16,580,162,607
2#26ACJ893#07062020#193758.jpg,156,25,car plate,472,518,628,543
2#26ACJ915#08062020#133132.jpg,150,25,car plate,489,569,639,594
2#26ACK078#07062020#202913.jpg,144,28,car plate,908,531,1052,559
2#26ACK114#08062020#212320.jpg,136,25,car plate,392,662,528,687
2#26ACK413#08062020#203447.jpg,84,23,car plate,677,619,761,642
2#26ACK516#08062020#132025.jpg,151,26,car plate,620,561,771,587
2#26ACK516#08062020#191045.jpg,146,25,car plate,580,504,726,529
2#26ACK606#08062020#205535.jpg,126,23,car plate,571,659,697,682
2#26ACK839#07062020#170409.jpg,141,28,car plate,496,632,637,660
2#26ACK929#07062020#204906.jpg,146,24,car plate,576,513,722,537
2#26ACL080#08062020#212658.jpg,132,25,car plate,439,633,571,658
2#26ACL197#08062020#131730.jpg,151,25,car plate,560,571,711,596
2#26ACL236#08062020#130158.jpg,149,26,car plate,585,541,734,567
2#26ACL247#07062020#202716.jpg,152,25,car plate,487,574,639,599
2#26ACL623#07062020#211745.jpg,142,26,car plate,397,488,539,514
2#26ACL655#08062020#125503.jpg,152,27,car plate,755,623,907,650
2#26ACL674#07062020#115448.jpg,151,28,car plate,541,617,692,645
2#26ACL900#07062020#150319.jpg,150,27,car plate,542,603,692,630
2#26ACM380#07062020#130741.jpg,157,27,car plate,456,623,613,650
2#26ACM387#07062020#153134.jpg,156,24,car plate,587,610,743,634
2#26ACM652#08062020#195110.jpg,156,27,car plate,452,632,608,659
2#26ACN238#07062020#211302.jpg,149,24,car plate,659,544,808,568
2#26ACN320#07062020#114729.jpg,158,27,car plate,481,587,639,614
2#26ACN320#07062020#215034.jpg,158,26,car plate,352,579,510,605
2#26ACN853#07062020#123108.jpg,156,26,car plate,637,584,793,610
2#26ACP016#07062020#144143.jpg,158,26,car plate,418,596,576,622
2#26ACP034#07062020#193243.jpg,151,26,car plate,694,570,845,596
2#26ACP090#08062020#171358.jpg,158,29,car plate,847,643,1005,672
2#26ACP090#08062020#190814.jpg,150,26,car plate,848,578,998,604
2#26ACP097#07062020#211422.jpg,156,26,car plate,448,591,604,617
2#26ACP104#07062020#201903.jpg,147,25,car plate,404,532,551,557
2#26ACP190#08062020#193823.jpg,147,26,car plate,666,522,813,548
2#26ACP191#08062020#195609.jpg,161,28,car plate,476,656,637,684
2#26ACP263#07062020#161049.jpg,150,27,car plate,1024,599,1174,626
2#26ACP497#08062020#131636.jpg,156,27,car plate,821,603,977,630
2#26ACP591#08062020#131447.jpg,147,25,car plate,441,556,588,581
2#26ACP743#08062020#123537.jpg,156,25,car plate,547,598,703,623
2#26ACP755#08062020#132034.jpg,137,24,car plate,615,476,752,500
2#26ACP791#08062020#192417.jpg,161,27,car plate,351,662,512,689
2#26ACP83#08062020#194152.jpg,151,27,car plate,763,560,914,587
2#26ACR176#08062020#114642.jpg,157,26,car plate,572,616,729,642
2#26ACR202#07062020#175751.jpg,134,25,car plate,574,558,708,583
2#26ACR343#08062020#171301.jpg,142,25,car plate,569,475,711,500
2#26ACR343#08062020#190717.jpg,153,25,car plate,565,593,718,618
2#26ACR358#08062020#191912.jpg,153,27,car plate,715,604,868,631
2#26ACR454#07062020#180229.jpg,143,28,car plate,541,609,684,637
2#26ACR454#07062020#213623.jpg,156,26,car plate,408,558,564,584
2#26ACR454#08062020#121013.jpg,158,25,car plate,355,574,513,599
2#26ACR544#08062020#191508.jpg,144,27,car plate,626,524,770,551
2#26ACR614#07062020#200729.jpg,152,27,car plate,805,578,957,605
2#26ACR741#08062020#193846.jpg,158,28,car plate,650,649,808,677
2#26ACR85#08062020#194904.jpg,152,25,car plate,565,580,717,605
2#26ACR939#07062020#200817.jpg,156,28,car plate,583,586,739,614
2#26ACR986#08062020#131018.jpg,148,26,car plate,606,538,754,564
2#26ACS149#08062020#115523.jpg,156,28,car plate,558,603,714,631
2#26ACS363#07062020#135741.jpg,152,26,car plate,539,587,691,613
2#26ACS487#08062020#130656.jpg,153,26,car plate,599,590,752,616
2#26ACS511#08062020#201122.jpg,132,24,car plate,294,618,426,642
2#26ACS533#07062020#220308.jpg,143,24,car plate,692,567,835,591
2#26ACS650#08062020#135311.jpg,135,26,car plate,960,435,1095,461
2#26ACT032#08062020#121018.jpg,150,25,car plate,629,569,779,594
2#26ACT092#08062020#200242.jpg,159,27,car plate,379,621,538,648
2#26ACT271#07062020#175433.jpg,131,27,car plate,630,557,761,584
2#26ACT572#07062020#215945.jpg,150,28,car plate,802,599,952,627
2#26ACT648#08062020#200411.jpg,151,26,car plate,621,564,772,590
2#26ACT707#07062020#205929.jpg,156,26,car plate,627,601,783,627
2#26ACT764#08062020#131841.jpg,151,26,car plate,669,595,820,621
2#26ACU213#08062020#195055.jpg,146,25,car plate,717,528,863,553
2#26ACU214#08062020#192933.jpg,158,27,car plate,410,607,568,634
2#26ACU417#07062020#132210.jpg,157,27,car plate,281,625,438,652
2#26ACU417#08062020#193308.jpg,160,27,car plate,581,640,741,667
2#26ACU512#07062020#211758.jpg,151,27,car plate,625,568,776,595
2#26ACU623#08062020#210758.jpg,114,24,car plate,33,552,147,576
2#26ACV278#07062020#181800.jpg,135,26,car plate,564,603,699,629
2#26ACV388#03062020#011549.jpg,147,25,car plate,503,572,650,597
2#26ACV48#07062020#215927.jpg,150,27,car plate,872,566,1022,593
2#26ACV839#07062020#193637.jpg,144,26,car plate,686,467,830,493
2#26ACV839#08062020#113317.jpg,137,26,car plate,425,638,562,664
2#26ACV961#08062020#113446.jpg,128,27,car plate,86,575,214,602
2#26ACV964#07062020#214416.jpg,147,26,car plate,695,548,842,574
2#26ACV984#08062020#135532.jpg,153,24,car plate,623,592,776,616
2#26ACY015#08062020#132120.jpg,152,27,car plate,527,641,679,668
2#26ACY057#07062020#220342.jpg,145,25,car plate,797,538,942,563
2#26ACY155#08062020#134352.jpg,153,27,car plate,455,577,608,604
2#26ACY228#07062020#133328.jpg,150,25,car plate,606,580,756,605
2#26ACY228#07062020#202210.jpg,156,26,car plate,660,608,816,634
2#26ACY411#07062020#133620.jpg,151,27,car plate,786,588,937,615
2#26ACY458#07062020#201938.jpg,153,27,car plate,904,601,1057,628
2#26ACY536#07062020#204340.jpg,147,24,car plate,606,512,753,536
2#26AD614#07062020#153439.jpg,152,33,car plate,987,609,1139,642
2#26AD696#07062020#050120.jpg,151,25,car plate,220,600,371,625
2#26AD868#08062020#120208.jpg,146,27,car plate,823,531,969,558
2#26AE568#07062020#151318.jpg,157,25,car plate,633,613,790,638
2#26AE588#07062020#143318.jpg,150,25,car plate,704,553,854,578
2#26AF407#07062020#212428.jpg,152,25,car plate,507,573,659,598
2#26AF935#07062020#154800.jpg,152,25,car plate,545,583,697,608
2#26AG116#08062020#192949.jpg,160,26,car plate,683,631,843,657
2#26AG134#08062020#194629.jpg,148,25,car plate,428,532,576,557
2#26AG568#08062020#130838.jpg,157,26,car plate,675,608,832,634
2#26AG590#07062020#194715.jpg,151,27,car plate,664,537,815,564
2#26AG680#08062020#121309.jpg,151,25,car plate,669,550,820,575
2#26AH050#07062020#144448.jpg,149,25,car plate,698,554,847,579
2#26AH060#07062020#145806.jpg,152,26,car plate,481,547,633,573
2#26AH112#07062020#201330.jpg,150,24,car plate,621,569,771,593
2#26AH159#08062020#192021.jpg,156,26,car plate,530,610,686,636
2#26AH424#07062020#121538.jpg,147,24,car plate,391,505,538,529
2#26AH424#07062020#200905.jpg,151,25,car plate,710,561,861,586
2#26AJ081#07062020#222111.jpg,144,25,car plate,560,518,704,543
2#26AJ108#07062020#121949.jpg,156,27,car plate,473,570,629,597
2#26AJ108#07062020#205657.jpg,157,27,car plate,474,581,631,608
2#26AJ352#07062020#210531.jpg,157,25,car plate,325,621,482,646
2#26AJ799#07062020#195845.jpg,148,25,car plate,676,534,824,559
2#26AJ915#03062020#011901.jpg,153,25,car plate,478,589,631,614
2#26AK948#08062020#120211.jpg,159,25,car plate,549,606,708,631
2#26AL653#08062020#132313.jpg,152,25,car plate,501,556,653,581
2#26AN201#07062020#160245.jpg,153,26,car plate,423,622,576,648
2#26AN247#07062020#114427.jpg,153,25,car plate,407,581,560,606
2#26AP396#08062020#192549.jpg,145,24,car plate,532,520,677,544
2#26AR181#07062020#160725.jpg,152,27,car plate,591,597,743,624
2#26AR366#03062020#145132.jpg,133,26,car plate,374,534,507,560
2#26AS228#07062020#153019.jpg,153,24,car plate,588,598,741,622
2#26AS373#08062020#115231.jpg,158,27,car plate,591,635,749,662
2#26AS647#07062020#025147.jpg,151,26,car plate,617,579,768,605
2#26AS647#07062020#161357.jpg,150,25,car plate,569,566,719,591
2#26AS927#08062020#191601.jpg,152,25,car plate,654,573,806,598
2#26AT056#07062020#151836.jpg,157,26,car plate,387,617,544,643
2#26AT589#07062020#152613.jpg,147,26,car plate,590,546,737,572
2#26AU336#07062020#130836.jpg,150,25,car plate,758,553,908,578
2#26AU336#08062020#125341.jpg,151,25,car plate,623,574,774,599
2#26AU804#08062020#132824.jpg,151,25,car plate,497,576,648,601
2#26AU916#08062020#193427.jpg,158,26,car plate,581,656,739,682
2#26AV128#08062020#153931.jpg,164,27,car plate,425,617,589,644
2#26AV242#08062020#115323.jpg,153,27,car plate,495,579,648,606
2#26AV297#03062020#004654.jpg,146,25,car plate,512,606,658,631
2#26AV360#07062020#125223.jpg,158,26,car plate,542,627,700,653
2#26AV809#08062020#123547.jpg,147,24,car plate,679,530,826,554
2#26AV993#07062020#140253.jpg,152,25,car plate,300,597,452,622
2#26AY149#07062020#181736.jpg,140,28,car plate,544,619,684,647
2#26AY168#07062020#154241.jpg,150,26,car plate,576,572,726,598
2#26AY242#07062020#123010.jpg,145,24,car plate,628,535,773,559
2#26AY242#08062020#132826.jpg,133,26,car plate,1110,466,1243,492
2#26AZ234#07062020#182422.jpg,135,24,car plate,721,583,856,607
2#26AZ234#07062020#194713.jpg,157,26,car plate,651,612,808,638
2#26AZ234#07062020#215024.jpg,156,25,car plate,679,603,835,628
2#26AZ234#08062020#194649.jpg,158,26,car plate,595,629,753,655
2#26AZ308#07062020#145542.jpg,157,27,car plate,923,624,1080,651
2#26AZ472#08062020#192943.jpg,151,26,car plate,572,574,723,600
2#26AZ853#07062020#214952.jpg,156,25,car plate,624,630,780,655
2#26AZ868#07062020#215600.jpg,156,26,car plate,574,592,730,618
2#26AZ900#07062020#153809.jpg,152,26,car plate,448,566,600,592
2#26B0289#08062020#131219.jpg,147,27,car plate,781,512,928,539
2#26B0525#07062020#214724.jpg,161,27,car plate,668,622,829,649
2#26B0911#07062020#150927.jpg,147,26,car plate,755,572,902,598
2#26B1025#08062020#172129.jpg,148,26,car plate,549,523,697,549
2#26B1025#08062020#191053.jpg,158,28,car plate,542,619,700,647
2#26B1105#07062020#211222.jpg,157,26,car plate,404,585,561,611
2#26B1236#08062020#124047.jpg,158,27,car plate,622,610,780,637
2#26B1335#08062020#134507.jpg,152,27,car plate,473,551,625,578
2#26B1375#03062020#004811.jpg,142,24,car plate,764,530,906,554
2#26B1571#07062020#142318.jpg,156,26,car plate,350,601,506,627
2#26B1595#07062020#220202.jpg,151,26,car plate,393,622,544,648
2#26B1598#07062020#154408.jpg,158,26,car plate,304,626,462,652
2#26B2084#03062020#004823.jpg,150,25,car plate,447,575,597,600
2#26B3880#07062020#213317.jpg,156,24,car plate,463,556,619,580
2#26B4228#08062020#134621.jpg,146,24,car plate,696,499,842,523
2#26B4843#07062020#124905.jpg,146,24,car plate,574,560,720,584
2#26B4912#08062020#194334.jpg,160,28,car plate,752,644,912,672
2#26B4928#07062020#205401.jpg,148,26,car plate,547,536,695,562
2#26B5140#07062020#123503.jpg,158,26,car plate,579,593,737,619
2#26B5237#07062020#205556.jpg,152,26,car plate,452,581,604,607
2#26B5237#08062020#120502.jpg,151,26,car plate,647,573,798,599
2#26B5238#07062020#201636.jpg,158,26,car plate,542,586,700,612
2#26B5281#07062020#140820.jpg,152,28,car plate,408,605,560,633
2#26B5281#07062020#161226.jpg,150,28,car plate,430,592,580,620
2#26B5281#07062020#180821.jpg,135,24,car plate,907,605,1042,629
2#26B5281#07062020#200517.jpg,148,27,car plate,403,564,551,591
2#26B5378#07062020#155342.jpg,153,26,car plate,425,597,578,623
2#26B5471#08062020#132437.jpg,153,27,car plate,580,613,733,640
2#26B5725#08062020#193715.jpg,158,27,car plate,612,620,770,647
2#26B5775#07062020#130248.jpg,157,25,car plate,574,615,731,640
2#26B6433#07062020#134544.jpg,152,25,car plate,455,590,607,615
2#26B6433#07062020#200415.jpg,157,24,car plate,416,619,573,643
2#26B6851#07062020#115239.jpg,144,26,car plate,547,534,691,560
2#26B6851#07062020#200941.jpg,147,27,car plate,708,583,855,610
2#26B6851#07062020#221709.jpg,150,26,car plate,405,620,555,646
2#26B6851#08062020#134910.jpg,152,26,car plate,470,642,622,668
2#26B7832#08062020#200010.jpg,160,26,car plate,637,655,797,681
2#26B7882#08062020#124107.jpg,147,29,car plate,1084,549,1231,578
2#26B7885#08062020#124156.jpg,146,26,car plate,704,478,850,504
2#26B7974#08062020#200549.jpg,153,26,car plate,694,586,847,612
2#26B8036#08062020#131628.jpg,159,26,car plate,604,626,763,652
2#26B8049#07062020#135901.jpg,159,27,car plate,715,616,874,643
2#26B8791#08062020#171703.jpg,160,27,car plate,563,663,723,690
2#26B8791#08062020#190955.jpg,158,27,car plate,564,631,722,658
2#26B8791#08062020#194506.jpg,151,26,car plate,535,575,686,601
2#26B8890#07062020#214945.jpg,152,24,car plate,423,569,575,593
2#26B8907#08062020#132337.jpg,157,26,car plate,596,618,753,644
2#26B9120#08062020#124051.jpg,152,26,car plate,749,560,901,586
2#26B9417#07062020#213702.jpg,151,25,car plate,461,558,612,583
2#26B9839#08062020#115720.jpg,162,26,car plate,427,608,589,634
2#26B9932#07062020#202811.jpg,157,28,car plate,567,600,724,628
2#26B9970#07062020#154354.jpg,158,26,car plate,557,619,715,645
2#26BA164#08062020#114450.jpg,160,28,car plate,833,608,993,636
2#26BA171#08062020#115645.jpg,150,26,car plate,621,559,771,585
2#26BA497#08062020#193836.jpg,160,27,car plate,383,589,543,616
2#26BA766#07062020#151545.jpg,153,25,car plate,603,615,756,640
2#26BA948#07062020#150202.jpg,149,28,car plate,1012,525,1161,553
2#26BB083#08062020#130714.jpg,151,26,car plate,768,547,919,573
2#26BB133#07062020#194832.jpg,158,27,car plate,412,608,570,635
2#26BB323#07062020#150436.jpg,148,25,car plate,541,542,689,567
2#26BB437#07062020#161046.jpg,153,26,car plate,648,588,801,614
2#26BB522#07062020#222057.jpg,163,27,car plate,548,590,711,617
2#26BB717#08062020#133012.jpg,150,26,car plate,472,557,622,583
2#26BB783#08062020#125539.jpg,152,24,car plate,610,558,762,582
2#26BB824#07062020#154802.jpg,158,27,car plate,686,622,844,649
2#26BB830#07062020#153859.jpg,158,27,car plate,433,605,591,632
2#26BB999#07062020#201534.jpg,156,26,car plate,487,583,643,609
2#26BC044#07062020#130015.jpg,149,26,car plate,579,623,728,649
2#26BC175#07062020#182457.jpg,135,25,car plate,931,612,1066,637
2#26BC175#07062020#192703.jpg,153,26,car plate,507,612,660,638
2#26BC910#08062020#123722.jpg,160,26,car plate,536,597,696,623
2#26BC918#07062020#114630.jpg,156,28,car plate,509,591,665,619
2#26BC918#07062020#210240.jpg,152,26,car plate,472,584,624,610
2#26BD059#08062020#132145.jpg,159,27,car plate,437,631,596,658
2#26BD219#08062020#192318.jpg,158,26,car plate,547,611,705,637
2#26BD265#08062020#121342.jpg,162,27,car plate,485,614,647,641
2#26BD304#07062020#201043.jpg,153,26,car plate,273,522,426,548
2#26BD664#08062020#131214.jpg,157,24,car plate,513,600,670,624
2#26BD818#07062020#132555.jpg,152,27,car plate,813,605,965,632
2#26BE103#07062020#211151.jpg,140,27,car plate,1092,465,1232,492
2#26BE443#08062020#121021.jpg,152,27,car plate,630,563,782,590
2#26BE693#07062020#132508.jpg,147,25,car plate,824,541,971,566
2#26BE702#07062020#170430.jpg,141,27,car plate,502,601,643,628
2#26BE722#07062020#141833.jpg,157,26,car plate,579,615,736,641
2#26BE930#07062020#201145.jpg,157,28,car plate,623,577,780,605
2#26BE930#08062020#194154.jpg,157,26,car plate,587,584,744,610
2#26BE979#07062020#141245.jpg,157,26,car plate,421,597,578,623
2#26BE997#07062020#115149.jpg,153,26,car plate,611,555,764,581
2#26BF316#07062020#220537.jpg,150,26,car plate,580,547,730,573
2#26BF316#08062020#211917.jpg,134,24,car plate,243,611,377,635
2#26BF488#07062020#135436.jpg,166,29,car plate,486,602,652,631
2#26BF758#07062020#160516.jpg,153,25,car plate,447,558,600,583
2#26BF774#07062020#132414.jpg,150,25,car plate,663,563,813,588
2#26BF862#07062020#124422.jpg,158,26,car plate,480,600,638,626
2#26BG148#07062020#123801.jpg,152,27,car plate,519,555,671,582
2#26BG149#08062020#194321.jpg,164,27,car plate,583,658,747,685
2#26BG328#07062020#204438.jpg,158,26,car plate,580,603,738,629
2#26BG835#07062020#204748.jpg,146,23,car plate,590,468,736,491
2#26BG888#07062020#210618.jpg,145,24,car plate,741,541,886,565
2#26BH097#08062020#132251.jpg,157,26,car plate,422,586,579,612
2#26BH152#07062020#175521.jpg,134,26,car plate,531,559,665,585
2#26BH218#07062020#211850.jpg,153,25,car plate,585,565,738,590
2#26BH218#08062020#125737.jpg,152,25,car plate,629,557,781,582
2#26BH558#07062020#150619.jpg,150,25,car plate,531,536,681,561
2#26BH586#07062020#133843.jpg,159,26,car plate,494,612,653,638
2#26BH586#07062020#192640.jpg,158,26,car plate,483,598,641,624
2#26BH586#07062020#204828.jpg,160,25,car plate,380,602,540,627
2#26BH591#07062020#214653.jpg,146,24,car plate,571,525,717,549
2#26BH725#07062020#115110.jpg,159,27,car plate,632,607,791,634
2#26BH725#08062020#194451.jpg,159,27,car plate,574,610,733,637
2#26BH998#08062020#142347.jpg,133,24,car plate,245,538,378,562
2#26BJ020#08062020#132438.jpg,161,26,car plate,663,589,824,615
2#26BJ077#07062020#113644.jpg,158,28,car plate,827,585,985,613
2#26BJ077#07062020#193859.jpg,160,27,car plate,457,593,617,620
2#26BJ149#08062020#192914.jpg,156,26,car plate,510,600,666,626
2#26BJ622#08062020#125739.jpg,161,26,car plate,442,637,603,663
2#26BJ798#07062020#114417.jpg,142,27,car plate,480,578,622,605
2#26BK026#07062020#205814.jpg,148,27,car plate,941,540,1089,567
2#26BK097#07062020#120613.jpg,157,25,car plate,459,626,616,651
2#26BK215#07062020#212123.jpg,153,27,car plate,724,573,877,600
2#26BK360#07062020#160810.jpg,157,24,car plate,475,589,632,613
2#26BK360#07062020#180408.jpg,108,25,car plate,676,604,784,629
2#26BK525#08062020#125625.jpg,156,26,car plate,411,586,567,612
2#26BK703#07062020#124042.jpg,148,25,car plate,862,527,1010,552
2#26BK713#08062020#193244.jpg,156,26,car plate,415,629,571,655
2#26BK715#07062020#192527.jpg,156,27,car plate,737,586,893,613
2#26BK989#07062020#123427.jpg,145,27,car plate,1037,508,1182,535
2#26BL055#07062020#211855.jpg,157,26,car plate,486,595,643,621
2#26BL117#07062020#161041.jpg,151,25,car plate,662,560,813,585
2#26BL142#07062020#144323.jpg,157,27,car plate,629,622,786,649
2#26BL401#08062020#134534.jpg,157,25,car plate,407,639,564,664
2#26BL420#07062020#121131.jpg,159,25,car plate,362,609,521,634
2#26BL489#08062020#191644.jpg,157,26,car plate,648,603,805,629
2#26BL843#07062020#175151.jpg,135,25,car plate,682,560,817,585
2#26BM079#07062020#203404.jpg,159,26,car plate,471,616,630,642
2#26BM099#08062020#131854.jpg,152,27,car plate,782,603,934,630
2#26BM147#08062020#125952.jpg,153,27,car plate,507,550,660,577
2#26BM198#07062020#121123.jpg,158,26,car plate,381,610,539,636
2#26BM280#07062020#210549.jpg,160,26,car plate,468,626,628,652
2#26BM575#08062020#131530.jpg,159,27,car plate,523,619,682,646
2#26BM754#07062020#220045.jpg,161,27,car plate,712,608,873,635
2#26BM757#07062020#125758.jpg,164,27,car plate,339,622,503,649
2#26BM757#07062020#181050.jpg,142,27,car plate,798,581,940,608
2#26BN238#07062020#145748.jpg,151,26,car plate,503,585,654,611
2#26BN4231#08062020#150327.jpg,134,27,car plate,16,619,150,646
2#26BN482#08062020#133023.jpg,159,27,car plate,741,620,900,647
2#26BN766#08062020#210847.jpg,136,24,car plate,564,631,700,655
2#26BP344#08062020#132825.jpg,149,24,car plate,509,550,658,574
2#26BP412#07062020#124719.jpg,148,27,car plate,687,529,835,556
2#26BP641#08062020#212516.jpg,134,24,car plate,173,638,307,662
2#26BP655#07062020#220239.jpg,151,25,car plate,610,582,761,607
2#26BP706#07062020#204917.jpg,152,26,car plate,467,607,619,633
2#26BP923#08062020#122710.jpg,157,25,car plate,784,572,941,597
2#26BP995#08062020#130134.jpg,160,25,car plate,517,640,677,665
2#26BR106#07062020#161648.jpg,160,28,car plate,660,597,820,625
2#26BR480#08062020#134702.jpg,144,25,car plate,808,510,952,535
2#26BR544#07062020#115758.jpg,160,28,car plate,552,608,712,636
2#26BR544#08062020#195138.jpg,163,32,car plate,611,624,774,656
2#26BR690#08062020#131633.jpg,157,25,car plate,417,600,574,625
2#26BR769#08062020#212441.jpg,59,23,car plate,394,531,453,554
2#26BR840#07062020#150039.jpg,160,28,car plate,699,583,859,611
2#26BR843#07062020#213535.jpg,160,26,car plate,510,557,670,583
2#26BS010#07062020#112835.jpg,146,26,car plate,1006,531,1152,557
2#26BS165#08062020#121136.jpg,152,25,car plate,546,561,698,586
2#26BS194#08062020#203331.jpg,131,26,car plate,405,610,536,636
2#26BS400#07062020#114653.jpg,137,27,car plate,425,571,562,598
2#26BS515#08062020#121035.jpg,148,26,car plate,873,542,1021,568
2#26BS517#08062020#120633.jpg,157,28,car plate,619,620,776,648
2#26BS939#07062020#153009.jpg,156,26,car plate,583,592,739,618
2#26BT094#08062020#114430.jpg,157,27,car plate,723,582,880,609
2#26BT233#07062020#145015.jpg,159,25,car plate,484,607,643,632
2#26BT233#07062020#201307.jpg,162,27,car plate,634,620,796,647
2#26BT466#07062020#213815.jpg,158,27,car plate,681,608,839,635
2#26BT879#07062020#143942.jpg,157,27,car plate,604,619,761,646
2#26BT977#07062020#033900.jpg,135,26,car plate,207,579,342,605
2#26BT977#07062020#113734.jpg,152,28,car plate,947,583,1099,611
2#26BU052#07062020#175440.jpg,135,25,car plate,710,575,845,600
2#26BU052#07062020#201213.jpg,156,26,car plate,495,565,651,591
2#26BU220#07062020#114927.jpg,153,25,car plate,607,578,760,603
2#26BU272#07062020#214506.jpg,153,26,car plate,673,585,826,611
2#26BU388#08062020#134042.jpg,148,25,car plate,572,529,720,554
2#26BU398#08062020#124528.jpg,147,23,car plate,700,511,847,534
2#26BU815#07062020#135935.jpg,152,26,car plate,581,576,733,602
2#26BU887#07062020#114616.jpg,158,27,car plate,544,584,702,611
2#26BU932#08062020#194331.jpg,152,26,car plate,531,575,683,601
2#26BU938#08062020#124545.jpg,159,26,car plate,634,626,793,652
2#26BV036#07062020#181855.jpg,76,24,car plate,404,613,480,637
2#26BV104#08062020#134315.jpg,152,26,car plate,537,599,689,625
2#26BV131#07062020#220312.jpg,146,26,car plate,837,557,983,583
2#26BV149#07062020#031026.jpg,151,26,car plate,66,612,217,638
2#26BV563#07062020#211140.jpg,158,25,car plate,463,589,621,614
2#26BV947#03062020#011401.jpg,149,24,car plate,457,525,606,549
2#26BV947#07062020#130441.jpg,159,28,car plate,614,620,773,648
2#26BY049#07062020#180016.jpg,141,28,car plate,574,628,715,656
2#26BY049#07062020#210041.jpg,157,25,car plate,484,600,641,625
2#26BY105#07062020#142250.jpg,156,25,car plate,424,581,580,606
2#26BY220#07062020#192117.jpg,153,26,car plate,701,587,854,613
2#26BY500#07062020#160846.jpg,145,24,car plate,496,557,641,581
2#26BY666#07062020#221922.jpg,159,26,car plate,580,621,739,647
2#26BY693#07062020#114823.jpg,149,26,car plate,613,543,762,569
2#26BY797#07062020#124743.jpg,152,27,car plate,780,578,932,605
2#26BY873#07062020#181747.jpg,140,27,car plate,503,606,643,633
2#26BY881#07062020#115936.jpg,153,25,car plate,583,608,736,633
2#26BY886#07062020#135142.jpg,151,26,car plate,794,579,945,605
2#26BY920#07062020#153220.jpg,162,28,car plate,656,609,818,637
2#26BZ144#08062020#132151.jpg,159,28,car plate,507,587,666,615
2#26BZ178#08062020#135537.jpg,156,27,car plate,566,624,722,651
2#26BZ841#08062020#134501.jpg,149,26,car plate,750,574,899,600
2#26BZ859#07062020#215503.jpg,151,26,car plate,721,541,872,567
2#26CP802#07062020#143626.jpg,148,24,car plate,488,471,636,495
2#26DA722#07062020#112946.jpg,153,25,car plate,564,605,717,630
2#26DA722#07062020#140730.jpg,157,26,car plate,530,620,687,646
2#26DB039#07062020#203719.jpg,156,28,car plate,730,589,886,617
2#26DB650#07062020#114952.jpg,158,25,car plate,648,605,806,630
2#26DB670#05062020#100810.jpg,213,33,car plate,842,613,1055,646
2#26DB774#07062020#214050.jpg,159,27,car plate,593,605,752,632
2#26DB826#07062020#121607.jpg,158,28,car plate,961,612,1119,640
2#26DC924#08062020#194724.jpg,152,27,car plate,557,584,709,611
2#26DC989#07062020#152005.jpg,149,27,car plate,707,554,856,581
2#26DD319#08062020#143723.jpg,130,26,car plate,165,575,295,601
2#26DD379#07062020#145524.jpg,151,26,car plate,614,578,765,604
2#26DE503#08062020#135425.jpg,152,26,car plate,830,574,982,600
2#26DE938#07062020#151800.jpg,157,26,car plate,609,617,766,643
2#26DF205#07062020#220610.jpg,143,23,car plate,552,468,695,491
2#26DF882#07062020#210628.jpg,156,25,car plate,638,573,794,598
2#26DG372#08062020#132454.jpg,151,27,car plate,639,552,790,579
2#26DG430#07062020#213221.jpg,156,26,car plate,561,599,717,625
2#26DG498#08062020#134318.jpg,152,26,car plate,743,556,895,582
2#26DG541#07062020#144404.jpg,151,26,car plate,459,595,610,621
2#26DG544#07062020#115025.jpg,152,26,car plate,659,560,811,586
2#26DG601#07062020#115635.jpg,156,27,car plate,530,597,686,624
2#26DG601#07062020#210519.jpg,151,26,car plate,612,539,763,565
2#26DH318#07062020#125534.jpg,150,26,car plate,531,562,681,588
2#26DJ184#07062020#130437.jpg,153,28,car plate,595,590,748,618
2#26DJ780#08062020#132441.jpg,153,26,car plate,595,581,748,607
2#26DK085#07062020#154848.jpg,152,24,car plate,628,626,780,650
2#26DK122#07062020#032331.jpg,149,26,car plate,520,551,669,577
2#26DL171#08062020#123700.jpg,153,25,car plate,716,593,869,618
2#26DL404#07062020#175213.jpg,147,29,car plate,528,606,675,635
2#26DL404#08062020#122318.jpg,161,25,car plate,510,573,671,598
2#26DL498#03062020#011432.jpg,151,24,car plate,673,499,824,523
2#26DL545#07062020#141125.jpg,151,24,car plate,549,549,700,573
2#26DL545#08062020#132318.jpg,151,24,car plate,601,551,752,575
2#26DL987#07062020#140427.jpg,149,28,car plate,790,531,939,559
2#26DM002#07062020#181818.jpg,103,26,car plate,588,582,691,608
2#26DM246#08062020#114353.jpg,159,26,car plate,756,609,915,635
2#26DM674#07062020#150942.jpg,157,26,car plate,792,625,949,651
2#26DM792#07062020#121618.jpg,158,25,car plate,640,592,798,617
2#26DM792#07062020#162647.jpg,152,25,car plate,531,536,683,561
2#26DM792#07062020#192107.jpg,157,24,car plate,604,566,761,590
2#26DM792#07062020#201325.jpg,153,25,car plate,701,541,854,566
2#26DN321#08062020#130132.jpg,145,26,car plate,774,530,919,556
2#26DP884#07062020#124733.jpg,152,28,car plate,1075,624,1227,652
2#26DR402#07062020#150041.jpg,150,25,car plate,660,542,810,567
2#26DR784#07062020#203205.jpg,153,26,car plate,562,560,715,586
2#26DS133#07062020#203508.jpg,156,25,car plate,667,580,823,605
2#26DS580#07062020#193800.jpg,152,27,car plate,628,600,780,627
2#26DS580#08062020#124115.jpg,158,28,car plate,693,637,851,665
2#26DS851#07062020#142552.jpg,141,26,car plate,638,470,779,496
2#26DT459#08062020#130327.jpg,157,26,car plate,574,594,731,620
2#26DT804#07062020#215518.jpg,157,25,car plate,558,616,715,641
2#26DU007#08062020#110320.jpg,132,27,car plate,668,607,800,634
2#26DU180#08062020#133847.jpg,156,26,car plate,602,605,758,631
2#26DU455#07062020#135246.jpg,156,26,car plate,925,567,1081,593
2#26DU832#07062020#123414.jpg,160,27,car plate,496,620,656,647
2#26DV229#08062020#192718.jpg,157,28,car plate,539,546,696,574
2#26DV390#07062020#181425.jpg,142,25,car plate,687,621,829,646
2#26DV410#07062020#222602.jpg,159,28,car plate,544,598,703,626
2#26DV655#07062020#194849.jpg,128,24,car plate,514,462,642,486
2#26DV771#07062020#204802.jpg,152,26,car plate,721,610,873,636
2#26DV904#08062020#212407.jpg,136,26,car plate,55,650,191,676
2#26DY211#08062020#212459.jpg,136,25,car plate,295,651,431,676
2#26DZ226#07062020#131057.jpg,150,26,car plate,670,581,820,607
2#26DZ474#05062020#234116.jpg,205,36,car plate,907,601,1112,637
2#26DZ511#07062020#144337.jpg,150,25,car plate,588,573,738,598
2#26DZ867#08062020#125429.jpg,157,26,car plate,405,621,562,647
2#26DZ986#07062020#211806.jpg,153,26,car plate,562,566,715,592
2#26E0094#07062020#222004.jpg,152,26,car plate,828,564,980,590
2#26E0094#08062020#210150.jpg,136,25,car plate,385,635,521,660
2#26E0160#07062020#143640.jpg,153,26,car plate,833,609,986,635
2#26E0622#07062020#112602.jpg,158,27,car plate,282,612,440,639
2#26E0622#08062020#124406.jpg,159,27,car plate,306,628,465,655
2#26E0632#08062020#193941.jpg,158,26,car plate,621,614,779,640
2#26E0804#07062020#160122.jpg,152,25,car plate,647,578,799,603
2#26E0863#07062020#112632.jpg,160,27,car plate,363,602,523,629
2#26E0863#07062020#205057.jpg,159,25,car plate,468,585,627,610
2#26E1040#07062020#141829.jpg,158,27,car plate,653,613,811,640
2#26E1055#07062020#210544.jpg,156,27,car plate,493,577,649,604
2#26E1117#07062020#114959.jpg,157,28,car plate,737,594,894,622
2#26E1175#07062020#144113.jpg,164,26,car plate,366,626,530,652
2#26E1247#07062020#121127.jpg,153,25,car plate,507,581,660,606
2#26E1273#07062020#203755.jpg,159,27,car plate,753,622,912,649
2#26E1515#07062020#181512.jpg,136,28,car plate,703,595,839,623
2#26E1842#07062020#215223.jpg,160,26,car plate,333,619,493,645
2#26E1905#07062020#133244.jpg,151,26,car plate,727,580,878,606
2#26E1905#07062020#210134.jpg,150,25,car plate,405,563,555,588
2#26E1905#08062020#113121.jpg,134,25,car plate,110,622,244,647
2#26E2059#08062020#125015.jpg,153,27,car plate,676,578,829,605
2#26E2068#08062020#123218.jpg,156,25,car plate,645,613,801,638
2#26E2605#07062020#124858.jpg,152,23,car plate,127,582,279,605
2#26E2623#07062020#215028.jpg,126,28,car plate,1103,511,1229,539
2#26E2623#08062020#123159.jpg,156,26,car plate,591,622,747,648
2#26E2623#08062020#130709.jpg,157,26,car plate,631,640,788,666
2#26E3092#08062020#132315.jpg,151,27,car plate,555,556,706,583
2#26E3208#07062020#175556.jpg,109,25,car plate,585,619,694,644
2#26E3272#07062020#170127.jpg,93,25,car plate,561,497,654,522
2#26E3272#07062020#213531.jpg,166,26,car plate,303,584,469,610
2#26E3306#08062020#195254.jpg,159,27,car plate,562,629,721,656
2#26E3347#07062020#123254.jpg,161,27,car plate,551,562,712,589
2#26E3407#07062020#112855.jpg,157,25,car plate,758,594,915,619
2#26E3407#07062020#193232.jpg,157,25,car plate,618,603,775,628
2#26E3446#07062020#152305.jpg,149,25,car plate,671,559,820,584
2#26E3446#07062020#214016.jpg,156,26,car plate,615,599,771,625
2#26E3550#07062020#194112.jpg,157,24,car plate,401,558,558,582
2#26E3642#03062020#011414.jpg,150,25,car plate,767,568,917,593
2#26E3887#08062020#122154.jpg,153,27,car plate,588,599,741,626
2#26E3906#08062020#113701.jpg,157,26,car plate,875,599,1032,625
2#26E3930#07062020#193428.jpg,158,27,car plate,567,616,725,643
2#26E4121#08062020#114405.jpg,158,26,car plate,606,610,764,636
2#26E4215#07062020#135804.jpg,151,27,car plate,510,553,661,580
2#26E4215#08062020#194843.jpg,151,26,car plate,525,567,676,593
2#26E4318#07062020#121407.jpg,156,25,car plate,512,575,668,600
2#26E4333#08062020#200051.jpg,149,25,car plate,829,540,978,565
2#26E4794#08062020#121513.jpg,158,27,car plate,589,605,747,632
2#26E5183#07062020#134959.jpg,157,27,car plate,95,625,252,652
2#26E5368#08062020#194414.jpg,152,25,car plate,626,564,778,589
2#26E5680#07062020#115720.jpg,156,26,car plate,552,558,708,584
2#26E5680#07062020#205300.jpg,158,28,car plate,883,606,1041,634
2#26E5680#08062020#122000.jpg,153,26,car plate,589,558,742,584
2#26E5735#07062020#192712.jpg,159,26,car plate,329,621,488,647
2#26E5735#08062020#115433.jpg,159,28,car plate,670,625,829,653
2#26E5735#08062020#191350.jpg,160,28,car plate,645,635,805,663
2#26E5795#07062020#141149.jpg,149,27,car plate,892,567,1041,594
2#26E5861#07062020#151610.jpg,145,26,car plate,408,559,553,585
2#26E5889#08062020#192737.jpg,160,26,car plate,611,639,771,665
2#26E6310#08062020#134803.jpg,151,27,car plate,558,545,709,572
2#26E6373#07062020#145740.jpg,158,27,car plate,642,617,800,644
2#26E6408#07062020#134540.jpg,156,26,car plate,644,595,800,621
2#26E6781#08062020#132717.jpg,158,26,car plate,572,627,730,653
2#26E6852#07062020#162455.jpg,149,24,car plate,499,543,648,567
2#26E6852#08062020#125449.jpg,158,25,car plate,658,631,816,656
2#26E6948#07062020#212336.jpg,161,26,car plate,342,611,503,637
2#26E7258#07062020#143113.jpg,153,26,car plate,591,578,744,604
2#26E7332#08062020#125339.jpg,152,29,car plate,677,566,829,595
2#26E7682#08062020#142232.jpg,135,24,car plate,885,635,1020,659
2#26E7940#07062020#120154.jpg,157,26,car plate,414,575,571,601
2#26E8122#08062020#120504.jpg,160,28,car plate,575,634,735,662
2#26E8929#03062020#011408.jpg,145,24,car plate,630,487,775,511
2#26E9241#08062020#125547.jpg,142,25,car plate,671,535,813,560
2#26E9518#08062020#134804.jpg,160,29,car plate,703,644,863,673
2#26E9645#07062020#213655.jpg,150,27,car plate,885,541,1035,568
2#26EA174#07062020#143717.jpg,153,27,car plate,903,579,1056,606
2#26EA558#08062020#121846.jpg,150,24,car plate,655,584,805,608
2#26EA737#08062020#124536.jpg,160,26,car plate,674,636,834,662
2#26EB672#07062020#132357.jpg,153,26,car plate,685,574,838,600
2#26EB737#08062020#114222.jpg,153,25,car plate,722,559,875,584
2#26EB778#08062020#192211.jpg,151,26,car plate,623,537,774,563
2#26EB969#07062020#195508.jpg,150,27,car plate,526,596,676,623
2#26EC020#08062020#113641.jpg,152,32,car plate,1066,617,1218,649
2#26EC437#07062020#113512.jpg,156,26,car plate,659,591,815,617
2#26EC747#07062020#204258.jpg,152,27,car plate,633,600,785,627
2#26EC867#08062020#205742.jpg,134,25,car plate,146,612,280,637
2#26ED252#07062020#202605.jpg,148,25,car plate,930,566,1078,591
2#26ED550#08062020#123720.jpg,149,26,car plate,630,563,779,589
2#26ED642#07062020#215122.jpg,149,26,car plate,689,545,838,571
2#26EE825#07062020#143638.jpg,153,26,car plate,762,582,915,608
2#26EE825#08062020#134339.jpg,157,25,car plate,660,599,817,624
2#26EF883#07062020#194434.jpg,150,25,car plate,488,555,638,580
2#26EG021#07062020#213209.jpg,151,26,car plate,252,587,403,613
2#26EG234#08062020#124558.jpg,146,25,car plate,776,536,922,561
2#26EG277#07062020#213306.jpg,158,27,car plate,565,597,723,624
2#26EG486#07062020#203200.jpg,158,27,car plate,427,597,585,624
2#26EG793#08062020#130026.jpg,146,25,car plate,544,485,690,510
2#26EH068#07062020#115714.jpg,151,26,car plate,741,587,892,613
2#26EH103#07062020#133019.jpg,150,24,car plate,375,572,525,596
2#26EH419#07062020#134906.jpg,157,27,car plate,524,599,681,626
2#26EH997#08062020#195105.jpg,156,26,car plate,606,592,762,618
2#26EJ183#07062020#160503.jpg,156,26,car plate,748,599,904,625
2#26EJ418#08062020#123613.jpg,153,26,car plate,564,597,717,623
2#26EJ435#08062020#191516.jpg,157,25,car plate,569,617,726,642
2#26EJ713#08062020#123608.jpg,161,27,car plate,549,635,710,662
2#26EJ868#07062020#113848.jpg,152,27,car plate,557,549,709,576
2#26EJ879#07062020#180743.jpg,141,24,car plate,1072,620,1213,644
2#26EJ879#07062020#205710.jpg,156,25,car plate,549,559,705,584
2#26EK118#08062020#193841.jpg,158,25,car plate,342,616,500,641
2#26EK281#07062020#142838.jpg,149,26,car plate,786,578,935,604
2#26EK661#08062020#115712.jpg,157,27,car plate,586,628,743,655
2#26EL372#07062020#131005.jpg,157,25,car plate,517,615,674,640
2#26EM079#08062020#124350.jpg,146,27,car plate,917,508,1063,535
2#26EM143#07062020#115542.jpg,157,27,car plate,561,614,718,641
2#26EM415#08062020#211708.jpg,127,24,car plate,491,574,618,598
2#26EM489#07062020#132540.jpg,152,25,car plate,516,556,668,581
2#26EM570#08062020#130319.jpg,156,26,car plate,520,592,676,618
2#26EM680#07062020#141039.jpg,150,26,car plate,601,527,751,553
2#26EM727#07062020#214315.jpg,151,32,car plate,1089,573,1240,605
2#26EM858#07062020#150739.jpg,144,29,car plate,1113,487,1257,516
2#26EN422#08062020#114618.jpg,152,24,car plate,393,578,545,602
2#26EP623#03062020#003748.jpg,145,24,car plate,630,550,775,574
2#26ER012#08062020#113820.jpg,152,24,car plate,831,597,983,621
2#26ER224#07062020#123631.jpg,158,27,car plate,870,623,1028,650
2#26ER224#07062020#213102.jpg,151,25,car plate,647,576,798,601
2#26ER700#07062020#211100.jpg,151,26,car plate,551,611,702,637
2#26ES249#08062020#193207.jpg,153,26,car plate,680,610,833,636
2#26ES336#07062020#121207.jpg,156,25,car plate,423,597,579,622
2#26ES438#03062020#004907.jpg,149,24,car plate,549,608,698,632
2#26ES492#07062020#151528.jpg,150,26,car plate,860,515,1010,541
2#26ES615#08062020#171609.jpg,140,24,car plate,569,472,709,496
2#26ES615#08062020#190918.jpg,150,26,car plate,549,632,699,658
2#26ES703#07062020#132546.jpg,147,26,car plate,780,533,927,559
2#26ES776#08062020#123423.jpg,150,27,car plate,918,557,1068,584
2#26ES986#07062020#134513.jpg,148,27,car plate,1121,563,1269,590
2#26ES988#07062020#153525.jpg,150,25,car plate,741,559,891,584
2#26ET451#08062020#122655.jpg,148,25,car plate,711,546,859,571
2#26ET955#07062020#161100.jpg,157,25,car plate,545,617,702,642
2#26EU153#07062020#200102.jpg,146,24,car plate,446,550,592,574
2#26EU172#08062020#191514.jpg,156,26,car plate,502,576,658,602
2#26EU883#08062020#122537.jpg,161,26,car plate,686,634,847,660
2#26EY043#07062020#200745.jpg,158,26,car plate,549,612,707,638
2#26EY045#07062020#192119.jpg,157,27,car plate,567,622,724,649
2#26EY158#08062020#132911.jpg,147,25,car plate,790,527,937,552
2#26EY380#08062020#130706.jpg,148,25,car plate,497,529,645,554
2#26EZ394#08062020#200136.jpg,157,25,car plate,613,619,770,644
2#26EZ888#07062020#200900.jpg,148,25,car plate,536,550,684,575
2#26FA069#08062020#192233.jpg,117,24,car plate,488,549,605,573
2#26FA228#08062020#140801.jpg,128,23,car plate,606,564,734,587
2#26FB048#07062020#154137.jpg,153,25,car plate,462,588,615,613
2#26FB183#07062020#165503.jpg,140,27,car plate,655,605,795,632
2#26FB266#08062020#191900.jpg,161,28,car plate,601,649,762,677
2#26FB287#08062020#194458.jpg,158,26,car plate,665,600,823,626
2#26FB392#07062020#192909.jpg,158,25,car plate,529,593,687,618
2#26FC166#03062020#011311.jpg,148,24,car plate,540,445,688,469
2#26FC166#07062020#114114.jpg,161,27,car plate,602,547,763,574
2#26FC398#07062020#140324.jpg,161,27,car plate,729,582,890,609
2#26FC439#07062020#155605.jpg,160,27,car plate,614,624,774,651
2#26FC545#07062020#121116.jpg,161,27,car plate,438,555,599,582
2#26FC545#08062020#131109.jpg,163,28,car plate,534,566,697,594
2#26FC587#03062020#011341.jpg,157,25,car plate,465,511,622,536
2#26FC818#07062020#150441.jpg,166,28,car plate,527,621,693,649
2#26FC818#08062020#135014.jpg,168,29,car plate,750,619,918,648
2#26FD933#08062020#171204.jpg,156,27,car plate,482,610,638,637
2#26FD933#08062020#190533.jpg,156,26,car plate,482,610,638,636
2#26FD933#08062020#190620.jpg,151,25,car plate,488,568,639,593
2#26FE236#08062020#125715.jpg,162,27,car plate,394,640,556,667
2#26FE236#08062020#134349.jpg,152,26,car plate,273,538,425,564
2#26FE359#07062020#145724.jpg,136,24,car plate,656,436,792,460
2#26FF013#08062020#121334.jpg,157,27,car plate,693,598,850,625
2#26FF585#07062020#125802.jpg,156,25,car plate,292,596,448,621
2#26FF737#07062020#153441.jpg,149,25,car plate,507,544,656,569
2#26FH230#07062020#162347.jpg,157,25,car plate,503,591,660,616
2#26FH256#07062020#210547.jpg,150,25,car plate,852,581,1002,606
2#26FH260#07062020#220436.jpg,151,27,car plate,693,612,844,639
2#26FH457#07062020#180133.jpg,137,26,car plate,509,606,646,632
2#26FH457#07062020#203427.jpg,157,27,car plate,537,605,694,632
2#26FJ379#08062020#190508.jpg,158,26,car plate,632,622,790,648
2#26FJ379#08062020#190555.jpg,163,26,car plate,631,667,794,693
2#26FJ416#07062020#160131.jpg,157,26,car plate,489,593,646,619
2#26FJ745#07062020#204808.jpg,148,27,car plate,1067,534,1215,561
2#26FJ842#07062020#134112.jpg,158,26,car plate,483,552,641,578
2#26FJ853#08062020#133513.jpg,161,27,car plate,487,635,648,662
2#26FK139#08062020#130917.jpg,159,27,car plate,579,618,738,645
2#26FL920#08062020#123144.jpg,161,27,car plate,572,635,733,662
2#26FM006#07062020#130708.jpg,157,25,car plate,428,578,585,603
2#26FM010#07062020#160236.jpg,159,25,car plate,471,571,630,596
2#26FM011#07062020#162326.jpg,160,29,car plate,331,584,491,613
2#26FM021#08062020#202918.jpg,133,23,car plate,574,574,707,597
2#26FM050#07062020#131036.jpg,152,26,car plate,601,554,753,580
2#26FM051#07062020#161220.jpg,153,26,car plate,415,617,568,643
2#26FM214#08062020#123400.jpg,149,29,car plate,1074,545,1223,574
2#26FM412#07062020#152118.jpg,159,29,car plate,750,611,909,640
2#26FM417#08062020#195900.jpg,157,27,car plate,443,615,600,642
2#26FM833#06062020#141349.jpg,198,29,car plate,697,547,895,576
2#26FM914#08062020#194326.jpg,150,28,car plate,466,549,616,577
2#26FM940#07062020#045635.jpg,156,28,car plate,657,592,813,620
2#26FN259#07062020#181225.jpg,140,26,car plate,791,598,931,624
2#26FP668#07062020#130047.jpg,152,25,car plate,537,555,689,580
2#26FR260#07062020#205316.jpg,148,26,car plate,513,578,661,604
2#26FR989#07062020#194720.jpg,157,27,car plate,703,605,860,632
2#26FS046#07062020#113820.jpg,153,26,car plate,670,591,823,617
2#26FS049#08062020#171309.jpg,148,25,car plate,578,508,726,533
2#26FS049#08062020#190725.jpg,152,24,car plate,576,552,728,576
2#26FS185#07062020#143144.jpg,152,27,car plate,525,562,677,589
2#26FS456#07062020#140438.jpg,157,28,car plate,976,614,1133,642
2#26FS820#07062020#124849.jpg,153,27,car plate,992,621,1145,648
2#26FS914#07062020#131737.jpg,147,26,car plate,871,544,1018,570
2#26FU376#03062020#004254.jpg,142,25,car plate,603,501,745,526
2#26FU376#08062020#122957.jpg,158,25,car plate,375,598,533,623
2#26FU678#07062020#154348.jpg,152,28,car plate,283,602,435,630
2#26FU701#08062020#195001.jpg,156,28,car plate,458,612,614,640
2#26FU987#07062020#115131.jpg,157,26,car plate,500,596,657,622
2#26FV860#07062020#152737.jpg,151,26,car plate,688,576,839,602
2#26GA064#07062020#215307.jpg,157,26,car plate,476,615,633,641
2#26GA210#07062020#124557.jpg,148,27,car plate,833,541,981,568
2#26GA513#07062020#201242.jpg,152,27,car plate,608,566,760,593
2#26GA673#07062020#132128.jpg,152,26,car plate,646,565,798,591
2#26GA877#08062020#120248.jpg,163,28,car plate,617,595,780,623
2#26GA878#07062020#115624.jpg,161,25,car plate,460,565,621,590
2#26GA878#07062020#150525.jpg,148,25,car plate,534,470,682,495
2#26GA878#07062020#205020.jpg,163,28,car plate,601,613,764,641
2#26GA878#08062020#115733.jpg,161,27,car plate,561,587,722,614
2#26GA913#07062020#215335.jpg,153,26,car plate,670,607,823,633
2#26GB485#07062020#123431.jpg,158,27,car plate,866,593,1024,620
2#26GB899#08062020#194002.jpg,153,26,car plate,542,584,695,610
2#26GC016#08062020#194718.jpg,158,27,car plate,534,614,692,641
2#26GC022#08062020#133353.jpg,149,25,car plate,585,531,734,556
2#26GC024#07062020#122836.jpg,151,36,car plate,588,600,739,636
2#26GC307#07062020#114501.jpg,157,27,car plate,710,609,867,636
2#26GC315#07062020#180419.jpg,137,27,car plate,735,576,872,603
2#26GC486#07062020#180709.jpg,101,24,car plate,904,566,1005,590
2#26GC681#08062020#135552.jpg,156,27,car plate,366,632,522,659
2#26GC761#07062020#221050.jpg,150,26,car plate,700,585,850,611
2#26GC830#07062020#212927.jpg,158,25,car plate,649,613,807,638
2#26GD099#03062020#011914.jpg,151,23,car plate,643,561,794,584
2#26GD583#08062020#194004.jpg,153,26,car plate,730,570,883,596
2#26GD683#07062020#195343.jpg,157,24,car plate,378,626,535,650
2#26GD847#08062020#122341.jpg,140,25,car plate,878,478,1018,503
2#26GD899#08062020#192354.jpg,160,25,car plate,636,624,796,649
2#26GE575#08062020#122440.jpg,158,27,car plate,665,602,823,629
2#26GE604#07062020#152425.jpg,156,26,car plate,453,594,609,620
2#26GE646#07062020#150200.jpg,156,28,car plate,934,610,1090,638
2#26GE646#07062020#180152.jpg,132,24,car plate,1084,559,1216,583
2#26GE646#07062020#213031.jpg,153,26,car plate,441,587,594,613
2#26GE667#07062020#112515.jpg,149,25,car plate,568,539,717,564
2#26GE724#07062020#195722.jpg,148,26,car plate,637,553,785,579
2#26GF013#07062020#144349.jpg,151,27,car plate,376,578,527,605
2#26GF210#08062020#115349.jpg,158,25,car plate,522,634,680,659
2#26GF281#08062020#130150.jpg,157,26,car plate,517,616,674,642
2#26GF351#08062020#124015.jpg,149,25,car plate,523,566,672,591
2#26GG238#07062020#121025.jpg,153,28,car plate,318,563,471,591
2#26GG493#08062020#134035.jpg,156,26,car plate,409,602,565,628
2#26GH068#08062020#114819.jpg,152,27,car plate,734,564,886,591
2#26GH131#08062020#154241.jpg,150,27,car plate,634,573,784,600
2#26GH159#07062020#175757.jpg,136,28,car plate,490,588,626,616
2#26GH173#07062020#130834.jpg,153,27,car plate,571,582,724,609
2#26GH385#08062020#121405.jpg,157,26,car plate,713,606,870,632
2#26GH394#07062020#210539.jpg,153,26,car plate,821,562,974,588
2#26GH436#07062020#114428.jpg,156,25,car plate,394,571,550,596
2#26GH45#07062020#203645.jpg,157,26,car plate,817,584,974,610
2#26GH470#07062020#153726.jpg,156,27,car plate,516,600,672,627
2#26GH470#08062020#195511.jpg,160,28,car plate,478,654,638,682
2#26GH667#07062020#153324.jpg,157,26,car plate,357,599,514,625
2#26GJ180#08062020#122609.jpg,161,27,car plate,545,591,706,618
2#26GJ426#07062020#115548.jpg,149,25,car plate,697,558,846,583
2#26GJ594#07062020#113839.jpg,158,27,car plate,764,597,922,624
2#26GJ594#07062020#180752.jpg,124,27,car plate,694,577,818,604
2#26GJ594#07062020#204222.jpg,152,26,car plate,496,558,648,584
2#26GJ618#07062020#194429.jpg,150,27,car plate,674,556,824,583
2#26GJ983#08062020#133346.jpg,153,27,car plate,545,594,698,621
2#26GK292#08062020#122418.jpg,156,25,car plate,468,605,624,630
2#26GK679#07062020#161315.jpg,152,25,car plate,633,601,785,626
2#26GK893#07062020#194301.jpg,153,26,car plate,575,580,728,606
2#26GL006#08062020#135121.jpg,146,25,car plate,541,553,687,578
2#26GL402#08062020#124110.jpg,163,27,car plate,396,582,559,609
2#26GL653#08062020#115614.jpg,151,28,car plate,964,577,1115,605
2#26GL689#08062020#114333.jpg,152,25,car plate,825,570,977,595
2#26GL761#07062020#153512.jpg,151,26,car plate,368,575,519,601
2#26GM367#07062020#195348.jpg,156,27,car plate,551,589,707,616
2#26GM531#08062020#132334.jpg,152,27,car plate,575,621,727,648
2#26GM595#07062020#142500.jpg,157,26,car plate,530,581,687,607
2#26GM595#07062020#215922.jpg,151,25,car plate,482,532,633,557
2#26GM775#07062020#203109.jpg,150,25,car plate,613,552,763,577
2#26GM997#07062020#195356.jpg,150,27,car plate,663,562,813,589
2#26GN055#08062020#115642.jpg,156,26,car plate,783,616,939,642
2#26GN080#08062020#191259.jpg,146,26,car plate,441,514,587,540
2#26GN212#03062020#005143.jpg,145,24,car plate,601,559,746,583
2#26GN373#07062020#181852.jpg,140,26,car plate,612,609,752,635
2#26GN910#07062020#210311.jpg,153,27,car plate,661,564,814,591
2#26GN910#08062020#122600.jpg,156,27,car plate,807,572,963,599
2#26GN915#08062020#132823.jpg,152,25,car plate,449,592,601,617
2#26GP229#08062020#125529.jpg,152,26,car plate,536,557,688,583
2#26GP637#08062020#121100.jpg,151,25,car plate,526,573,677,598
2#26GP648#07062020#123753.jpg,153,25,car plate,456,606,609,631
2#26GP648#07062020#203040.jpg,149,25,car plate,675,549,824,574
2#26GR220#07062020#213116.jpg,151,25,car plate,372,576,523,601
2#26GR712#07062020#170552.jpg,137,27,car plate,600,610,737,637
2#26GR852#07062020#220248.jpg,151,26,car plate,452,547,603,573
2#26GR852#08062020#123810.jpg,153,27,car plate,632,594,785,621
2#26GS001#07062020#201034.jpg,152,28,car plate,565,608,717,636
2#26GS187#07062020#192438.jpg,153,27,car plate,442,604,595,631
2#26GS231#08062020#195303.jpg,160,27,car plate,567,644,727,671
2#26GS303#08062020#134619.jpg,150,27,car plate,681,585,831,612
2#26GS377#07062020#220226.jpg,156,26,car plate,642,590,798,616
2#26GS498#07062020#124435.jpg,158,27,car plate,543,604,701,631
2#26GS846#07062020#134659.jpg,151,24,car plate,694,562,845,586
2#26HC242#07062020#203919.jpg,148,26,car plate,444,590,592,616
2#26HE002#07062020#221059.jpg,159,26,car plate,423,586,582,612
2#26HF493#03062020#011811.jpg,144,25,car plate,611,492,755,517
2#26HG370#08062020#211323.jpg,132,25,car plate,544,604,676,629
2#26HK474#08062020#201540.jpg,134,25,car plate,444,636,578,661
2#26HN070#07062020#203503.jpg,153,28,car plate,709,583,862,611
2#26HP229#07062020#161408.jpg,150,27,car plate,435,583,585,610
2#26HP229#08062020#122937.jpg,150,26,car plate,521,570,671,596
2#26HP326#07062020#162336.jpg,151,26,car plate,708,561,859,587
2#26HR403#08062020#191552.jpg,156,27,car plate,566,601,722,628
2#26HS617#07062020#193332.jpg,141,26,car plate,534,568,675,594
2#26HS879#08062020#192658.jpg,148,26,car plate,712,598,860,624
2#26JAA002#07062020#130430.jpg,149,24,car plate,519,559,668,583
2#26JAA141#07062020#161442.jpg,142,24,car plate,516,487,658,511
2#26JAA16#07062020#195703.jpg,151,26,car plate,674,566,825,592
2#26JAA163#07062020#132846.jpg,148,27,car plate,930,609,1078,636
2#26JE998#08062020#195540.jpg,152,26,car plate,449,571,601,597
2#26KA004#08062020#122155.jpg,151,25,car plate,667,591,818,616
2#26KA264#07062020#123020.jpg,151,24,car plate,333,572,484,596
2#26KA264#08062020#121956.jpg,152,25,car plate,547,593,699,618
2#26KA534#07062020#201606.jpg,153,26,car plate,699,589,852,615
2#26KA634#07062020#134924.jpg,158,26,car plate,473,626,631,652
2#26KC760#07062020#154422.jpg,163,26,car plate,403,625,566,651
2#26KD453#07062020#125010.jpg,152,25,car plate,558,551,710,576
2#26KD453#07062020#221613.jpg,150,25,car plate,530,546,680,571
2#26KD742#08062020#192900.jpg,153,25,car plate,364,591,517,616
2#26KD889#03062020#010748.jpg,145,23,car plate,714,555,859,578
2#26KE011#07062020#210525.jpg,151,25,car plate,778,609,929,634
2#26KE700#07062020#134627.jpg,157,26,car plate,299,622,456,648
2#26KE802#08062020#171139.jpg,163,27,car plate,631,667,794,694
2#26KE802#08062020#190507.jpg,157,25,car plate,414,611,571,636
2#26KE802#08062020#190554.jpg,152,24,car plate,422,570,574,594
2#26KF450#07062020#124130.jpg,157,27,car plate,465,605,622,632
2#26KF450#07062020#135346.jpg,157,28,car plate,454,614,611,642
2#26KF831#07062020#153417.jpg,156,27,car plate,645,618,801,645
2#26KH484#07062020#214342.jpg,158,26,car plate,672,613,830,639
2#26KH878#07062020#142440.jpg,159,27,car plate,498,586,657,613
2#26KH878#07062020#153046.jpg,159,26,car plate,499,618,658,644
2#26KH939#08062020#193451.jpg,149,25,car plate,644,553,793,578
2#26KK109#08062020#132502.jpg,158,25,car plate,393,639,551,664
2#26KK703#07062020#194403.jpg,151,26,car plate,244,599,395,625
2#26KK903#08062020#195327.jpg,157,25,car plate,496,595,653,620
2#26KN420#07062020#152659.jpg,151,26,car plate,475,554,626,580
2#26KN616#07062020#203903.jpg,153,26,car plate,726,582,879,608
2#26KN789#07062020#194516.jpg,159,27,car plate,620,607,779,634
2#26KN915#08062020#131803.jpg,150,25,car plate,436,560,586,585
2#26KNTI#07062020#220534.jpg,134,25,car plate,692,401,826,426
2#26KP460#08062020#125819.jpg,156,26,car plate,666,617,822,643
2#26KP809#08062020#123601.jpg,160,27,car plate,710,584,870,611
2#26KR107#08062020#134916.jpg,156,26,car plate,532,634,688,660
2#26KR313#07062020#133238.jpg,162,29,car plate,519,609,681,638
2#26KR660#07062020#204051.jpg,152,26,car plate,466,554,618,580
2#26KS030#07062020#193912.jpg,157,25,car plate,503,586,660,611
2#26KS483#07062020#052046.jpg,144,26,car plate,354,531,498,557
2#26KS699#07062020#155945.jpg,150,25,car plate,736,568,886,593
2#26KT312#07062020#133308.jpg,158,26,car plate,376,611,534,637
2#26KT385#07062020#120524.jpg,151,25,car plate,354,577,505,602
2#26KT831#07062020#133903.jpg,151,26,car plate,425,610,576,636
2#26KU282#07062020#034945.jpg,149,26,car plate,48,591,197,617
2#26KU340#08062020#104908.jpg,136,25,car plate,74,638,210,663
2#26KU340#08062020#125024.jpg,135,26,car plate,1083,416,1218,442
2#26KU876#07062020#140453.jpg,156,27,car plate,689,606,845,633
2#26KV397#08062020#123535.jpg,152,24,car plate,564,593,716,617
2#26KV547#08062020#193312.jpg,162,28,car plate,744,664,906,692
2#26KV702#08062020#125433.jpg,152,25,car plate,415,595,567,620
2#26KV871#08062020#195507.jpg,157,26,car plate,500,640,657,666
2#26KY986#07062020#221801.jpg,158,26,car plate,514,601,672,627
2#26LA007#07062020#124219.jpg,156,27,car plate,633,607,789,634
2#26LA007#08062020#113622.jpg,153,28,car plate,762,623,915,651
2#26LA284#07062020#144028.jpg,158,25,car plate,219,593,377,618
2#26LA366#08062020#133446.jpg,150,29,car plate,811,553,961,582
2#26LA456#07062020#195757.jpg,150,25,car plate,402,548,552,573
2#26LA530#08062020#115656.jpg,152,25,car plate,557,619,709,644
2#26LA766#07062020#121723.jpg,152,25,car plate,563,585,715,610
2#26LC201#07062020#181412.jpg,134,25,car plate,632,614,766,639
2#26LC205#07062020#180846.jpg,137,26,car plate,535,611,672,637
2#26LC227#07062020#150425.jpg,152,27,car plate,680,586,832,613
2#26LC374#07062020#193936.jpg,150,25,car plate,455,560,605,585
2#26LC606#07062020#130243.jpg,158,24,car plate,507,609,665,633
2#26LC606#08062020#133839.jpg,158,26,car plate,795,623,953,649
2#26LC616#08062020#134140.jpg,156,25,car plate,577,588,733,613
2#26LC894#07062020#231706.jpg,148,26,car plate,455,561,603,587
2#26LC975#07062020#140015.jpg,152,26,car plate,665,573,817,599
2#26LD033#07062020#175749.jpg,140,28,car plate,524,600,664,628
2#26LD083#07062020#175825.jpg,133,27,car plate,546,566,679,593
2#26LD552#07062020#135506.jpg,150,27,car plate,625,565,775,592
2#26LD783#07062020#152313.jpg,156,27,car plate,636,630,792,657
2#26LD803#08062020#194746.jpg,152,26,car plate,856,580,1008,606
2#26LD813#07062020#205430.jpg,153,26,car plate,725,588,878,614
2#26LD838#07062020#153926.jpg,151,26,car plate,652,554,803,580
2#26LD940#08062020#191106.jpg,148,25,car plate,353,527,501,552
2#26LE124#07062020#175209.jpg,141,26,car plate,531,620,672,646
2#26LE361#07062020#220932.jpg,157,26,car plate,387,599,544,625
2#26LE393#08062020#191148.jpg,159,26,car plate,595,611,754,637
2#26LE411#08062020#193939.jpg,158,26,car plate,533,635,691,661
2#26LE753#07062020#152444.jpg,151,26,car plate,453,600,604,626
2#26LE826#07062020#192747.jpg,156,28,car plate,895,589,1051,617
2#26LF101#07062020#142341.jpg,152,26,car plate,450,608,602,634
2#26LF136#07062020#125559.jpg,161,26,car plate,524,583,685,609
2#26LF136#07062020#204145.jpg,161,26,car plate,555,598,716,624
2#26LF143#07062020#143559.jpg,152,25,car plate,501,586,653,611
2#26LF145#07062020#221409.jpg,152,27,car plate,677,559,829,586
2#26LF223#07062020#114344.jpg,156,26,car plate,453,585,609,611
2#26LF223#07062020#151854.jpg,158,29,car plate,879,625,1037,654
2#26LF223#08062020#150530.jpg,134,27,car plate,126,627,260,654
2#26LF298#07062020#140106.jpg,156,24,car plate,314,570,470,594
2#26LF381#07062020#135250.jpg,149,27,car plate,499,564,648,591
2#26LF384#07062020#162328.jpg,151,25,car plate,787,609,938,634
2#26LF543#07062020#132947.jpg,153,25,car plate,608,551,761,576
2#26LF626#07062020#161125.jpg,158,28,car plate,511,533,669,561
2#26LF636#07062020#132036.jpg,147,26,car plate,911,578,1058,604
2#26LF698#07062020#142854.jpg,152,24,car plate,590,585,742,609
2#26LF728#07062020#032816.jpg,147,26,car plate,463,570,610,596
2#26LF728#07062020#141825.jpg,149,26,car plate,526,551,675,577
2#26LF728#07062020#222012.jpg,156,26,car plate,585,623,741,649
2#26LF728#08062020#122232.jpg,153,27,car plate,589,609,742,636
2#26LF822#07062020#135155.jpg,159,27,car plate,603,607,762,634
2#26LF829#07062020#195656.jpg,152,26,car plate,493,567,645,593
2#26LF941#07062020#152759.jpg,148,26,car plate,598,532,746,558
2#26LF963#08062020#200027.jpg,156,27,car plate,637,593,793,620
2#26LG014#07062020#210403.jpg,156,28,car plate,996,623,1152,651
2#26LG023#07062020#132257.jpg,150,25,car plate,520,573,670,598
2#26LG112#07062020#202643.jpg,150,25,car plate,514,546,664,571
2#26MA0380#07062020#211434.jpg,157,28,car plate,608,619,765,647
2#26MA0916#07062020#160400.jpg,152,27,car plate,228,583,380,610
2#26MA268#07062020#203729.jpg,158,26,car plate,374,578,532,604
2#26NA527#07062020#213351.jpg,151,28,car plate,725,585,876,613
2#26NA623#07062020#150011.jpg,159,25,car plate,453,614,612,639
2#26NA928#07062020#215005.jpg,145,28,car plate,1033,568,1178,596
2#26NC169#07062020#125910.jpg,157,26,car plate,528,623,685,649
2#26NC169#07062020#220505.jpg,151,26,car plate,564,570,715,596
2#26NC245#07062020#113300.jpg,150,24,car plate,653,555,803,579
2#26NC245#08062020#123109.jpg,153,25,car plate,822,607,975,632
2#26NC496#07062020#154229.jpg,156,26,car plate,397,602,553,628
2#26NC496#08062020#171824.jpg,141,24,car plate,409,446,550,470
2#26NC496#08062020#191038.jpg,159,26,car plate,369,631,528,657
2#26ND112#07062020#212026.jpg,149,26,car plate,708,565,857,591
2#26ND191#07062020#145737.jpg,145,26,car plate,591,531,736,557
2#26ND215#07062020#200822.jpg,153,27,car plate,621,588,774,615
2#26ND237#08062020#203735.jpg,132,24,car plate,500,609,632,633
2#26ND370#07062020#160451.jpg,98,23,car plate,565,558,663,581
2#26ND411#08062020#193635.jpg,149,26,car plate,748,582,897,608
2#26ND529#08062020#114414.jpg,153,32,car plate,1001,615,1154,647
2#26NE059#07062020#220128.jpg,149,27,car plate,729,568,878,595
2#26NE082#07062020#153911.jpg,152,26,car plate,574,576,726,602
2#26NE240#08062020#120613.jpg,137,25,car plate,598,577,735,602
2#26NE321#08062020#122041.jpg,145,29,car plate,1062,556,1207,585
2#26NE415#03062020#145042.jpg,137,27,car plate,380,589,517,616
2#26NE604#07062020#145942.jpg,161,26,car plate,688,624,849,650
2#26NE604#07062020#181316.jpg,142,27,car plate,770,622,912,649
2#26NE604#07062020#205608.jpg,153,25,car plate,492,557,645,582
2#26NE771#07062020#213626.jpg,147,25,car plate,558,551,705,576
2#26NE843#08062020#134734.jpg,149,24,car plate,437,559,586,583
2#26NF296#07062020#155521.jpg,153,26,car plate,772,602,925,628
2#26NF372#07062020#214115.jpg,153,25,car plate,476,585,629,610
2#26NH40#08062020#121009.jpg,162,27,car plate,389,581,551,608
2#26NH421#07062020#120852.jpg,152,28,car plate,511,599,663,627
2#26NH483#08062020#200259.jpg,149,26,car plate,772,573,921,599
2#26NH980#07062020#114146.jpg,152,26,car plate,811,583,963,609
2#26NIV40#08062020#131339.jpg,163,27,car plate,455,609,618,636
2#26NK035#08062020#194727.jpg,142,26,car plate,597,659,739,685
2#26NK106#07062020#195903.jpg,161,27,car plate,380,557,541,584
2#26NK173#07062020#194345.jpg,156,25,car plate,384,540,540,565
2#26NL242#07062020#170440.jpg,134,27,car plate,664,576,798,603
2#26NL538#07062020#125857.jpg,150,28,car plate,1089,596,1239,624
2#26NL538#07062020#210244.jpg,153,26,car plate,638,575,791,601
2#26NL601#07062020#114841.jpg,151,27,car plate,782,609,933,636
2#26NL685#08062020#134039.jpg,152,26,car plate,523,593,675,619
2#26NP137#07062020#122631.jpg,151,25,car plate,504,555,655,580
2#26NP408#07062020#131858.jpg,153,25,car plate,801,605,954,630
2#26NP518#07062020#160357.jpg,149,26,car plate,573,601,722,627
2#26NP691#07062020#170447.jpg,136,25,car plate,578,625,714,650
2#26NR609#08062020#121621.jpg,153,25,car plate,521,585,674,610
2#26NR757#07062020#200335.jpg,151,26,car plate,717,582,868,608
2#26NR935#07062020#180029.jpg,137,26,car plate,467,610,604,636
2#26NS568#07062020#124633.jpg,148,26,car plate,859,604,1007,630
2#26NT014#07062020#220558.jpg,149,26,car plate,587,545,736,571
2#26NT287#08062020#132019.jpg,158,25,car plate,411,637,569,662
2#26NT880#07062020#205609.jpg,153,28,car plate,721,585,874,613
2#26NT919#07062020#152400.jpg,152,25,car plate,429,596,581,621
2#26NU007#07062020#152422.jpg,156,26,car plate,668,582,824,608
2#26NU357#07062020#201906.jpg,156,28,car plate,456,596,612,624
2#26NU951#08062020#123946.jpg,157,26,car plate,430,630,587,656
2#26NV502#08062020#131952.jpg,151,28,car plate,714,574,865,602
2#26NY118#07062020#162231.jpg,152,26,car plate,425,572,577,598
2#26NY671#08062020#192003.jpg,149,25,car plate,1080,592,1229,617
2#26NY784#07062020#160726.jpg,156,27,car plate,558,589,714,616
2#26NZ059#07062020#145429.jpg,156,26,car plate,829,623,985,649
2#26NZ147#07062020#153113.jpg,160,27,car plate,386,558,546,585
2#26NZ254#07062020#220846.jpg,156,26,car plate,338,603,494,629
2#26NZ317#08062020#200418.jpg,158,26,car plate,870,631,1028,657
2#26NZ443#07062020#205812.jpg,158,25,car plate,485,619,643,644
2#26NZ593#08062020#193525.jpg,160,27,car plate,178,658,338,685
2#26PA653#07062020#200248.jpg,151,25,car plate,454,541,605,566
2#26PA734#07062020#141119.jpg,153,29,car plate,483,616,636,645
2#26PA791#07062020#150229.jpg,145,28,car plate,458,533,603,561
2#26PA931#07062020#202141.jpg,156,26,car plate,471,629,627,655
2#26PC474#08062020#122949.jpg,152,24,car plate,642,581,794,605
2#26PC529#07062020#115558.jpg,152,26,car plate,532,595,684,621
2#26PC639#07062020#221400.jpg,151,25,car plate,775,564,926,589
2#26PC671#08062020#133915.jpg,153,29,car plate,500,614,653,643
2#26PC900#07062020#215701.jpg,159,27,car plate,425,559,584,586
2#26PD033#07062020#131037.jpg,145,26,car plate,869,541,1014,567
2#26PD207#07062020#182210.jpg,132,25,car plate,520,536,652,561
2#26PD547#07062020#135254.jpg,156,26,car plate,604,598,760,624
2#26PD858#08062020#194244.jpg,161,28,car plate,739,665,900,693
2#26PE885#08062020#192004.jpg,161,25,car plate,565,655,726,680
2#26PF623#07062020#194632.jpg,153,26,car plate,651,592,804,618
2#26PF847#07062020#131127.jpg,157,27,car plate,562,619,719,646
2#26PF957#07062020#195102.jpg,149,27,car plate,348,562,497,589
2#26PH187#08062020#191705.jpg,160,25,car plate,449,656,609,681
2#26PH677#07062020#181215.jpg,121,24,car plate,825,589,946,613
2#26PK589#03062020#003744.jpg,80,24,car plate,362,572,442,596
2#26PK662#07062020#142557.jpg,152,28,car plate,368,568,520,596
2#26PK707#03062020#010044.jpg,147,26,car plate,663,522,810,548
2#26PK909#07062020#210132.jpg,149,25,car plate,440,569,589,594
2#26PL457#07062020#120412.jpg,156,27,car plate,482,624,638,651
2#26PN511#08062020#132033.jpg,141,25,car plate,630,485,771,510
2#26PN767#07062020#143924.jpg,157,26,car plate,438,624,595,650
2#26PP208#07062020#200348.jpg,153,26,car plate,643,609,796,635
2#26PP403#03062020#010314.jpg,129,25,car plate,589,559,718,584
2#26PP665#07062020#155049.jpg,153,27,car plate,677,608,830,635
2#26PR191#08062020#135351.jpg,148,24,car plate,591,568,739,592
2#26PR259#07062020#153249.jpg,158,27,car plate,689,602,847,629
2#26PR822#07062020#160333.jpg,148,25,car plate,708,537,856,562
2#26PR861#07062020#141909.jpg,148,26,car plate,444,552,592,578
2#26PR917#07062020#122035.jpg,156,26,car plate,608,591,764,617
2#26PS454#08062020#194720.jpg,160,25,car plate,530,640,690,665
2#26PS965#07062020#060639.jpg,151,25,car plate,369,600,520,625
2#26PT177#07062020#143317.jpg,156,27,car plate,518,596,674,623
2#26PT177#07062020#220607.jpg,156,27,car plate,620,593,776,620
2#26PT286#07062020#134431.jpg,148,26,car plate,586,547,734,573
2#26PT591#08062020#194558.jpg,147,27,car plate,590,562,737,589
2#26PT788#08062020#195326.jpg,151,26,car plate,233,574,384,600
2#26PT821#08062020#132215.jpg,142,26,car plate,904,515,1046,541
2#26PU016#07062020#133418.jpg,159,27,car plate,812,587,971,614
2#26PU210#07062020#154430.jpg,162,27,car plate,425,584,587,611
2#26PU241#07062020#131610.jpg,156,26,car plate,550,622,706,648
2#26PU445#07062020#202809.jpg,156,27,car plate,552,578,708,605
2#26PV079#07062020#145438.jpg,147,25,car plate,512,558,659,583
2#26PV150#07062020#131252.jpg,157,26,car plate,634,615,791,641
2#26PV290#07062020#150439.jpg,153,27,car plate,755,581,908,608
2#26PV350#07062020#220040.jpg,151,27,car plate,988,558,1139,585
2#26PV359#07062020#140412.jpg,153,25,car plate,607,576,760,601
2#26PV664#07062020#205317.jpg,147,27,car plate,598,539,745,566
2#26PV996#08062020#191835.jpg,160,26,car plate,358,642,518,668
2#26PY103#07062020#140112.jpg,160,27,car plate,456,565,616,592
2#26PY103#07062020#210314.jpg,165,27,car plate,622,607,787,634
2#26RA046#07062020#061903.jpg,144,24,car plate,418,548,562,572
2#26RA046#07062020#141536.jpg,152,28,car plate,716,615,868,643
2#26RA046#07062020#155307.jpg,153,27,car plate,651,624,804,651
2#26RA450#07062020#145128.jpg,150,26,car plate,354,563,504,589
2#26RA549#08062020#132059.jpg,152,25,car plate,583,557,735,582
2#26RA550#07062020#160314.jpg,157,27,car plate,852,623,1009,650
2#26RA771#07062020#123348.jpg,158,27,car plate,698,559,856,586
2#26RA810#07062020#122217.jpg,148,24,car plate,571,564,719,588
2#26RC144#08062020#120657.jpg,164,27,car plate,393,607,557,634
2#26RC144#08062020#131940.jpg,166,28,car plate,394,626,560,654
2#26RC386#07062020#143454.jpg,150,25,car plate,592,565,742,590
2#26RC462#08062020#133415.jpg,158,27,car plate,568,602,726,629
2#26RC561#08062020#130231.jpg,146,28,car plate,994,544,1140,572
2#26RD051#07062020#205108.jpg,153,26,car plate,631,599,784,625
2#26RD707#07062020#132346.jpg,160,27,car plate,499,614,659,641
2#26RD994#08062020#130857.jpg,151,24,car plate,674,590,825,614
2#26RE040#07062020#210252.jpg,160,25,car plate,437,625,597,650
2#26RE354#07062020#202843.jpg,152,24,car plate,588,573,740,597
2#26RE765#07062020#154452.jpg,156,25,car plate,677,614,833,639
2#26RF182#08062020#133205.jpg,153,25,car plate,773,595,926,620
2#26RF243#07062020#144815.jpg,150,27,car plate,841,552,991,579
2#26RF243#07062020#211116.jpg,157,25,car plate,260,624,417,649
2#26RF243#08062020#192540.jpg,159,25,car plate,451,627,610,652
2#26RF256#07062020#145049.jpg,156,24,car plate,483,614,639,638
2#26RF572#08062020#120234.jpg,163,28,car plate,731,641,894,669
2#26RH113#07062020#182545.jpg,121,26,car plate,803,612,924,638
2#26RH216#07062020#204535.jpg,152,27,car plate,1028,621,1180,648
2#26RH216#07062020#222634.jpg,165,32,car plate,454,618,619,650
2#26RH719#08062020#115055.jpg,157,26,car plate,784,646,941,672
2#26RH868#07062020#130749.jpg,152,23,car plate,444,567,596,590
2#26RH868#08062020#123108.jpg,156,23,car plate,540,602,696,625
2#26RK035#07062020#220910.jpg,153,24,car plate,675,584,828,608
2#26RK072#08062020#124944.jpg,153,24,car plate,565,579,718,603
2#26RK550#07062020#215041.jpg,147,26,car plate,1087,546,1234,572
2#26RK836#07062020#151442.jpg,148,24,car plate,703,563,851,587
2#26RK970#07062020#203139.jpg,157,25,car plate,497,612,654,637
2#26RL008#07062020#193512.jpg,146,24,car plate,473,508,619,532
2#26RL099#07062020#195047.jpg,158,24,car plate,553,603,711,627
2#26RL151#08062020#114835.jpg,144,24,car plate,538,506,682,530
2#26RL327#07062020#221600.jpg,152,26,car plate,244,607,396,633
2#26RL575#07062020#194948.jpg,150,24,car plate,565,575,715,599
2#26RL707#07062020#161349.jpg,140,26,car plate,348,593,488,619
2#26RL742#07062020#130649.jpg,156,28,car plate,484,555,640,583
2#26RL909#07062020#160547.jpg,159,25,car plate,506,629,665,654
2#26RL956#07062020#202800.jpg,151,26,car plate,514,553,665,579
2#26RN075#07062020#204949.jpg,159,26,car plate,372,604,531,630
2#26RN169#07062020#202449.jpg,148,25,car plate,589,554,737,579
2#26RN197#07062020#151611.jpg,161,26,car plate,662,614,823,640
2#26RN339#07062020#114135.jpg,153,25,car plate,502,575,655,600
2#26RN525#07062020#213555.jpg,152,26,car plate,412,563,564,589
2#26RN700#08062020#133501.jpg,153,23,car plate,481,581,634,604
2#26RP135#03062020#004802.jpg,137,23,car plate,663,479,800,502
2#26RP277#08062020#125115.jpg,156,26,car plate,872,612,1028,638
2#26RP616#08062020#135127.jpg,161,26,car plate,584,587,745,613
2#26RP892#07062020#152248.jpg,150,25,car plate,741,560,891,585
2#26RR295#07062020#113638.jpg,157,26,car plate,689,589,846,615
2#26RR334#07062020#112709.jpg,158,28,car plate,626,618,784,646
2#26RS359#07062020#132804.jpg,163,29,car plate,506,607,669,636
2#26RS417#07062020#213459.jpg,150,24,car plate,453,554,603,578
2#26RS435#07062020#195550.jpg,158,26,car plate,557,616,715,642
2#26RS517#07062020#170059.jpg,136,27,car plate,394,588,530,615
2#26RS711#07062020#134622.jpg,148,25,car plate,655,545,803,570
2#26RT108#08062020#133637.jpg,156,27,car plate,751,589,907,616
2#26RT108#08062020#192721.jpg,159,26,car plate,527,619,686,645
2#26RT621#08062020#123534.jpg,159,25,car plate,428,636,587,661
2#26RT768#08062020#171412.jpg,152,25,car plate,655,574,807,599
2#26RT768#08062020#190828.jpg,158,26,car plate,653,623,811,649
2#26RU291#08062020#193112.jpg,148,26,car plate,817,615,965,641
2#26RU348#05062020#104051.jpg,215,32,car plate,742,640,957,672
2#26RU508#07062020#124509.jpg,150,25,car plate,485,567,635,592
2#26RU539#08062020#120836.jpg,151,24,car plate,402,575,553,599
2#26RU766#07062020#155110.jpg,150,25,car plate,615,557,765,582
2#26RU860#08062020#191607.jpg,153,25,car plate,620,606,773,631
2#26RV060#08062020#125720.jpg,152,24,car plate,574,581,726,605
2#26RY044#07062020#201852.jpg,150,25,car plate,561,561,711,586
2#26RY559#07062020#204746.jpg,151,24,car plate,631,557,782,581
2#26RY609#08062020#123526.jpg,160,27,car plate,454,584,614,611
2#26RY609#08062020#132004.jpg,156,26,car plate,489,536,645,562
2#26RZ764#03062020#003931.jpg,143,25,car plate,618,502,761,527
2#26RZ864#07062020#160034.jpg,151,24,car plate,439,588,590,612
2#26S0046#07062020#212420.jpg,152,25,car plate,419,555,571,580
2#26S0067#07062020#215730.jpg,152,25,car plate,583,592,735,617
2#26S0123#08062020#195945.jpg,147,26,car plate,677,534,824,560
2#26S0143#07062020#204749.jpg,159,26,car plate,661,615,820,641
2#26S0685#07062020#161744.jpg,160,26,car plate,515,625,675,651
2#26S0932#07062020#213837.jpg,158,27,car plate,503,620,661,647
2#26S1162#07062020#112447.jpg,158,25,car plate,385,618,543,643
2#26S1322#07062020#220158.jpg,156,28,car plate,612,593,768,621
2#26S1351#07062020#215612.jpg,151,26,car plate,467,603,618,629
2#26S1352#07062020#162338.jpg,149,27,car plate,1021,555,1170,582
2#26S6000#07062020#152614.jpg,148,24,car plate,802,541,950,565
2#26S6026#07062020#152445.jpg,153,24,car plate,711,593,864,617
2#26S6060#07062020#152601.jpg,153,27,car plate,340,562,493,589
2#26S6060#08062020#134609.jpg,162,28,car plate,512,641,674,669
2#26S6067#07062020#162054.jpg,148,26,car plate,435,516,583,542
2#26S6090#07062020#153327.jpg,160,26,car plate,557,611,717,637
2#26S6090#08062020#134858.jpg,159,26,car plate,530,603,689,629
2#26S6100#07062020#153443.jpg,150,26,car plate,693,550,843,576
2#26S6100#08062020#134652.jpg,160,26,car plate,535,635,695,661
2#26S6104#07062020#153012.jpg,162,26,car plate,526,616,688,642
2#26S6104#08062020#134632.jpg,160,27,car plate,507,611,667,638
2#26S6105#07062020#152742.jpg,162,26,car plate,513,626,675,652
2#26S6107#07062020#152805.jpg,153,26,car plate,729,557,882,583
2#26S6107#08062020#134640.jpg,153,26,car plate,464,569,617,595
2#26SA416#07062020#194043.jpg,151,26,car plate,739,574,890,600
2#26SA722#07062020#211438.jpg,152,27,car plate,613,590,765,617
2#26SA762#05062020#100902.jpg,163,25,car plate,768,448,931,473
2#26SA769#07062020#161905.jpg,150,25,car plate,622,563,772,588
2#26SC332#07062020#193920.jpg,157,25,car plate,587,598,744,623
2#26SC359#07062020#175248.jpg,140,26,car plate,352,600,492,626
2#26SC541#07062020#195745.jpg,148,26,car plate,517,558,665,584
2#26SC560#07062020#114410.jpg,157,24,car plate,537,579,694,603
2#26SC865#08062020#135658.jpg,147,26,car plate,690,516,837,542
2#26SD108#07062020#161710.jpg,156,27,car plate,777,600,933,627
2#26SD537#07062020#122401.jpg,149,23,car plate,677,565,826,588
2#26SE080#08062020#121012.jpg,145,27,car plate,1067,539,1212,566
2#26SE736#07062020#135808.jpg,156,25,car plate,630,586,786,611
2#26SE826#08062020#200445.jpg,156,27,car plate,616,597,772,624
2#26SE841#08062020#192414.jpg,158,26,car plate,506,653,664,679
2#26SF059#07062020#180021.jpg,126,27,car plate,569,603,695,630
2#26SF059#07062020#211401.jpg,157,26,car plate,612,590,769,616
2#26SF128#08062020#133144.jpg,158,25,car plate,475,607,633,632
2#26SF156#07062020#151146.jpg,158,28,car plate,491,610,649,638
2#26SF173#07062020#193801.jpg,152,25,car plate,661,586,813,611
2#26SF740#08062020#191427.jpg,161,26,car plate,640,663,801,689
2#26SF925#07062020#214029.jpg,130,25,car plate,772,558,902,583
2#26SH152#07062020#145537.jpg,152,26,car plate,450,591,602,617
2#26SH152#08062020#133326.jpg,152,26,car plate,553,598,705,624
2#26SH599#07062020#153257.jpg,150,26,car plate,907,551,1057,577
2#26SH717#07062020#201750.jpg,147,28,car plate,694,521,841,549
2#26SH726#07062020#141542.jpg,159,25,car plate,403,612,562,637
2#26SH926#07062020#140712.jpg,158,26,car plate,522,575,680,601
2#26SH926#07062020#162640.jpg,160,26,car plate,392,622,552,648
2#26SH926#07062020#203118.jpg,156,25,car plate,499,557,655,582
2#26SH971#08062020#122737.jpg,156,27,car plate,725,624,881,651
2#26SK113#07062020#221608.jpg,156,25,car plate,554,603,710,628
2#26SK218#07062020#205309.jpg,153,25,car plate,292,600,445,625
2#26SK305#08062020#192002.jpg,163,27,car plate,564,662,727,689
2#26SK367#08062020#192823.jpg,159,27,car plate,652,644,811,671
2#26SK540#07062020#150940.jpg,160,27,car plate,584,566,744,593
2#26SK816#08062020#123941.jpg,158,26,car plate,566,595,724,621
2#26SK861#08062020#193637.jpg,151,24,car plate,663,564,814,588
2#26SL191#07062020#115811.jpg,148,25,car plate,611,597,759,622
2#26SL191#07062020#210228.jpg,147,25,car plate,417,571,564,596
2#26SL299#07062020#205039.jpg,162,26,car plate,713,594,875,620
2#26SL451#08062020#192019.jpg,145,24,car plate,592,522,737,546
2#26SL685#07062020#203757.jpg,156,24,car plate,470,587,626,611
2#26SL842#03062020#011546.jpg,149,25,car plate,670,558,819,583
2#26SN358#07062020#113525.jpg,156,25,car plate,656,588,812,613
2#26SN411#08062020#123944.jpg,149,25,car plate,452,561,601,586
2#26SN471#07062020#125842.jpg,152,26,car plate,493,594,645,620
2#26SN627#08062020#132958.jpg,160,27,car plate,16,640,176,667
2#26SN706#08062020#191927.jpg,149,24,car plate,596,581,745,605
2#26SN754#07062020#145247.jpg,151,27,car plate,612,564,763,591
2#26SP579#07062020#150213.jpg,152,27,car plate,411,585,563,612
2#26SR118#07062020#162328.jpg,151,26,car plate,606,546,757,572
2#26SR465#08062020#210748.jpg,119,24,car plate,431,611,550,635
2#26SR722#07062020#114747.jpg,147,26,car plate,615,525,762,551
2#26SR722#07062020#182102.jpg,137,25,car plate,505,610,642,635
2#26SR722#07062020#203003.jpg,150,27,car plate,575,560,725,587
2#26SS024#08062020#115518.jpg,145,25,car plate,535,589,680,614
2#26SS050#07062020#115953.jpg,163,28,car plate,656,579,819,607
2#26SS102#07062020#195215.jpg,151,25,car plate,479,569,630,594
2#26SS102#08062020#120500.jpg,157,24,car plate,542,613,699,637
2#26SS261#08062020#195629.jpg,127,26,car plate,1115,364,1242,390
2#26SS587#07062020#201319.jpg,156,25,car plate,446,561,602,586
2#26SS875#07062020#205807.jpg,157,25,car plate,562,592,719,617
2#26ST569#07062020#201520.jpg,157,26,car plate,458,602,615,628
2#26ST646#07062020#130253.jpg,151,28,car plate,634,567,785,595
2#26ST646#07062020#170308.jpg,136,23,car plate,584,591,720,614
2#26ST724#07062020#124518.jpg,149,25,car plate,696,547,845,572
2#26ST724#07062020#215251.jpg,156,26,car plate,478,603,634,629
2#26ST724#08062020#120144.jpg,148,25,car plate,659,533,807,558
2#26SU050#07062020#203337.jpg,160,28,car plate,474,616,634,644
2#26SU249#07062020#165422.jpg,133,25,car plate,568,591,701,616
2#26SU385#07062020#152113.jpg,156,24,car plate,562,590,718,614
2#26SU794#07062020#123154.jpg,159,25,car plate,562,606,721,631
2#26SU794#07062020#170321.jpg,136,27,car plate,496,594,632,621
2#26SV307#07062020#215740.jpg,151,27,car plate,718,566,869,593
2#26SV667#08062020#122615.jpg,156,25,car plate,422,594,578,619
2#26SY029#07062020#121656.jpg,150,24,car plate,667,546,817,570
2#26SY435#08062020#171151.jpg,151,27,car plate,623,573,774,600
2#26SY435#08062020#190520.jpg,147,26,car plate,624,528,771,554
2#26SY435#08062020#190607.jpg,158,27,car plate,621,621,779,648
2#26SY517#08062020#124509.jpg,158,26,car plate,617,621,775,647
2#26SY575#07062020#114614.jpg,151,25,car plate,516,539,667,564
2#26SY612#07062020#200512.jpg,159,25,car plate,415,612,574,637
2#26SZ211#07062020#161308.jpg,145,25,car plate,502,555,647,580
2#26SZ211#08062020#125543.jpg,150,27,car plate,490,590,640,617
2#26SZ228#07062020#162029.jpg,157,25,car plate,563,602,720,627
2#26SZ636#07062020#115441.jpg,150,26,car plate,994,554,1144,580
2#26SZ636#08062020#121338.jpg,158,25,car plate,646,614,804,639
2#26SZ963#08062020#114740.jpg,148,25,car plate,634,571,782,596
2#26T0096#07062020#144510.jpg,149,26,car plate,823,542,972,568
2#26T0162#08062020#121726.jpg,151,27,car plate,768,572,919,599
2#26T0190#07062020#153251.jpg,149,27,car plate,1024,550,1173,577
2#26T0316#07062020#144459.jpg,151,26,car plate,923,578,1074,604
2#26T0321#07062020#150131.jpg,151,25,car plate,312,577,463,602
2#26TA292#07062020#215907.jpg,157,26,car plate,402,597,559,623
2#26TA306#08062020#120227.jpg,153,27,car plate,479,589,632,616
2#26TA448#07062020#212545.jpg,152,28,car plate,746,565,898,593
2#26TA558#08062020#193807.jpg,156,26,car plate,568,595,724,621
2#26TC880#07062020#140822.jpg,152,26,car plate,660,582,812,608
2#26TC880#07062020#161033.jpg,156,26,car plate,561,607,717,633
2#26TD615#07062020#140355.jpg,150,26,car plate,484,570,634,596
2#26TE099#07062020#220906.jpg,151,26,car plate,812,568,963,594
2#26TE505#07062020#222043.jpg,149,25,car plate,787,561,936,586
2#26TF105#07062020#203511.jpg,159,26,car plate,439,595,598,621
2#26TF952#07062020#192242.jpg,149,25,car plate,736,536,885,561
2#26TH130#07062020#165709.jpg,124,27,car plate,440,625,564,652
2#26TH2491#08062020#110518.jpg,141,25,car plate,426,628,567,653
2#26TH588#07062020#145909.jpg,163,27,car plate,475,613,638,640
2#26TH627#07062020#154735.jpg,150,23,car plate,482,587,632,610
2#26TH650#07062020#210321.jpg,156,27,car plate,501,589,657,616
2#26TK605#08062020#131921.jpg,158,26,car plate,362,622,520,648
2#26TK991#07062020#205603.jpg,144,25,car plate,726,514,870,539
2#26TL054#07062020#192508.jpg,153,26,car plate,710,588,863,614
2#26TL189#07062020#140740.jpg,151,25,car plate,631,551,782,576
2#26TL286#07062020#120019.jpg,151,25,car plate,790,608,941,633
2#26TL499#07062020#161055.jpg,156,26,car plate,547,596,703,622
2#26TL657#07062020#124319.jpg,149,25,car plate,870,547,1019,572
2#26TL657#07062020#204604.jpg,146,28,car plate,1085,512,1231,540
2#26TL787#07062020#153555.jpg,158,26,car plate,552,558,710,584
2#26TL814#03062020#010334.jpg,134,24,car plate,742,434,876,458
2#26TN418#08062020#194322.jpg,161,28,car plate,866,658,1027,686
2#26TN822#08062020#200453.jpg,159,28,car plate,429,645,588,673
2#26TN831#07062020#130242.jpg,151,26,car plate,435,589,586,615
2#26TP382#07062020#140440.jpg,158,25,car plate,602,619,760,644
2#26TP449#08062020#125020.jpg,151,26,car plate,731,573,882,599
2#26TP539#07062020#135550.jpg,156,28,car plate,669,612,825,640
2#26TP629#08062020#120847.jpg,152,25,car plate,884,594,1036,619
2#26TP858#07062020#113509.jpg,158,25,car plate,599,594,757,619
2#26TP946#08062020#132435.jpg,148,26,car plate,562,531,710,557
2#26TR279#07062020#202003.jpg,157,26,car plate,593,622,750,648
2#26TR449#07062020#160437.jpg,157,26,car plate,631,603,788,629
2#26TR939#08062020#131503.jpg,153,26,car plate,632,570,785,596
2#26TS365#08062020#193203.jpg,153,26,car plate,636,598,789,624
2#26TS416#07062020#124203.jpg,152,25,car plate,521,580,673,605
2#26TS416#07062020#210644.jpg,152,25,car plate,601,575,753,600
2#26TS466#08062020#200430.jpg,151,25,car plate,536,603,687,628
2#26TS508#07062020#132910.jpg,149,27,car plate,587,555,736,582
2#26TS724#07062020#123540.jpg,149,26,car plate,585,527,734,553
2#26TS821#07062020#160354.jpg,150,26,car plate,601,566,751,592
2#26TS857#07062020#213024.jpg,152,27,car plate,471,569,623,596
2#26TT062#07062020#214703.jpg,157,25,car plate,595,611,752,636
2#26TT456#07062020#140457.jpg,153,24,car plate,606,625,759,649
2#26TT482#07062020#144111.jpg,159,26,car plate,462,572,621,598
2#26TT618#07062020#205051.jpg,158,26,car plate,496,616,654,642
2#26TT622#07062020#121505.jpg,153,26,car plate,612,579,765,605
2#26TT927#07062020#212009.jpg,158,26,car plate,511,613,669,639
2#26TT996#08062020#131458.jpg,149,24,car plate,735,548,884,572
2#26TU063#08062020#132330.jpg,157,27,car plate,786,626,943,653
2#26TU242#07062020#134950.jpg,148,26,car plate,671,545,819,571
2#26TU244#07062020#132029.jpg,152,27,car plate,651,571,803,598
2#26TU288#08062020#135426.jpg,153,25,car plate,122,577,275,602
2#26TU545#07062020#122030.jpg,158,26,car plate,507,606,665,632
2#26TU968#07062020#160109.jpg,157,24,car plate,443,601,600,625
2#26TV453#07062020#215627.jpg,148,26,car plate,585,543,733,569
2#26TV453#08062020#125840.jpg,153,25,car plate,623,596,776,621
2#26TV724#08062020#194151.jpg,151,25,car plate,560,575,711,600
2#26TV957#07062020#130628.jpg,149,24,car plate,610,580,759,604
2#26TY361#07062020#141341.jpg,156,27,car plate,417,614,573,641
2#26TY881#07062020#204218.jpg,150,24,car plate,405,584,555,608
2#26TY927#08062020#125023.jpg,158,25,car plate,403,611,561,636
2#26TZ044#08062020#133809.jpg,152,26,car plate,549,573,701,599
2#26TZ178#08062020#191914.jpg,153,25,car plate,424,594,577,619
2#26TZ374#08062020#120258.jpg,153,27,car plate,954,605,1107,632
2#26TZ457#07062020#205407.jpg,150,26,car plate,475,556,625,582
2#26TZ502#07062020#220353.jpg,158,26,car plate,560,621,718,647
2#26TZ599#07062020#151821.jpg,158,26,car plate,363,609,521,635
2#26UA110#07062020#180151.jpg,137,28,car plate,478,590,615,618
2#26UA110#07062020#220924.jpg,151,25,car plate,615,560,766,585
2#26UA351#08062020#120130.jpg,153,26,car plate,661,613,814,639
2#26UA560#07062020#192739.jpg,161,27,car plate,609,605,770,632
2#26UA625#07062020#221151.jpg,151,27,car plate,587,571,738,598
2#26UA739#07062020#142840.jpg,158,24,car plate,606,623,764,647
2#26UA749#07062020#131912.jpg,157,26,car plate,644,590,801,616
2#26UA949#08062020#123104.jpg,157,25,car plate,528,601,685,626
2#26UA969#07062020#154158.jpg,151,25,car plate,535,549,686,574
2#26UA969#08062020#132119.jpg,152,25,car plate,477,586,629,611
2#26UC199#03062020#002742.jpg,177,27,car plate,339,557,516,584
2#26UC233#07062020#112756.jpg,156,25,car plate,730,587,886,612
2#26UC658#07062020#123634.jpg,153,26,car plate,940,583,1093,609
2#26UC725#07062020#214325.jpg,156,26,car plate,149,557,305,583
2#26UD092#08062020#142037.jpg,133,25,car plate,702,602,835,627
2#26UD729#08062020#192215.jpg,149,27,car plate,860,550,1009,577
2#26UD752#07062020#132811.jpg,156,26,car plate,718,575,874,601
2#26UE002#07062020#115513.jpg,150,24,car plate,441,520,591,544
2#26UE319#08062020#192725.jpg,159,25,car plate,601,631,760,656
2#26UE375#07062020#162540.jpg,149,24,car plate,655,553,804,577
2#26UE409#07062020#161830.jpg,157,25,car plate,101,619,258,644
2#26UE409#07062020#210502.jpg,153,26,car plate,792,592,945,618
2#26UE489#07062020#212518.jpg,153,25,car plate,801,585,954,610
2#26UE759#07062020#194218.jpg,158,27,car plate,615,623,773,650
2#26UE780#07062020#113118.jpg,158,25,car plate,572,624,730,649
2#26UF056#07062020#143847.jpg,156,26,car plate,532,575,688,601
2#26UF925#08062020#120212.jpg,153,25,car plate,736,570,889,595
2#26UH112#07062020#115336.jpg,147,28,car plate,1055,561,1202,589
2#26UH405#07062020#150922.jpg,146,27,car plate,981,522,1127,549
2#26UH806#07062020#114011.jpg,157,26,car plate,697,606,854,632
2#26UK391#08062020#204900.jpg,75,24,car plate,139,631,214,655
2#26UK749#07062020#201708.jpg,152,23,car plate,418,583,570,606
2#26UK749#08062020#123451.jpg,151,24,car plate,545,579,696,603
2#26UL016#07062020#134002.jpg,161,27,car plate,481,578,642,605
2#26UL016#07062020#151338.jpg,166,27,car plate,558,608,724,635
2#26UL016#07062020#162539.jpg,160,27,car plate,471,551,631,578
2#26UL016#07062020#180430.jpg,140,28,car plate,608,536,748,564
2#26UL016#08062020#120457.jpg,164,28,car plate,433,606,597,634
2#26UL860#07062020#132434.jpg,151,26,car plate,806,574,957,600
2#26UN687#08062020#141022.jpg,130,24,car plate,397,543,527,567
2#26UN872#07062020#165728.jpg,136,27,car plate,530,621,666,648
2#26UN990#08062020#130006.jpg,150,26,car plate,692,555,842,581
2#26UP107#07062020#153319.jpg,153,25,car plate,479,592,632,617
2#26UP383#07062020#204146.jpg,159,26,car plate,754,589,913,615
2#26UP438#08062020#190529.jpg,150,25,car plate,499,547,649,572
2#26UP919#08062020#114340.jpg,158,26,car plate,698,614,856,640
2#26UR453#07062020#115242.jpg,150,26,car plate,549,525,699,551
2#26UR648#08062020#121316.jpg,162,27,car plate,674,643,836,670
2#26UR834#08062020#200443.jpg,153,26,car plate,715,582,868,608
2#26UR835#07062020#124750.jpg,159,27,car plate,784,627,943,654
2#26UR840#07062020#194436.jpg,160,26,car plate,530,619,690,645
2#26UR902#07062020#122433.jpg,153,27,car plate,743,591,896,618
2#26UR971#07062020#120307.jpg,149,26,car plate,642,566,791,592
2#26UR971#07062020#141117.jpg,149,26,car plate,488,560,637,586
2#26UR971#07062020#154133.jpg,147,25,car plate,530,549,677,574
2#26UR971#07062020#170328.jpg,135,26,car plate,658,604,793,630
2#26UR971#07062020#205154.jpg,152,26,car plate,580,601,732,627
2#26US097#08062020#191524.jpg,150,26,car plate,774,545,924,571
2#26US194#08062020#114422.jpg,153,27,car plate,789,563,942,590
2#26US400#08062020#132536.jpg,160,26,car plate,521,637,681,663
2#26US684#08062020#135409.jpg,153,24,car plate,526,572,679,596
2#26US761#07062020#123250.jpg,152,25,car plate,541,587,693,612
2#26US761#07062020#201407.jpg,153,25,car plate,516,604,669,629
2#26UU269#07062020#205428.jpg,159,26,car plate,603,606,762,632
2#26UU269#08062020#192422.jpg,164,25,car plate,603,663,767,688
2#26UU847#07062020#113430.jpg,160,27,car plate,580,604,740,631
2#26UV049#07062020#151417.jpg,156,26,car plate,392,568,548,594
2#26UV644#07062020#140739.jpg,153,27,car plate,684,574,837,601
2#26UV668#08062020#124151.jpg,152,26,car plate,517,576,669,602
2#26UV764#08062020#132327.jpg,153,27,car plate,824,598,977,625
2#26UY057#07062020#204256.jpg,153,25,car plate,324,550,477,575
2#26UY436#07062020#154431.jpg,160,27,car plate,630,620,790,647
2#26UY989#08062020#134139.jpg,160,26,car plate,393,644,553,670
2#26UZ418#07062020#140116.jpg,153,25,car plate,465,551,618,576
2#26UZ510#07062020#113325.jpg,151,28,car plate,749,570,900,598
2#26UZ953#07062020#161703.jpg,159,28,car plate,649,617,808,645
2#26VA046#07062020#220800.jpg,149,27,car plate,735,523,884,550
2#26VA105#08062020#192110.jpg,158,26,car plate,578,602,736,628
2#26VA114#08062020#125801.jpg,150,26,car plate,675,557,825,583
2#26VA225#07062020#150653.jpg,160,25,car plate,499,611,659,636
2#26VD274#07062020#220143.jpg,157,26,car plate,778,624,935,650
2#26VD274#08062020#124335.jpg,152,26,car plate,245,566,397,592
2#26VD647#08062020#192652.jpg,158,27,car plate,449,619,607,646
2#26VD827#08062020#123429.jpg,146,26,car plate,466,604,612,630
2#26VD927#07062020#130458.jpg,162,29,car plate,667,613,829,642
2#26VE010#07062020#214701.jpg,134,25,car plate,500,588,634,613
2#26VE371#08062020#114216.jpg,152,25,car plate,634,601,786,626
2#26VE418#07062020#144120.jpg,148,26,car plate,66,536,214,562
2#26VE869#08062020#131738.jpg,148,24,car plate,439,597,587,621
2#26VE954#07062020#215506.jpg,148,27,car plate,785,547,933,574
2#26VE956#07062020#130900.jpg,151,26,car plate,667,571,818,597
2#26VF094#08062020#200514.jpg,158,26,car plate,465,614,623,640
2#26VF125#07062020#123756.jpg,152,26,car plate,532,580,684,606
2#26VF645#08062020#171836.jpg,152,26,car plate,904,562,1056,588
2#26VF645#08062020#172114.jpg,153,27,car plate,912,604,1065,631
2#26VF645#08062020#191050.jpg,152,26,car plate,904,562,1056,588
2#26VF752#08062020#115126.jpg,152,27,car plate,638,582,790,609
2#26VF786#08062020#171633.jpg,160,27,car plate,562,630,722,657
2#26VF786#08062020#190942.jpg,156,27,car plate,563,595,719,622
2#26VF838#07062020#165813.jpg,136,27,car plate,414,591,550,618
2#26VF845#07062020#051330.jpg,152,27,car plate,519,593,671,620
2#26VGF35#07062020#144358.jpg,150,24,car plate,615,546,765,570
2#26VH070#07062020#175314.jpg,144,26,car plate,608,610,752,636
2#26VH431#07062020#121208.jpg,149,26,car plate,724,565,873,591
2#26VH790#07062020#023942.jpg,152,26,car plate,93,627,245,653
2#26VH790#07062020#195659.jpg,152,27,car plate,908,591,1060,618
2#26VH907#07062020#213340.jpg,148,23,car plate,670,525,818,548
2#26VK268#07062020#211412.jpg,156,27,car plate,573,561,729,588
2#26VK317#07062020#132550.jpg,156,28,car plate,849,606,1005,634
2#26VK927#07062020#115639.jpg,152,26,car plate,546,589,698,615
2#26VL004#07062020#143451.jpg,153,26,car plate,425,580,578,606
2#26VL143#07062020#214942.jpg,153,26,car plate,448,615,601,641
2#26VL144#07062020#212045.jpg,153,28,car plate,551,608,704,636
2#26VL343#07062020#143034.jpg,150,27,car plate,740,544,890,571
2#26VL451#07062020#180519.jpg,144,26,car plate,668,577,812,603
2#26VL4510#07062020#205334.jpg,165,34,car plate,546,594,711,628
2#26VL476#07062020#132641.jpg,158,26,car plate,566,570,724,596
2#26VL510#07062020#150054.jpg,164,33,car plate,620,600,784,633
2#26VL510#07062020#161341.jpg,148,32,car plate,847,446,995,478
2#26VL639#07062020#141353.jpg,153,27,car plate,769,583,922,610
2#26VL692#08062020#134250.jpg,150,27,car plate,690,575,840,602
2#26VN022#07062020#123754.jpg,158,25,car plate,420,594,578,619
2#26VN550#07062020#150115.jpg,158,26,car plate,588,608,746,634
2#26VN688#07062020#195737.jpg,157,25,car plate,415,592,572,617
2#26VN952#07062020#175833.jpg,140,25,car plate,494,623,634,648
2#26VP148#08062020#151941.jpg,131,27,car plate,461,564,592,591
2#26VP451#07062020#193125.jpg,146,25,car plate,714,534,860,559
2#26VP598#08062020#194205.jpg,160,27,car plate,870,645,1030,672
2#26VP826#08062020#133716.jpg,151,25,car plate,560,569,711,594
2#26VR052#07062020#214141.jpg,151,26,car plate,610,572,761,598
2#26VR252#07062020#205037.jpg,164,27,car plate,635,591,799,618
2#26VR263#07062020#201705.jpg,151,27,car plate,849,554,1000,581
2#26VR631#07062020#212822.jpg,151,27,car plate,509,582,660,609
2#26VR889#07062020#130705.jpg,157,25,car plate,722,594,879,619
2#26VR889#08062020#122017.jpg,157,27,car plate,664,593,821,620
2#26VR986#08062020#121536.jpg,152,26,car plate,685,575,837,601
2#26VS854#07062020#143408.jpg,146,27,car plate,987,540,1133,567
2#26VS857#07062020#161057.jpg,152,26,car plate,415,492,567,518
2#26VT024#08062020#125954.jpg,152,26,car plate,598,576,750,602
2#26VT090#08062020#114833.jpg,153,25,car plate,532,581,685,606
2#26VT239#08062020#193857.jpg,158,25,car plate,412,630,570,655
2#26VT557#07062020#195300.jpg,159,25,car plate,746,620,905,645
2#26VU024#07062020#133540.jpg,149,27,car plate,669,581,818,608
2#26VU024#07062020#214253.jpg,156,27,car plate,648,616,804,643
2#26VU504#07062020#152604.jpg,151,27,car plate,994,587,1145,614
2#26VU561#08062020#171224.jpg,156,25,car plate,535,612,691,637
2#26VU561#08062020#190640.jpg,153,25,car plate,536,612,689,637
2#26VV345#07062020#215653.jpg,147,25,car plate,658,559,805,584
2#26VV425#07062020#115423.jpg,156,27,car plate,680,620,836,647
2#26VV425#07062020#140458.jpg,151,25,car plate,392,569,543,594
2#26VV425#07062020#153133.jpg,153,25,car plate,324,600,477,625
2#26VV425#07062020#170407.jpg,136,25,car plate,542,625,678,650
2#26VV425#07062020#205112.jpg,157,27,car plate,648,620,805,647
2#26VV661#08062020#134441.jpg,150,27,car plate,873,592,1023,619
2#26VV861#07062020#155958.jpg,152,26,car plate,540,586,692,612
2#26VV861#07062020#162107.jpg,148,26,car plate,574,553,722,579
2#26VY040#08062020#134754.jpg,157,26,car plate,598,587,755,613
2#26VY067#03062020#005041.jpg,149,25,car plate,450,593,599,618
2#26VY339#07062020#052222.jpg,148,24,car plate,133,527,281,551
2#26VY349#07062020#155708.jpg,159,26,car plate,535,610,694,636
2#26VY373#07062020#123318.jpg,161,28,car plate,473,584,634,612
2#26VY382#08062020#115237.jpg,161,25,car plate,408,632,569,657
2#26VY385#08062020#120537.jpg,158,26,car plate,520,626,678,652
2#26VY388#07062020#200310.jpg,149,27,car plate,802,527,951,554
2#26VY828#08062020#133516.jpg,158,27,car plate,616,607,774,634
2#26VY960#07062020#115153.jpg,153,32,car plate,644,575,797,607
2#26VY991#07062020#151140.jpg,151,25,car plate,550,595,701,620
2#26VY991#08062020#195700.jpg,148,25,car plate,742,577,890,602
2#26VZ159#07062020#192631.jpg,157,26,car plate,189,615,346,641
2#26VZ159#08062020#131041.jpg,153,26,car plate,744,576,897,602
2#26VZ839#07062020#214332.jpg,156,26,car plate,568,596,724,622
2#26YA600#07062020#142305.jpg,157,26,car plate,417,609,574,635
2#26YA600#08062020#191848.jpg,153,27,car plate,705,586,858,613
2#26YA961#07062020#204623.jpg,148,25,car plate,448,556,596,581
2#26YA961#08062020#123707.jpg,152,26,car plate,679,630,831,656
2#26YC487#07062020#144126.jpg,152,24,car plate,371,580,523,604
2#26YC487#08062020#114954.jpg,153,24,car plate,513,579,666,603
2#26ZB344#03062020#004659.jpg,147,26,car plate,483,602,630,628
2#26ZB344#08062020#150525.jpg,136,25,car plate,479,653,615,678
2#26ZC200#07062020#025548.jpg,148,26,car plate,518,545,666,571
2#26ZD516#07062020#205505.jpg,156,26,car plate,476,613,632,639
2#26ZD552#07062020#152031.jpg,150,26,car plate,620,593,770,619
2#26ZE843#08062020#133852.jpg,158,27,car plate,488,635,646,662
2#26ZE866#08062020#195627.jpg,157,27,car plate,431,624,588,651
2#27ABC37#03062020#110828.jpg,160,25,car plate,648,546,808,571
2#27AEK913#07062020#152152.jpg,150,25,car plate,636,585,786,610
2#27AHU92#07062020#121752.jpg,153,26,car plate,455,589,608,615
2#27BRZ12#07062020#194527.jpg,148,25,car plate,669,518,817,543
2#27DN055#07062020#140849.jpg,161,26,car plate,426,597,587,623
2#27DY080#03062020#184004.jpg,208,34,car plate,490,635,698,669
2#27HU831#07062020#202435.jpg,153,25,car plate,689,587,842,612
2#27LM369#07062020#213635.jpg,156,26,car plate,558,592,714,618
2#27R2205#03062020#170121.jpg,133,32,car plate,510,620,643,652
2#27VL2870#07062020#145954.jpg,150,27,car plate,783,552,933,579
2#28AAT251#06062020#000509.jpg,189,28,car plate,823,548,1012,576
2#28AH807#08062020#200414.jpg,159,27,car plate,590,621,749,648
2#28B5511#08062020#205103.jpg,132,24,car plate,541,582,673,606
2#28BA066#07062020#153223.jpg,130,27,car plate,711,526,841,553
2#28BD846#08062020#194012.jpg,135,25,car plate,606,569,741,594
2#28DD775#07062020#201510.jpg,149,23,car plate,581,623,730,646
2#28KY969#08062020#194342.jpg,156,27,car plate,676,652,832,679
2#28YE170#08062020#193307.jpg,156,25,car plate,395,604,551,629
2#31AC232#07062020#221834.jpg,149,26,car plate,593,599,742,625
2#31EB448#08062020#193107.jpg,158,27,car plate,680,669,838,696
2#31HG203#07062020#152533.jpg,150,26,car plate,613,601,763,627
2#31KB023#06062020#142703.jpg,225,35,car plate,707,624,932,659
2#31KME57#06062020#030505.jpg,178,28,car plate,637,479,815,507
2#31LL008#05062020#135641.jpg,175,27,car plate,364,577,539,604
2#31LL008#05062020#142131.jpg,159,25,car plate,250,498,409,523
2#31N3131#07062020#145214.jpg,149,27,car plate,647,582,796,609
2#31PA5827#03062020#212715.jpg,186,29,car plate,491,593,677,622
2#31PY200#08062020#134152.jpg,152,25,car plate,701,592,853,617
2#31SAA814#03062020#013842.jpg,160,26,car plate,566,620,726,646
2#31SY808#07062020#192510.jpg,144,24,car plate,311,512,455,536
2#31TT218#03062020#212745.jpg,184,32,car plate,265,641,449,673
2#31YG723#03062020#213928.jpg,182,27,car plate,382,625,564,652
2#32AAH590#06062020#001700.jpg,201,32,car plate,781,603,982,635
2#32ABH64#07062020#213523.jpg,146,25,car plate,706,536,852,561
2#32ER032#08062020#130418.jpg,157,26,car plate,514,604,671,630
2#32ER355#08062020#124619.jpg,156,25,car plate,443,593,599,618
2#32HA049#08062020#132618.jpg,147,28,car plate,916,599,1063,627
2#32HD994#08062020#152340.jpg,130,26,car plate,25,646,155,672
2#32HS551#07062020#221244.jpg,151,25,car plate,800,610,951,635
2#32HV204#06062020#001743.jpg,198,33,car plate,682,590,880,623
2#32K5685#06062020#142122.jpg,198,33,car plate,809,595,1007,628
2#32LH555#07062020#140029.jpg,156,24,car plate,384,591,540,615
2#32LU330#08062020#195842.jpg,149,25,car plate,551,633,700,658
2#32PF922#07062020#213704.jpg,145,25,car plate,581,545,726,570
2#334UVB23#03062020#212049.jpg,184,29,car plate,320,629,504,658
2#33AAV732#07062020#135331.jpg,156,27,car plate,588,611,744,638
2#33ACC279#06062020#141140.jpg,206,32,car plate,788,589,994,621
2#33ADM924#07062020#141413.jpg,150,29,car plate,961,584,1111,613
2#33BCK52#07062020#165749.jpg,129,25,car plate,606,577,735,602
2#33BSU46#08062020#113851.jpg,147,27,car plate,999,614,1146,641
2#33CTH74#07062020#150151.jpg,148,25,car plate,414,506,562,531
2#33CTH74#08062020#134346.jpg,153,26,car plate,407,565,560,591
2#33DHJ07#07062020#150755.jpg,156,27,car plate,388,569,544,596
2#33DIK64#08062020#193256.jpg,164,26,car plate,421,659,585,685
2#33DPE28#08062020#132942.jpg,147,26,car plate,670,558,817,584
2#33EFB74#05062020#104340.jpg,183,32,car plate,788,562,971,594
2#33HY738#08062020#121846.jpg,149,25,car plate,676,579,825,604
2#33KLJ37#03062020#130304.jpg,149,35,car plate,604,443,753,478
2#33NDG06#06062020#001241.jpg,195,33,car plate,686,558,881,591
2#33NJO48#03062020#170656.jpg,198,34,car plate,626,598,824,632
2#33RT216#03062020#164924.jpg,136,35,car plate,530,625,666,660
2#33UV372#07062020#132920.jpg,151,25,car plate,762,579,913,604
2#34A77666#03062020#003225.jpg,186,27,car plate,485,575,671,602
2#34AAD68#03062020#212349.jpg,179,27,car plate,527,552,706,579
2#34AAF990#06062020#142740.jpg,173,28,car plate,707,476,880,504
2#34AAH506#08062020#193844.jpg,144,25,car plate,629,558,773,583
2#34AAJ285#05062020#101817.jpg,173,27,car plate,773,473,946,500
2#34AAT088#03062020#143120.jpg,173,29,car plate,541,517,714,546
2#34AAZ605#03062020#113105.jpg,159,27,car plate,679,586,838,613
2#34AB1666#03062020#153444.jpg,180,33,car plate,497,641,677,674
2#34AB3851#03062020#111903.jpg,160,27,car plate,604,543,764,570
2#34ABA535#03062020#180149.jpg,196,33,car plate,437,635,633,668
2#34ABA909#03062020#141029.jpg,190,27,car plate,678,622,868,649
2#34ABR44#08062020#195157.jpg,153,27,car plate,420,622,573,649
2#34ABT729#07062020#205250.jpg,142,25,car plate,460,501,602,526
2#34ACA377#03062020#103805.jpg,152,29,car plate,854,583,1006,612
2#34ACD320#03062020#184216.jpg,197,29,car plate,762,633,959,662
2#34ACF743#03062020#100431.jpg,159,27,car plate,439,645,598,672
2#34ACG096#03062020#180137.jpg,180,28,car plate,363,536,543,564
2#34ACJ070#03062020#111929.jpg,159,26,car plate,713,594,872,620
2#34ACJ900#03062020#183549.jpg,196,32,car plate,562,628,758,660
2#34ACL170#03062020#003033.jpg,176,29,car plate,396,567,572,596
2#34ACL236#03062020#102737.jpg,157,27,car plate,509,638,666,665
2#34ACL655#05062020#234938.jpg,189,33,car plate,793,544,982,577
2#34ACM284#08062020#191838.jpg,151,27,car plate,977,640,1128,667
2#34AD1139#03062020#125303.jpg,199,37,car plate,399,594,598,631
2#34AD4370#03062020#154925.jpg,179,35,car plate,402,664,581,699
2#34AEA830#06062020#142918.jpg,180,29,car plate,883,518,1063,547
2#34AEB535#03062020#111504.jpg,157,27,car plate,557,547,714,574
2#34AED300#03062020#211244.jpg,185,32,car plate,303,614,488,646
2#34AEL960#03062020#211820.jpg,191,29,car plate,321,622,512,651
2#34AEM661#08062020#135416.jpg,148,27,car plate,708,587,856,614
2#34AEV676#03062020#003436.jpg,181,29,car plate,453,585,634,614
2#34AEV689#03062020#183951.jpg,199,32,car plate,692,639,891,671
2#34AEZ163#03062020#184125.jpg,193,32,car plate,584,642,777,674
2#34AF0510#03062020#125934.jpg,193,37,car plate,531,546,724,583
2#34AF137#03062020#212104.jpg,184,29,car plate,388,612,572,641
2#34AF137#03062020#212308.jpg,181,28,car plate,367,603,548,631
2#34AF3963#03062020#141326.jpg,169,29,car plate,221,569,390,598
2#34AF4992#03062020#213456.jpg,193,29,car plate,435,618,628,647
2#34AFE901#05062020#105647.jpg,172,28,car plate,779,529,951,557
2#34AFR49#03062020#113041.jpg,165,29,car plate,752,613,917,642
2#34AFY966#03062020#141329.jpg,179,29,car plate,56,616,235,645
2#34AFY966#03062020#141643.jpg,183,27,car plate,116,635,299,662
2#34AG4653#03062020#132636.jpg,175,28,car plate,213,562,388,590
2#34AG6529#07062020#160233.jpg,156,26,car plate,620,624,776,650
2#34AG8650#03062020#123925.jpg,199,37,car plate,730,575,929,612
2#34AGC261#05062020#110544.jpg,193,33,car plate,801,583,994,616
2#34AGC261#06062020#001002.jpg,190,32,car plate,921,569,1111,601
2#34AGC816#03062020#112612.jpg,157,27,car plate,578,584,735,611
2#34AGF414#05062020#104757.jpg,205,37,car plate,769,643,974,680
2#34AGJ776#03062020#171805.jpg,183,42,car plate,856,587,1039,629
2#34AGM664#03062020#213334.jpg,192,32,car plate,425,622,617,654
2#34AGM847#03062020#213511.jpg,179,27,car plate,451,565,630,592
2#34AGS50#03062020#183633.jpg,199,32,car plate,606,604,805,636
2#34AHK233#03062020#212032.jpg,169,27,car plate,472,526,641,553
2#34AHK571#06062020#031234.jpg,160,26,car plate,784,482,944,508
2#34AHN208#03062020#211346.jpg,181,29,car plate,471,562,652,591
2#34AHN329#03062020#212004.jpg,182,28,car plate,341,608,523,636
2#34AHN487#03062020#214046.jpg,174,28,car plate,501,558,675,586
2#34AHP645#03062020#003123.jpg,180,27,car plate,446,566,626,593
2#34AHP815#03062020#190114.jpg,193,32,car plate,599,619,792,651
2#34AHP881#03062020#123736.jpg,182,33,car plate,538,536,720,569
2#34AHP986#03062020#143200.jpg,184,27,car plate,447,640,631,667
2#34AID127#03062020#124616.jpg,194,36,car plate,989,609,1183,645
2#34AID250#03062020#212210.jpg,185,29,car plate,412,563,597,592
2#34AIE590#03062020#211447.jpg,186,28,car plate,595,583,781,611
2#34AIE796#03062020#130047.jpg,182,29,car plate,464,544,646,573
2#34AIF636#03062020#123940.jpg,197,36,car plate,735,562,932,598
2#34AIG370#03062020#211228.jpg,198,29,car plate,412,630,610,659
2#34AIU879#06062020#002656.jpg,191,34,car plate,759,529,950,563
2#34AIY70#05062020#101127.jpg,173,27,car plate,776,477,949,504
2#34AIY709#06062020#031341.jpg,181,29,car plate,759,512,940,541
2#34AIZ476#03062020#124559.jpg,202,37,car plate,828,561,1030,598
2#34AJ0056#08062020#193216.jpg,146,24,car plate,685,569,831,593
2#34AJ1240#03062020#212115.jpg,192,28,car plate,389,623,581,651
2#34AJ1280#03062020#213855.jpg,194,28,car plate,358,627,552,655
2#34AJ7428#03062020#211921.jpg,177,26,car plate,400,553,577,579
2#34AJ8939#03062020#143348.jpg,168,28,car plate,395,576,563,604
2#34AJ9498#03062020#211604.jpg,196,28,car plate,476,632,672,660
2#34AJA684#03062020#211608.jpg,192,33,car plate,306,637,498,670
2#34AJD485#03062020#184140.jpg,197,29,car plate,551,613,748,642
2#34AJD872#05062020#102633.jpg,198,29,car plate,644,566,842,595
2#34AJE618#03062020#181233.jpg,184,27,car plate,756,554,940,581
2#34AJG169#08062020#194612.jpg,141,26,car plate,906,486,1047,512
2#34AK0869#03062020#212746.jpg,190,33,car plate,385,614,575,647
2#34AK4545#03062020#212957.jpg,194,32,car plate,401,630,595,662
2#34AL6788#03062020#184951.jpg,196,32,car plate,502,629,698,661
2#34ALT694#05062020#104819.jpg,185,32,car plate,689,581,874,613
2#34AN0488#03062020#130211.jpg,104,33,car plate,848,349,952,382
2#34AN7087#03062020#124936.jpg,197,36,car plate,658,559,855,595
2#34AN8805#03062020#183410.jpg,183,29,car plate,611,588,794,617
2#34ANC232#03062020#002940.jpg,182,28,car plate,539,566,721,594
2#34AND953#03062020#212915.jpg,173,27,car plate,387,532,560,559
2#34ANJ504#03062020#214025.jpg,184,33,car plate,236,607,420,640
2#34AOA649#06062020#022944.jpg,152,26,car plate,452,630,604,656
2#34AOA649#06062020#111832.jpg,145,25,car plate,365,420,510,445
2#34AR436#03062020#004031.jpg,107,24,car plate,396,535,503,559
2#34AR436#07062020#165924.jpg,130,26,car plate,619,553,749,579
2#34AR436#07062020#201547.jpg,150,27,car plate,435,599,585,626
2#34AR5899#03062020#003205.jpg,190,32,car plate,501,595,691,627
2#34AS9046#03062020#175726.jpg,186,35,car plate,394,586,580,621
2#34AT8048#03062020#213343.jpg,184,32,car plate,396,584,580,616
2#34AU3830#03062020#213759.jpg,190,32,car plate,423,620,613,652
2#34AU4828#08062020#133700.jpg,156,27,car plate,767,636,923,663
2#34AUM45#03062020#012648.jpg,165,28,car plate,644,622,809,650
2#34BA325#05062020#131353.jpg,143,27,car plate,423,597,566,624
2#34BA6061#03062020#141255.jpg,179,28,car plate,525,583,704,611
2#34BA7328#03062020#142136.jpg,175,26,car plate,467,543,642,569
2#34BA9547#03062020#213145.jpg,193,33,car plate,437,632,630,665
2#34BAB187#03062020#212753.jpg,184,29,car plate,318,605,502,634
2#34BAE841#03062020#185017.jpg,186,29,car plate,518,590,704,619
2#34BAE979#03062020#211535.jpg,172,26,car plate,483,544,655,570
2#34BAH287#03062020#124053.jpg,197,35,car plate,809,585,1006,620
2#34BAP808#07062020#202514.jpg,152,26,car plate,648,580,800,606
2#34BAS881#06062020#143150.jpg,197,29,car plate,713,569,910,598
2#34BAS881#06062020#154537.jpg,169,27,car plate,359,563,528,590
2#34BAT564#06062020#001828.jpg,179,29,car plate,738,487,917,516
2#34BAT954#03062020#111139.jpg,152,25,car plate,581,561,733,586
2#34BB0080#03062020#130251.jpg,159,32,car plate,699,354,858,386
2#34BB1902#03062020#094920.jpg,162,29,car plate,582,592,744,621
2#34BB4869#03062020#002800.jpg,183,29,car plate,427,570,610,599
2#34BBB096#03062020#124814.jpg,195,29,car plate,409,538,604,567
2#34BBH467#06062020#001552.jpg,196,32,car plate,771,580,967,612
2#34BBJ265#03062020#123641.jpg,189,28,car plate,607,585,796,613
2#34BBL763#07062020#115824.jpg,143,26,car plate,667,543,810,569
2#34BBP975#07062020#202043.jpg,151,26,car plate,694,528,845,554
2#34BBR241#06062020#000650.jpg,181,28,car plate,704,502,885,530
2#34BBT924#08062020#114428.jpg,151,26,car plate,770,603,921,629
2#34BBU278#06062020#013922.jpg,161,25,car plate,246,562,407,587
2#34BBU830#03062020#141756.jpg,173,27,car plate,476,544,649,571
2#34BBY534#07062020#215723.jpg,146,27,car plate,559,558,705,585
2#34BBZ261#03062020#125206.jpg,197,42,car plate,818,618,1015,660
2#34BC0896#03062020#190009.jpg,191,29,car plate,620,589,811,618
2#34BC7683#08062020#132751.jpg,150,26,car plate,463,605,613,631
2#34BCB101#07062020#145113.jpg,143,25,car plate,640,563,783,588
2#34BCC236#03062020#130105.jpg,202,41,car plate,914,584,1116,625
2#34BCG839#03062020#212622.jpg,172,28,car plate,480,528,652,556
2#34BCL897#06062020#030408.jpg,186,32,car plate,815,496,1001,528
2#34BD3746#03062020#142503.jpg,173,33,car plate,925,562,1098,595
2#34BD5102#03062020#113122.jpg,164,28,car plate,783,604,947,632
2#34BDD530#06062020#001810.jpg,206,33,car plate,752,572,958,605
2#34BDE946#07062020#130045.jpg,150,26,car plate,477,593,627,619
2#34BDT40#07062020#203537.jpg,149,25,car plate,515,557,664,582
2#34BE0682#03062020#174522.jpg,189,37,car plate,990,630,1179,667
2#34BE1954#03062020#002735.jpg,185,29,car plate,490,579,675,608
2#34BEH41#06062020#115550.jpg,150,26,car plate,473,628,623,654
2#34BEL449#03062020#185918.jpg,192,32,car plate,654,607,846,639
2#34BEY086#07062020#125731.jpg,148,26,car plate,589,557,737,583
2#34BEY136#05062020#104808.jpg,173,27,car plate,744,481,917,508
2#34BFA963#03062020#123633.jpg,191,32,car plate,299,555,490,587
2#34BFG319#07062020#194901.jpg,148,28,car plate,711,573,859,601
2#34BFJ274#03062020#130157.jpg,156,36,car plate,723,406,879,442
2#34BFL310#03062020#095044.jpg,157,28,car plate,463,602,620,630
2#34BFN012#06062020#142913.jpg,190,34,car plate,777,536,967,570
2#34BFS896#03062020#124847.jpg,194,28,car plate,483,613,677,641
2#34BG0247#08062020#113717.jpg,159,27,car plate,886,554,1045,581
2#34BG0247#08062020#122757.jpg,161,27,car plate,723,568,884,595
2#34BG0247#08062020#133340.jpg,161,28,car plate,567,566,728,594
2#34BG2561#03062020#213239.jpg,177,28,car plate,462,556,639,584
2#34BG5740#08062020#122137.jpg,164,29,car plate,533,606,697,635
2#34BG5740#08062020#134150.jpg,162,28,car plate,625,582,787,610
2#34BG6221#08062020#114248.jpg,157,33,car plate,953,555,1110,588
2#34BG6221#08062020#123453.jpg,163,28,car plate,529,608,692,636
2#34BG6221#08062020#131048.jpg,163,28,car plate,537,606,700,634
2#34BG7639#08062020#122947.jpg,165,27,car plate,416,616,581,643
2#34BG7639#08062020#132248.jpg,159,26,car plate,440,533,599,559
2#34BGJ02#07062020#144653.jpg,153,26,car plate,482,588,635,614
2#34BGM342#03062020#125115.jpg,194,32,car plate,576,575,770,607
2#34BGN148#03062020#185208.jpg,183,32,car plate,431,611,614,643
2#34BGP640#07062020#114709.jpg,151,26,car plate,731,582,882,608
2#34BGV242#06062020#030000.jpg,161,27,car plate,747,441,908,468
2#34BHG415#06062020#111917.jpg,179,29,car plate,491,565,670,594
2#34BIH56#03062020#211803.jpg,182,29,car plate,505,581,687,610
2#34BIN780#06062020#000843.jpg,191,32,car plate,767,558,958,590
2#34BIS786#06062020#141355.jpg,199,34,car plate,719,609,918,643
2#34BJ4831#05062020#102415.jpg,197,33,car plate,738,609,935,642
2#34BJ6429#03062020#212218.jpg,184,27,car plate,419,591,603,618
2#34BK233#03062020#130133.jpg,147,33,car plate,536,340,683,373
2#34BK9491#03062020#110751.jpg,153,25,car plate,654,545,807,570
2#34BKM284#05062020#103829.jpg,181,32,car plate,825,585,1006,617
2#34BKV791#06062020#025939.jpg,174,29,car plate,701,536,875,565
2#34BL1220#03062020#183229.jpg,197,29,car plate,644,655,841,684
2#34BL6728#03062020#212128.jpg,183,27,car plate,490,572,673,599
2#34BLV537#06062020#030346.jpg,175,27,car plate,773,545,948,572
2#34BLZ230#06062020#030919.jpg,198,29,car plate,743,601,941,630
2#34BM0192#03062020#172314.jpg,199,33,car plate,868,616,1067,649
2#34BM6462#03062020#014413.jpg,165,26,car plate,590,632,755,658
2#34BM7597#03062020#125609.jpg,206,38,car plate,513,600,719,638
2#34BMH828#05062020#233743.jpg,197,28,car plate,824,577,1021,605
2#34BMJ325#06062020#142722.jpg,214,34,car plate,787,630,1001,664
2#34BMR059#06062020#002918.jpg,169,27,car plate,768,461,937,488
2#34BN3917#03062020#124712.jpg,195,33,car plate,731,551,926,584
2#34BN9730#03062020#153433.jpg,176,34,car plate,542,569,718,603
2#34BNE397#07062020#210256.jpg,153,27,car plate,600,609,753,636
2#34BNV661#07062020#123101.jpg,142,27,car plate,698,517,840,544
2#34BNZ123#07062020#134716.jpg,152,27,car plate,618,624,770,651
2#34BOB518#06062020#025246.jpg,181,27,car plate,681,491,862,518
2#34BR0252#03062020#154722.jpg,186,29,car plate,585,667,771,696
2#34BR5676#03062020#124953.jpg,194,32,car plate,505,561,699,593
2#34BR6611#03062020#211619.jpg,197,29,car plate,430,642,627,671
2#34BR8434#03062020#175452.jpg,200,29,car plate,536,641,736,670
2#34BRC595#07062020#125919.jpg,141,25,car plate,498,456,639,481
2#34BS9280#05062020#100250.jpg,175,27,car plate,621,472,796,499
2#34BT3046#03062020#213258.jpg,186,32,car plate,471,611,657,643
2#34BT5533#05062020#203757.jpg,153,27,car plate,496,635,649,662
2#34BT975#03062020#212401.jpg,185,28,car plate,403,616,588,644
2#34BTJ972#08062020#121154.jpg,148,27,car plate,732,592,880,619
2#34BTN247#05062020#105904.jpg,197,33,car plate,680,538,877,571
2#34BTT758#08062020#195719.jpg,159,25,car plate,390,630,549,655
2#34BU2590#03062020#184040.jpg,202,29,car plate,491,639,693,668
2#34BUU289#08062020#123808.jpg,175,28,car plate,482,586,657,614
2#34BUU289#08062020#130729.jpg,178,29,car plate,455,611,633,640
2#34BV1645#06062020#033315.jpg,175,52,car plate,869,574,1044,626
2#34BV7900#03062020#211947.jpg,205,29,car plate,412,624,617,653
2#34BVE578#06062020#023247.jpg,151,28,car plate,431,626,582,654
2#34BVE578#06062020#112000.jpg,157,25,car plate,263,490,420,515
2#34BVH405#08062020#201208.jpg,114,24,car plate,429,611,543,635
2#34BVL599#07062020#162637.jpg,144,25,car plate,634,559,778,584
2#34BVR014#08062020#123528.jpg,148,24,car plate,907,566,1055,590
2#34BVS880#07062020#114334.jpg,142,25,car plate,639,532,781,557
2#34BY6745#03062020#214133.jpg,194,29,car plate,429,631,623,660
2#34BZJ569#05062020#233738.jpg,202,32,car plate,745,610,947,642
2#34BZU198#05062020#105255.jpg,197,32,car plate,638,583,835,615
2#34BZY347#07062020#120155.jpg,149,26,car plate,556,582,705,608
2#34C1012#06062020#032343.jpg,101,50,car plate,817,567,918,617
2#34CAK34#05062020#142927.jpg,158,28,car plate,285,437,443,465
2#34CAL849#07062020#204114.jpg,159,26,car plate,560,623,719,649
2#34CAP865#06062020#143602.jpg,182,28,car plate,706,560,888,588
2#34CAZ97#03062020#141706.jpg,176,33,car plate,892,580,1068,613
2#34CBL125#06062020#033442.jpg,201,34,car plate,754,592,955,626
2#34CCF191#06062020#025622.jpg,209,33,car plate,633,612,842,645
2#34CCF432#05062020#233645.jpg,197,33,car plate,753,583,950,616
2#34CCN475#08062020#195911.jpg,145,27,car plate,629,581,774,608
2#34CCN792#08062020#191419.jpg,142,25,car plate,627,529,769,554
2#34CCU051#05062020#100243.jpg,190,32,car plate,761,543,951,575
2#34CDB603#03062020#004118.jpg,134,24,car plate,742,510,876,534
2#34CDB930#05062020#233205.jpg,194,28,car plate,653,565,847,593
2#34CDH856#06062020#023333.jpg,152,28,car plate,364,604,516,632
2#34CDH856#06062020#112107.jpg,161,26,car plate,408,461,569,487
2#34CDK988#08062020#194230.jpg,153,27,car plate,775,652,928,679
2#34CDN729#06062020#001424.jpg,185,28,car plate,720,569,905,597
2#34CFB593#05062020#233726.jpg,175,27,car plate,743,520,918,547
2#34CFB593#06062020#123051.jpg,72,23,car plate,420,619,492,642
2#34CFB593#06062020#154802.jpg,162,25,car plate,315,552,477,577
2#34CFH470#05062020#104906.jpg,166,26,car plate,697,454,863,480
2#34CFJ991#08062020#123532.jpg,148,25,car plate,521,557,669,582
2#34CFV330#05062020#202431.jpg,153,28,car plate,358,639,511,667
2#34CFV330#06062020#013543.jpg,167,25,car plate,252,561,419,586
2#34CFV680#05062020#233400.jpg,179,28,car plate,647,501,826,529
2#34CGT630#07062020#201704.jpg,149,25,car plate,670,547,819,572
2#34CGV538#07062020#162420.jpg,152,26,car plate,466,622,618,648
2#34CIB040#05062020#103518.jpg,197,32,car plate,814,620,1011,652
2#34CIB822#07062020#160921.jpg,157,26,car plate,467,615,624,641
2#34CJM289#03062020#004015.jpg,104,61,car plate,473,621,577,682
2#34CJM289#07062020#113524.jpg,158,26,car plate,717,617,875,643
2#34CJM289#07062020#215630.jpg,153,26,car plate,605,581,758,607
2#34CJM289#08062020#130323.jpg,152,26,car plate,741,576,893,602
2#34CJR447#07062020#040924.jpg,141,25,car plate,183,563,324,588
2#34CJR447#07062020#114656.jpg,144,25,car plate,549,562,693,587
2#34CJR447#07062020#193057.jpg,148,26,car plate,570,609,718,635
2#34CJR447#08062020#133212.jpg,145,25,car plate,418,572,563,597
2#34CJR515#06062020#031039.jpg,181,29,car plate,691,510,872,539
2#34CKN205#07062020#195206.jpg,143,24,car plate,554,508,697,532
2#34CKY662#07062020#201141.jpg,151,26,car plate,485,608,636,634
2#34CLN326#08062020#145633.jpg,134,25,car plate,342,649,476,674
2#34CLS418#07062020#162418.jpg,149,27,car plate,815,596,964,623
2#34CMC311#07062020#200241.jpg,143,26,car plate,887,576,1030,602
2#34CMF061#07062020#113416.jpg,151,27,car plate,731,611,882,638
2#34CND085#08062020#120759.jpg,148,26,car plate,717,555,865,581
2#34CNJ65#06062020#140059.jpg,176,28,car plate,766,487,942,515
2#34COM290#07062020#203327.jpg,152,25,car plate,393,574,545,599
2#34CPF757#08062020#120414.jpg,156,27,car plate,546,607,702,634
2#34CPM87#03062020#214110.jpg,174,29,car plate,415,562,589,591
2#34CUV77#03062020#125016.jpg,184,34,car plate,670,497,854,531
2#34CVK77#07062020#133746.jpg,150,27,car plate,942,581,1092,608
2#34D6693#03062020#102022.jpg,172,26,car plate,497,636,669,662
2#34DA7260#03062020#125232.jpg,206,32,car plate,598,608,804,640
2#34DAG32#03062020#185926.jpg,193,29,car plate,601,617,794,646
2#34DAN77#03062020#125019.jpg,194,32,car plate,367,565,561,597
2#34DB2498#03062020#125225.jpg,195,32,car plate,294,613,489,645
2#34DB2498#03062020#212322.jpg,180,29,car plate,469,587,649,616
2#34DB7380#03062020#211943.jpg,193,29,car plate,432,637,625,666
2#34DC236#03062020#142750.jpg,180,28,car plate,241,596,421,624
2#34DC3236#07062020#112500.jpg,157,26,car plate,537,600,694,626
2#34DD0123#07062020#161049.jpg,151,25,car plate,404,579,555,604
2#34DE707#03062020#211203.jpg,197,29,car plate,404,622,601,651
2#34DE707#03062020#214251.jpg,189,29,car plate,435,585,624,614
2#34DF3062#03062020#112316.jpg,158,26,car plate,640,556,798,582
2#34DF6460#03062020#213422.jpg,179,29,car plate,380,558,559,587
2#34DG1382#03062020#102042.jpg,149,26,car plate,565,599,714,625
2#34DG5091#03062020#130141.jpg,208,37,car plate,554,612,762,649
2#34DH6708#03062020#212026.jpg,190,28,car plate,471,612,661,640
2#34DJ1544#03062020#211807.jpg,194,33,car plate,408,625,602,658
2#34DJ2122#03062020#143103.jpg,172,28,car plate,699,531,871,559
2#34DK0239#08062020#132509.jpg,156,26,car plate,444,597,600,623
2#34DK0698#03062020#125216.jpg,200,34,car plate,668,593,868,627
2#34DK1876#03062020#171726.jpg,197,37,car plate,790,621,987,658
2#34DK4881#03062020#213539.jpg,183,27,car plate,447,589,630,616
2#34DK6684#03062020#213310.jpg,185,29,car plate,471,593,656,622
2#34DL007#03062020#010649.jpg,137,24,car plate,709,488,846,512
2#34DM0425#03062020#213718.jpg,192,29,car plate,427,619,619,648
2#34DM1982#03062020#095430.jpg,163,26,car plate,708,630,871,656
2#34DM2431#03062020#141851.jpg,175,26,car plate,612,567,787,593
2#34DM3470#03062020#213516.jpg,180,27,car plate,532,597,712,624
2#34DM3599#03062020#211929.jpg,186,29,car plate,417,599,603,628
2#34DM4632#03062020#110740.jpg,156,26,car plate,620,567,776,593
2#34DM4776#03062020#143304.jpg,184,32,car plate,740,605,924,637
2#34DM5695#03062020#183520.jpg,200,32,car plate,534,631,734,663
2#34DM6879#03062020#185304.jpg,197,32,car plate,551,616,748,648
2#34DMM34#03062020#124110.jpg,206,29,car plate,364,622,570,651
2#34DN3878#03062020#123721.jpg,199,33,car plate,569,599,768,632
2#34DN4917#03062020#094919.jpg,158,26,car plate,563,622,721,648
2#34DN5847#03062020#125357.jpg,206,32,car plate,483,621,689,653
2#34DP3855#03062020#174748.jpg,192,32,car plate,628,610,820,642
2#34DP7868#03062020#125339.jpg,189,28,car plate,373,546,562,574
2#34DR9435#03062020#211339.jpg,184,28,car plate,544,588,728,616
2#34DS0216#03062020#101243.jpg,159,28,car plate,503,606,662,634
2#34DS0216#03062020#101346.jpg,143,25,car plate,699,504,842,529
2#34DS1576#03062020#190017.jpg,202,32,car plate,622,644,824,676
2#34DSM66#03062020#212012.jpg,192,32,car plate,435,636,627,668
2#34DT1950#03062020#111639.jpg,159,26,car plate,457,570,616,596
2#34DT4159#03062020#175112.jpg,190,27,car plate,669,620,859,647
2#34DT4727#03062020#125616.jpg,199,34,car plate,437,619,636,653
2#34DT6141#03062020#212353.jpg,184,28,car plate,456,593,640,621
2#34DT7747#03062020#140732.jpg,185,29,car plate,599,627,784,656
2#34DT9220#03062020#143613.jpg,180,33,car plate,675,578,855,611
2#34DT9301#03062020#123851.jpg,197,33,car plate,215,623,412,656
2#34DT9368#03062020#014029.jpg,166,25,car plate,612,638,778,663
2#34DT9960#03062020#123832.jpg,205,33,car plate,456,625,661,658
2#34DU0435#03062020#142710.jpg,184,36,car plate,815,633,999,669
2#34DU3242#03062020#185629.jpg,185,29,car plate,674,627,859,656
2#34DU3315#03062020#111434.jpg,168,27,car plate,363,631,531,658
2#34DV2511#03062020#102122.jpg,157,27,car plate,628,584,785,611
2#34DV3663#03062020#125815.jpg,197,33,car plate,445,554,642,587
2#34DV3850#03062020#142031.jpg,175,34,car plate,762,582,937,616
2#34DV4431#03062020#211458.jpg,179,32,car plate,449,583,628,615
2#34DV5281#03062020#001808.jpg,183,33,car plate,463,573,646,606
2#34DV6115#03062020#143213.jpg,165,49,car plate,800,560,965,609
2#34EA3559#03062020#125935.jpg,199,35,car plate,450,579,649,614
2#34EA4475#03062020#212548.jpg,186,33,car plate,315,599,501,632
2#34EA8207#03062020#111848.jpg,159,27,car plate,722,607,881,634
2#34EB1458#03062020#125402.jpg,195,29,car plate,331,567,526,596
2#34EBR47#03062020#112629.jpg,160,27,car plate,439,618,599,645
2#34EE5720#03062020#013957.jpg,162,27,car plate,582,625,744,652
2#34EF2795#03062020#002316.jpg,186,29,car plate,784,597,970,626
2#34EF8259#03062020#183620.jpg,205,33,car plate,509,632,714,665
2#34EF9950#03062020#214150.jpg,185,27,car plate,309,603,494,630
2#34EG4138#06062020#001309.jpg,195,29,car plate,890,572,1085,601
2#34EG4267#03062020#143230.jpg,190,33,car plate,617,627,807,660
2#34EJ0028#03062020#143729.jpg,179,33,car plate,927,636,1106,669
2#34EJ0387#03062020#014351.jpg,161,26,car plate,486,588,647,614
2#34EJ0390#03062020#185433.jpg,189,29,car plate,551,606,740,635
2#34EJ0547#03062020#141720.jpg,180,34,car plate,199,632,379,666
2#34EJ0704#03062020#141604.jpg,182,35,car plate,750,604,932,639
2#34EJ091#03062020#125139.jpg,202,34,car plate,656,582,858,616
2#34EJ2569#03062020#003556.jpg,182,28,car plate,408,577,590,605
2#34EJ3800#03062020#100459.jpg,164,27,car plate,679,638,843,665
2#34EJ4676#03062020#001837.jpg,180,28,car plate,428,570,608,598
2#34EJ5074#03062020#143207.jpg,178,28,car plate,541,572,719,600
2#34EJ6068#03062020#213023.jpg,190,27,car plate,445,638,635,665
2#34EJ7192#03062020#002437.jpg,176,29,car plate,343,533,519,562
2#34EJ8018#03062020#124810.jpg,199,34,car plate,275,613,474,647
2#34EJ8372#03062020#125355.jpg,199,32,car plate,528,598,727,630
2#34EJ9387#03062020#100421.jpg,163,27,car plate,531,615,694,642
2#34EJV19#07062020#195322.jpg,149,26,car plate,585,522,734,548
2#34EK0389#03062020#110826.jpg,157,25,car plate,569,588,726,613
2#34EK5325#03062020#094305.jpg,164,26,car plate,602,632,766,658
2#34EK6049#03062020#183933.jpg,186,29,car plate,509,572,695,601
2#34EK8151#03062020#212326.jpg,186,32,car plate,418,615,604,647
2#34EK9708#03062020#002850.jpg,181,26,car plate,482,584,663,610
2#34EL0845#03062020#143115.jpg,177,25,car plate,428,512,605,537
2#34EL7476#03062020#142336.jpg,180,34,car plate,811,616,991,650
2#34EL9199#03062020#172501.jpg,178,38,car plate,735,548,913,586
2#34EM3560#03062020#214157.jpg,192,32,car plate,437,615,629,647
2#34EM6737#03062020#211658.jpg,181,29,car plate,451,553,632,582
2#34EN1224#03062020#175555.jpg,190,29,car plate,520,635,710,664
2#34EN6651#03062020#213329.jpg,181,29,car plate,457,594,638,623
2#34EP0114#03062020#094211.jpg,162,28,car plate,599,629,761,657
2#34EP1305#03062020#094906.jpg,166,29,car plate,496,631,662,660
2#34EP5208#03062020#213302.jpg,193,29,car plate,426,616,619,645
2#34EP7689#03062020#125359.jpg,186,34,car plate,653,519,839,553
2#34ES4046#03062020#123938.jpg,197,35,car plate,723,541,920,576
2#34ES7338#03062020#111528.jpg,156,27,car plate,787,586,943,613
2#34ES889#03062020#094328.jpg,160,27,car plate,423,613,583,640
2#34ES9546#03062020#102658.jpg,168,27,car plate,510,644,678,671
2#34ESU94#03062020#123949.jpg,194,28,car plate,450,575,644,603
2#34ET3862#03062020#213555.jpg,193,32,car plate,445,595,638,627
2#34EU0290#03062020#130003.jpg,206,37,car plate,622,585,828,622
2#34EU0575#03062020#002351.jpg,183,28,car plate,380,597,563,625
2#34EU2234#03062020#212156.jpg,182,29,car plate,581,580,763,609
2#34EU2308#03062020#123645.jpg,184,29,car plate,514,567,698,596
2#34EU6603#03062020#212503.jpg,184,28,car plate,316,603,500,631
2#34EU6713#08062020#192626.jpg,159,27,car plate,699,656,858,683
2#34EU6903#03062020#123654.jpg,190,42,car plate,728,546,918,588
2#34EU8260#03062020#123744.jpg,194,28,car plate,435,559,629,587
2#34EU8942#03062020#141252.jpg,175,27,car plate,531,543,706,570
2#34EU9205#03062020#141715.jpg,178,28,car plate,876,629,1054,657
2#34EV2096#08062020#141620.jpg,96,24,car plate,398,622,494,646
2#34EV3318#03062020#132356.jpg,182,27,car plate,257,632,439,659
2#34EV3318#03062020#133929.jpg,182,27,car plate,257,632,439,659
2#34EV4872#03062020#141802.jpg,180,27,car plate,171,598,351,625
2#34EV5992#06062020#001512.jpg,195,35,car plate,707,534,902,569
2#34EV8961#03062020#111721.jpg,153,26,car plate,538,548,691,574
2#34EY0140#03062020#013858.jpg,158,26,car plate,450,604,608,630
2#34EY0681#03062020#212553.jpg,182,29,car plate,777,563,959,592
2#34EY1245#03062020#125645.jpg,185,37,car plate,929,549,1114,586
2#34EY2760#03062020#184049.jpg,193,32,car plate,675,596,868,628
2#34EY3267#03062020#123810.jpg,206,33,car plate,427,621,633,654
2#34EY4922#03062020#213517.jpg,190,29,car plate,559,600,749,629
2#34EY5317#03062020#213610.jpg,184,27,car plate,427,594,611,621
2#34EY6326#03062020#003349.jpg,183,27,car plate,392,598,575,625
2#34EY6761#03062020#143752.jpg,169,28,car plate,134,575,303,603
2#34EY7359#03062020#213829.jpg,186,28,car plate,516,584,702,612
2#34EY9559#03062020#130215.jpg,206,33,car plate,509,613,715,646
2#34EY9809#03062020#002426.jpg,178,29,car plate,379,594,557,623
2#34EZ3391#03062020#212808.jpg,186,29,car plate,519,608,705,637
2#34FA0248#03062020#094227.jpg,162,26,car plate,579,601,741,627
2#34FA5642#03062020#214050.jpg,186,32,car plate,372,588,558,620
2#34FAU11#03062020#012240.jpg,156,26,car plate,589,629,745,655
2#34FB1017#03062020#100719.jpg,162,26,car plate,638,647,800,673
2#34FB4110#03062020#180212.jpg,185,35,car plate,901,600,1086,635
2#34FCM33#03062020#171615.jpg,194,35,car plate,839,592,1033,627
2#34FD0622#03062020#002706.jpg,182,32,car plate,511,575,693,607
2#34FD0802#08062020#133605.jpg,156,28,car plate,1047,630,1203,658
2#34FDP29#03062020#140926.jpg,181,36,car plate,801,608,982,644
2#34FE3212#03062020#181046.jpg,192,28,car plate,573,612,765,640
2#34FE3212#03062020#185447.jpg,186,28,car plate,523,581,709,609
2#34FF0879#03062020#185416.jpg,182,28,car plate,545,563,727,591
2#34FF2541#03062020#013830.jpg,162,33,car plate,621,609,783,642
2#34FF9032#05062020#110435.jpg,210,34,car plate,622,586,832,620
2#34FG3012#03062020#173001.jpg,194,35,car plate,878,587,1072,622
2#34FG5887#03062020#112014.jpg,152,25,car plate,552,556,704,581
2#34FH0672#03062020#125458.jpg,193,33,car plate,397,546,590,579
2#34FH1036#03062020#143316.jpg,181,28,car plate,395,588,576,616
2#34FH1210#03062020#124807.jpg,209,34,car plate,489,590,698,624
2#34FH1765#03062020#213838.jpg,179,28,car plate,458,563,637,591
2#34FH2133#03062020#213946.jpg,185,28,car plate,370,619,555,647
2#34FH2315#03062020#211812.jpg,190,28,car plate,435,594,625,622
2#34FH2892#03062020#141832.jpg,178,35,car plate,879,586,1057,621
2#34FH3017#03062020#125046.jpg,202,38,car plate,707,603,909,641
2#34FH3870#03062020#212344.jpg,183,28,car plate,435,578,618,606
2#34FH6124#03062020#140547.jpg,177,32,car plate,113,646,290,678
2#34FH6184#03062020#141337.jpg,192,32,car plate,456,645,648,677
2#34FH6424#03062020#100641.jpg,164,29,car plate,559,638,723,667
2#34FH7675#03062020#124659.jpg,199,33,car plate,575,571,774,604
2#34FH8634#03062020#184850.jpg,201,33,car plate,406,633,607,666
2#34FH9623#03062020#213322.jpg,189,33,car plate,286,639,475,672
2#34FJ8963#03062020#110748.jpg,162,25,car plate,602,602,764,627
2#34FK1641#03062020#142412.jpg,181,33,car plate,749,606,930,639
2#34FK7240#03062020#211219.jpg,190,29,car plate,505,614,695,643
2#34FKF05#06062020#002203.jpg,197,33,car plate,741,574,938,607
2#34FL0419#03062020#141201.jpg,182,32,car plate,370,628,552,660
2#34FL2704#03062020#103934.jpg,160,34,car plate,778,563,938,597
2#34FLF85#03062020#141513.jpg,184,33,car plate,752,628,936,661
2#34FM1556#03062020#213828.jpg,184,28,car plate,312,581,496,609
2#34FOA15#03062020#112854.jpg,164,24,car plate,430,590,594,614
2#34FOH20#03062020#094610.jpg,165,26,car plate,468,632,633,658
2#34FON39#03062020#111911.jpg,165,25,car plate,547,593,712,618
2#34FOZ40#03062020#002444.jpg,186,28,car plate,483,594,669,622
2#34FRE24#05062020#135254.jpg,146,25,car plate,512,428,658,453
2#34FRK71#03062020#181137.jpg,190,29,car plate,701,572,891,601
2#34FT2673#03062020#213041.jpg,184,29,car plate,512,579,696,608
2#34FT3905#03062020#001827.jpg,191,28,car plate,536,590,727,618
2#34FT5269#03062020#143520.jpg,184,28,car plate,408,626,592,654
2#34FT5557#03062020#142351.jpg,178,33,car plate,816,598,994,631
2#34FT7259#03062020#213804.jpg,166,26,car plate,564,517,730,543
2#34FT7796#03062020#213143.jpg,178,28,car plate,589,611,767,639
2#34FT7957#03062020#001911.jpg,181,29,car plate,522,568,703,597
2#34FT8767#03062020#095006.jpg,135,26,car plate,683,579,818,605
2#34FT9088#03062020#214009.jpg,191,32,car plate,453,624,644,656
2#34FU3458#03062020#140621.jpg,185,27,car plate,347,636,532,663
2#34FU4929#03062020#123905.jpg,195,34,car plate,605,554,800,588
2#34FU7538#03062020#211957.jpg,181,28,car plate,384,594,565,622
2#34FU7751#03062020#212719.jpg,194,32,car plate,449,644,643,676
2#34FU8466#03062020#212431.jpg,189,32,car plate,357,613,546,645
2#34FU8565#03062020#141740.jpg,183,28,car plate,517,634,700,662
2#34FU8664#03062020#124646.jpg,193,33,car plate,388,551,581,584
2#34FU8974#03062020#212831.jpg,196,29,car plate,686,627,882,656
2#34FU9439#03062020#125202.jpg,214,38,car plate,674,619,888,657
2#34FV3878#03062020#211955.jpg,190,29,car plate,435,617,625,646
2#34FV9008#07062020#143735.jpg,150,25,car plate,540,566,690,591
2#34FV9505#03062020#142730.jpg,186,32,car plate,608,627,794,659
2#34FY1384#03062020#212122.jpg,179,28,car plate,460,573,639,601
2#34FY8960#03062020#213740.jpg,191,28,car plate,526,621,717,649
2#34FZ1811#03062020#110819.jpg,151,25,car plate,460,546,611,571
2#34FZ4625#03062020#011323.jpg,144,25,car plate,387,538,531,563
2#34FZ4975#03062020#125223.jpg,195,34,car plate,397,573,592,607
2#34FZ6210#06062020#030846.jpg,197,29,car plate,660,586,857,615
2#34FZ6299#07062020#153724.jpg,161,26,car plate,468,599,629,625
2#34GA3494#03062020#140959.jpg,178,32,car plate,252,622,430,654
2#34GA9921#03062020#212215.jpg,189,29,car plate,392,629,581,658
2#34GB0037#07062020#134629.jpg,160,27,car plate,593,613,753,640
2#34GB0816#06062020#143305.jpg,186,29,car plate,812,536,998,565
2#34GB5218#03062020#185651.jpg,186,33,car plate,595,565,781,598
2#34GB5218#03062020#213026.jpg,195,33,car plate,398,638,593,671
2#34GB930#03062020#185218.jpg,190,32,car plate,558,583,748,615
2#34GC0751#03062020#013217.jpg,172,26,car plate,498,633,670,659
2#34GC8615#03062020#124345.jpg,190,37,car plate,935,513,1125,550
2#34GD3056#03062020#213947.jpg,189,27,car plate,342,632,531,659
2#34GD3917#03062020#165820.jpg,128,29,car plate,591,487,719,516
2#34GD8615#03062020#141647.jpg,175,28,car plate,958,579,1133,607
2#34GE9257#03062020#142125.jpg,178,29,car plate,751,603,929,632
2#34GF1721#03062020#125056.jpg,206,34,car plate,378,607,584,641
2#34GG907#03062020#104255.jpg,157,33,car plate,957,579,1114,612
2#34GH0832#03062020#110816.jpg,164,27,car plate,536,596,700,623
2#34GH1977#03062020#164956.jpg,130,25,car plate,573,515,703,540
2#34GH9650#03062020#155009.jpg,180,28,car plate,653,653,833,681
2#34GJ0682#03062020#185423.jpg,197,29,car plate,634,633,831,662
2#34GJ3081#03062020#102844.jpg,159,27,car plate,518,613,677,640
2#34GJ9892#03062020#213416.jpg,182,28,car plate,290,602,472,630
2#34GK008#03062020#002213.jpg,181,27,car plate,344,565,525,592
2#34GK0910#03062020#211901.jpg,192,28,car plate,507,636,699,664
2#34GK3028#03062020#124648.jpg,200,34,car plate,248,618,448,652
2#34GK4690#03062020#213832.jpg,185,32,car plate,361,622,546,654
2#34GK6595#03062020#142435.jpg,183,27,car plate,453,605,636,632
2#34GL1316#03062020#183243.jpg,197,33,car plate,640,631,837,664
2#34GL9284#03062020#183642.jpg,198,33,car plate,535,627,733,660
2#34GM0576#03062020#153215.jpg,179,33,car plate,439,656,618,689
2#34GM1486#03062020#175529.jpg,190,35,car plate,1035,637,1225,672
2#34GM6750#03062020#183555.jpg,193,29,car plate,588,588,781,617
2#34GM8798#03062020#155755.jpg,176,29,car plate,476,598,652,627
2#34GMS77#05062020#103740.jpg,201,35,car plate,722,602,923,637
2#34GMS77#05062020#110925.jpg,201,35,car plate,722,602,923,637
2#34GN008#03062020#183940.jpg,190,29,car plate,534,608,724,637
2#34GN0817#03062020#212336.jpg,178,27,car plate,498,560,676,587
2#34GN2072#03062020#141117.jpg,182,32,car plate,341,606,523,638
2#34GN6634#03062020#185657.jpg,201,32,car plate,576,626,777,658
2#34GN7225#03062020#142541.jpg,169,27,car plate,566,524,735,551
2#34GN7534#03062020#171441.jpg,211,36,car plate,527,630,738,666
2#34GN8470#03062020#184812.jpg,194,32,car plate,535,604,729,636
2#34GP0734#03062020#124958.jpg,199,33,car plate,607,589,806,622
2#34GP0985#03062020#165434.jpg,136,28,car plate,648,602,784,630
2#34GP1030#03062020#212304.jpg,191,29,car plate,389,622,580,651
2#34GP1786#03062020#112257.jpg,158,29,car plate,809,594,967,623
2#34GP2906#03062020#175434.jpg,191,29,car plate,495,629,686,658
2#34GP3452#03062020#214225.jpg,191,29,car plate,332,628,523,657
2#34GP7160#03062020#003425.jpg,181,29,car plate,388,569,569,598
2#34GP7329#03062020#140821.jpg,184,28,car plate,237,622,421,650
2#34GR0307#03062020#124740.jpg,195,33,car plate,652,565,847,598
2#34GR0363#03062020#125142.jpg,197,27,car plate,586,606,783,633
2#34GR0655#03062020#095131.jpg,162,27,car plate,550,636,712,663
2#34GR1007#03062020#100527.jpg,162,27,car plate,497,611,659,638
2#34GR1261#03062020#125321.jpg,212,35,car plate,491,616,703,651
2#34GR1497#03062020#124617.jpg,198,29,car plate,523,561,721,590
2#34GR1787#03062020#113219.jpg,163,28,car plate,581,615,744,643
2#34GR2799#03062020#112655.jpg,159,26,car plate,572,564,731,590
2#34GR3235#03062020#140534.jpg,178,28,car plate,658,581,836,609
2#34GR3319#07062020#135001.jpg,161,25,car plate,456,624,617,649
2#34GR4013#03062020#130238.jpg,210,32,car plate,449,600,659,632
2#34GR4116#03062020#213453.jpg,190,33,car plate,466,615,656,648
2#34GR4404#03062020#141241.jpg,175,29,car plate,938,569,1113,598
2#34GR4533#03062020#174237.jpg,192,35,car plate,888,621,1080,656
2#34GR4614#03062020#125856.jpg,206,34,car plate,698,607,904,641
2#34GR5049#03062020#212024.jpg,183,25,car plate,344,601,527,626
2#34GR6019#03062020#123734.jpg,200,43,car plate,805,576,1005,619
2#34GR6966#03062020#213910.jpg,163,27,car plate,481,542,644,569
2#34GR7290#03062020#101528.jpg,161,27,car plate,578,626,739,653
2#34GR7580#03062020#185646.jpg,196,34,car plate,515,641,711,675
2#34GR8283#03062020#212511.jpg,193,27,car plate,423,624,616,651
2#34GR9711#03062020#002246.jpg,190,28,car plate,519,600,709,628
2#34GS454#03062020#174721.jpg,201,29,car plate,557,634,758,663
2#34GSS57#03062020#184320.jpg,167,27,car plate,635,503,802,530
2#34GT6108#08062020#123407.jpg,146,26,car plate,669,546,815,572
2#34GT6108#08062020#132343.jpg,150,26,car plate,447,578,597,604
2#34GT7048#06062020#140401.jpg,207,34,car plate,693,607,900,641
2#34GT7683#03062020#213149.jpg,193,34,car plate,314,625,507,659
2#34GV061#06062020#032710.jpg,196,33,car plate,669,535,865,568
2#34GV3864#03062020#213233.jpg,179,29,car plate,512,551,691,580
2#34GV6664#03062020#212006.jpg,190,29,car plate,384,630,574,659
2#34GV8679#03062020#213542.jpg,181,29,car plate,494,589,675,618
2#34GV9932#03062020#212341.jpg,178,28,car plate,525,545,703,573
2#34GY8011#03062020#112808.jpg,160,26,car plate,743,612,903,638
2#34GY8312#03062020#142840.jpg,174,35,car plate,891,579,1065,614
2#34GZ0801#03062020#095545.jpg,156,27,car plate,557,606,713,633
2#34GZ2482#03062020#012853.jpg,162,32,car plate,513,619,675,651
2#34HA6340#03062020#124434.jpg,183,44,car plate,919,511,1102,555
2#34HA764#03062020#213417.jpg,186,32,car plate,463,608,649,640
2#34HB7700#03062020#180225.jpg,194,32,car plate,625,614,819,646
2#34HC488#03062020#155728.jpg,190,27,car plate,623,652,813,679
2#34HD3354#03062020#172656.jpg,192,36,car plate,817,586,1009,622
2#34HE0674#05062020#110411.jpg,182,27,car plate,772,593,954,620
2#34HE7893#08062020#115315.jpg,157,25,car plate,505,619,662,644
2#34HF1298#03062020#142903.jpg,180,28,car plate,432,601,612,629
2#34HF1472#07062020#180302.jpg,133,26,car plate,560,622,693,648
2#34HF4176#07062020#170534.jpg,76,24,car plate,763,565,839,589
2#34HF6788#07062020#221347.jpg,146,27,car plate,607,549,753,576
2#34HG4081#03062020#123813.jpg,195,29,car plate,362,593,557,622
2#34HG4627#03062020#213305.jpg,199,29,car plate,451,642,650,671
2#34HG5091#03062020#124607.jpg,198,29,car plate,465,580,663,609
2#34HG6268#03062020#125951.jpg,213,43,car plate,716,619,929,662
2#34HG6790#03062020#184805.jpg,206,34,car plate,578,628,784,662
2#34HG8004#03062020#214048.jpg,191,27,car plate,545,605,736,632
2#34HGA21#03062020#124921.jpg,190,28,car plate,392,558,582,586
2#34HH3285#03062020#212632.jpg,183,27,car plate,455,591,638,618
2#34HH3497#03062020#185440.jpg,183,29,car plate,730,585,913,614
2#34HH7839#07062020#213244.jpg,158,27,car plate,515,618,673,645
2#34HIA28#03062020#212154.jpg,178,34,car plate,210,586,388,620
2#34HIK51#03062020#003509.jpg,180,29,car plate,442,558,622,587
2#34HJ0290#07062020#114241.jpg,156,26,car plate,526,602,682,628
2#34HJ1267#03062020#124022.jpg,197,35,car plate,747,590,944,625
2#34HJ5741#03062020#112131.jpg,159,25,car plate,575,600,734,625
2#34HK8763#07062020#114244.jpg,148,26,car plate,589,570,737,596
2#34HL0317#08062020#130051.jpg,164,27,car plate,471,594,635,621
2#34HL0317#08062020#134223.jpg,169,28,car plate,395,640,564,668
2#34HL0366#03062020#212636.jpg,183,29,car plate,433,619,616,648
2#34HL5801#03062020#214054.jpg,189,32,car plate,452,606,641,638
2#34HL6029#08062020#120028.jpg,162,27,car plate,741,561,903,588
2#34HL6029#08062020#125444.jpg,168,28,car plate,653,617,821,645
2#34HL6029#08062020#132715.jpg,162,27,car plate,471,562,633,589
2#34HL8486#03062020#185731.jpg,175,29,car plate,582,531,757,560
2#34HM1219#03062020#125807.jpg,190,33,car plate,699,549,889,582
2#34HM9617#03062020#002949.jpg,182,29,car plate,414,590,596,619
2#34HN2582#03062020#143259.jpg,177,27,car plate,356,568,533,595
2#34HN5691#03062020#124837.jpg,198,34,car plate,446,581,644,615
2#34HN8801#03062020#212130.jpg,181,28,car plate,367,612,548,640
2#34HP2298#03062020#214125.jpg,190,28,car plate,424,613,614,641
2#34HP3322#06062020#030146.jpg,163,26,car plate,752,451,915,477
2#34HP5023#03062020#213014.jpg,186,28,car plate,472,612,658,640
2#34HR2021#03062020#142343.jpg,164,32,car plate,840,499,1004,531
2#34HR3946#03062020#212410.jpg,183,29,car plate,442,594,625,623
2#34HR5275#07062020#221610.jpg,152,27,car plate,352,599,504,626
2#34HRN52#05062020#103859.jpg,200,36,car plate,858,629,1058,665
2#34HS3992#03062020#123747.jpg,142,33,car plate,636,380,778,413
2#34HS4445#03062020#185727.jpg,198,29,car plate,665,632,863,661
2#34HSY68#03062020#125907.jpg,176,34,car plate,860,527,1036,561
2#34HT3941#03062020#013243.jpg,161,26,car plate,611,628,772,654
2#34HV0078#03062020#185351.jpg,192,32,car plate,522,586,714,618
2#34HV8177#03062020#213556.jpg,185,29,car plate,430,596,615,625
2#34HV9002#03062020#112729.jpg,161,27,car plate,636,568,797,595
2#34HY5674#05062020#233624.jpg,193,33,car plate,811,534,1004,567
2#34HY8765#03062020#111317.jpg,164,27,car plate,671,585,835,612
2#34HY9578#03062020#213338.jpg,186,28,car plate,413,598,599,626
2#34HZ3874#03062020#213957.jpg,182,29,car plate,423,636,605,665
2#34HZ5189#03062020#175444.jpg,185,34,car plate,958,598,1143,632
2#34HZ7274#06062020#033554.jpg,186,29,car plate,857,548,1043,577
2#34HZ8670#03062020#212445.jpg,183,27,car plate,410,587,593,614
2#34IA2934#03062020#154840.jpg,176,33,car plate,485,609,661,642
2#34J4612#03062020#012255.jpg,164,27,car plate,526,618,690,645
2#34J6330#06062020#033347.jpg,189,33,car plate,733,529,922,562
2#34JA0237#03062020#125852.jpg,207,35,car plate,657,613,864,648
2#34JA1680#03062020#124946.jpg,184,36,car plate,618,481,802,517
2#34JA1758#03062020#124113.jpg,200,33,car plate,370,610,570,643
2#34JA2139#03062020#214138.jpg,191,33,car plate,317,630,508,663
2#34JA2945#03062020#124714.jpg,197,35,car plate,597,512,794,547
2#34JA4775#03062020#211751.jpg,185,29,car plate,507,604,692,633
2#34JA5046#03062020#154009.jpg,182,32,car plate,471,659,653,691
2#34JA5872#03062020#143736.jpg,179,28,car plate,529,610,708,638
2#34JA8307#03062020#212240.jpg,183,28,car plate,572,589,755,617
2#34JA8324#03062020#142400.jpg,161,27,car plate,366,483,527,510
2#34JA8672#03062020#180116.jpg,192,28,car plate,495,608,687,636
2#34JA9033#03062020#211338.jpg,185,26,car plate,517,586,702,612
2#34JA9312#03062020#180354.jpg,194,29,car plate,522,627,716,656
2#34JA9551#03062020#211939.jpg,191,29,car plate,425,626,616,655
2#34JA9553#03062020#002151.jpg,183,28,car plate,483,574,666,602
2#34JAH74#03062020#211518.jpg,189,33,car plate,341,632,530,665
2#34JB4896#03062020#174157.jpg,178,28,car plate,265,585,443,613
2#34JB5351#03062020#141308.jpg,181,29,car plate,543,578,724,607
2#34JC8938#03062020#125636.jpg,208,41,car plate,732,611,940,652
2#34JCY74#03062020#211622.jpg,175,28,car plate,487,596,662,624
2#34JD2573#03062020#212513.jpg,179,32,car plate,809,565,988,597
2#34JD5896#03062020#123928.jpg,195,38,car plate,892,576,1087,614
2#34JD5922#03062020#143534.jpg,180,29,car plate,484,579,664,608
2#34JD9858#03062020#123808.jpg,196,37,car plate,493,577,689,614
2#34JE2330#03062020#213534.jpg,176,29,car plate,470,558,646,587
2#34JE7521#07062020#165752.jpg,131,29,car plate,395,584,526,613
2#34JE7521#07062020#181509.jpg,130,24,car plate,1121,577,1251,601
2#34JF8349#03062020#095353.jpg,159,26,car plate,516,605,675,631
2#34JF9815#03062020#211817.jpg,184,27,car plate,392,609,576,636
2#34JG0177#03062020#172654.jpg,186,32,car plate,692,569,878,601
2#34JG0843#03062020#003550.jpg,179,28,car plate,441,589,620,617
2#34JG0899#03062020#174924.jpg,194,29,car plate,624,613,818,642
2#34JG1086#03062020#213708.jpg,175,27,car plate,485,592,660,619
2#34JG3018#03062020#212106.jpg,194,29,car plate,594,637,788,666
2#34JH4295#03062020#102732.jpg,158,29,car plate,409,609,567,638
2#34JJ1159#03062020#181010.jpg,192,32,car plate,338,612,530,644
2#34JJ8169#03062020#190048.jpg,195,33,car plate,464,607,659,640
2#34JKD08#03062020#130130.jpg,159,34,car plate,743,386,902,420
2#34JL3062#03062020#212225.jpg,193,27,car plate,421,640,614,667
2#34JL8902#06062020#001432.jpg,198,28,car plate,806,572,1004,600
2#34JM3964#07062020#212423.jpg,145,26,car plate,670,553,815,579
2#34JM5542#03062020#140748.jpg,184,32,car plate,141,639,325,671
2#34JM6071#03062020#212847.jpg,201,32,car plate,358,646,559,678
2#34JN733#03062020#213754.jpg,174,29,car plate,160,589,334,618
2#34JN9398#03062020#180310.jpg,189,34,car plate,869,610,1058,644
2#34JP0983#03062020#142118.jpg,183,27,car plate,553,629,736,656
2#34JR8240#03062020#174514.jpg,184,29,car plate,597,620,781,649
2#34JS0395#03062020#175012.jpg,200,28,car plate,713,644,913,672
2#34JS5092#03062020#165202.jpg,131,32,car plate,642,546,773,578
2#34JS7153#03062020#140515.jpg,184,28,car plate,424,637,608,665
2#34JS9738#03062020#212651.jpg,176,27,car plate,464,549,640,576
2#34JT0533#03062020#212729.jpg,182,29,car plate,498,605,680,634
2#34JU0160#03062020#001953.jpg,182,28,car plate,417,572,599,600
2#34JU2736#03062020#142015.jpg,180,35,car plate,747,617,927,652
2#34JU2740#03062020#175203.jpg,201,29,car plate,524,608,725,637
2#34JU3062#03062020#185030.jpg,194,32,car plate,548,594,742,626
2#34JU3062#03062020#213110.jpg,193,29,car plate,484,620,677,649
2#34JU6640#03062020#125631.jpg,193,38,car plate,781,544,974,582
2#34JV190#03062020#183955.jpg,196,35,car plate,557,629,753,664
2#34JV190#03062020#212823.jpg,182,28,car plate,374,591,556,619
2#34JV2259#03062020#125407.jpg,189,29,car plate,265,572,454,601
2#34JV6647#06062020#031900.jpg,197,34,car plate,752,553,949,587
2#34JY158#03062020#212935.jpg,191,29,car plate,406,607,597,636
2#34JY5137#03062020#213008.jpg,186,33,car plate,333,618,519,651
2#34JY5755#03062020#211845.jpg,185,32,car plate,495,615,680,647
2#34JY7765#03062020#213301.jpg,193,29,car plate,363,639,556,668
2#34JZ2108#03062020#143530.jpg,177,28,car plate,527,588,704,616
2#34JZ4266#03062020#014427.jpg,159,26,car plate,358,594,517,620
2#34JZ7425#03062020#213634.jpg,186,29,car plate,463,586,649,615
2#34JZV65#03062020#125038.jpg,198,36,car plate,843,615,1041,651
2#34K7164#03062020#130234.jpg,200,32,car plate,477,602,677,634
2#34K9949#03062020#124428.jpg,199,33,car plate,661,530,860,563
2#34KA1388#03062020#002938.jpg,184,28,car plate,386,577,570,605
2#34KA1672#03062020#140631.jpg,185,28,car plate,325,631,510,659
2#34KA1923#03062020#104359.jpg,158,29,car plate,710,553,868,582
2#34KA2578#03062020#141858.jpg,181,33,car plate,174,631,355,664
2#34KA3159#03062020#212036.jpg,190,29,car plate,463,614,653,643
2#34KA3574#03062020#212217.jpg,186,32,car plate,500,599,686,631
2#34KA3641#03062020#212816.jpg,173,27,car plate,501,556,674,583
2#34KA5443#03062020#212010.jpg,190,29,car plate,375,634,565,663
2#34KA6540#03062020#111720.jpg,152,26,car plate,578,546,730,572
2#34KA7084#03062020#002143.jpg,177,27,car plate,426,554,603,581
2#34KA7263#03062020#124108.jpg,205,34,car plate,611,599,816,633
2#34KA7331#03062020#183735.jpg,193,33,car plate,479,622,672,655
2#34KA8591#03062020#213952.jpg,176,29,car plate,478,571,654,600
2#34KA8646#03062020#143428.jpg,177,33,car plate,818,602,995,635
2#34KA9172#03062020#141352.jpg,175,32,car plate,940,581,1115,613
2#34KB3052#07062020#211211.jpg,152,26,car plate,764,610,916,636
2#34KB4856#03062020#155222.jpg,176,29,car plate,526,608,702,637
2#34KB5689#07062020#221221.jpg,153,25,car plate,363,607,516,632
2#34KC0144#03062020#211924.jpg,184,28,car plate,432,604,616,632
2#34KC1272#03062020#140722.jpg,184,28,car plate,680,618,864,646
2#34KD5370#03062020#211937.jpg,189,32,car plate,408,624,597,656
2#34KD5844#03062020#142236.jpg,167,33,car plate,824,527,991,560
2#34KD9391#03062020#111505.jpg,157,27,car plate,667,597,824,624
2#34KE4209#03062020#211932.jpg,186,32,car plate,801,574,987,606
2#34KEJ80#03062020#013726.jpg,161,27,car plate,508,611,669,638
2#34KF8991#03062020#102536.jpg,167,27,car plate,609,641,776,668
2#34KG0333#06062020#001303.jpg,195,34,car plate,957,609,1152,643
2#34KG3486#06062020#001706.jpg,199,29,car plate,750,584,949,613
2#34KH4847#03062020#002045.jpg,184,29,car plate,393,576,577,605
2#34KH6188#03062020#111959.jpg,152,27,car plate,558,562,710,589
2#34KH6913#07062020#114700.jpg,151,27,car plate,610,605,761,632
2#34KH713#06062020#032943.jpg,197,33,car plate,655,578,852,611
2#34KJ4994#03062020#111619.jpg,161,29,car plate,508,582,669,611
2#34KJ4994#03062020#132922.jpg,191,33,car plate,322,629,513,662
2#34KJ8066#03062020#142458.jpg,179,28,car plate,631,620,810,648
2#34KK3874#03062020#125810.jpg,183,29,car plate,429,538,612,567
2#34KK8063#03062020#003447.jpg,179,29,car plate,414,585,593,614
2#34KK9340#03062020#124439.jpg,197,35,car plate,792,556,989,591
2#34KK9884#07062020#122538.jpg,148,24,car plate,667,546,815,570
2#34KKA23#03062020#185900.jpg,92,49,car plate,674,618,766,667
2#34KKG03#07062020#115748.jpg,157,25,car plate,879,596,1036,621
2#34KL1070#05062020#102522.jpg,208,29,car plate,721,578,929,607
2#34KL6303#03062020#171611.jpg,206,35,car plate,670,635,876,670
2#34KL9119#05062020#110040.jpg,183,29,car plate,773,522,956,551
2#34KN5306#06062020#032908.jpg,196,33,car plate,827,589,1023,622
2#34KN6383#06062020#030422.jpg,186,34,car plate,708,513,894,547
2#34KNC27#07062020#132237.jpg,150,24,car plate,417,557,567,581
2#34KP2917#06062020#032551.jpg,191,32,car plate,835,551,1026,583
2#34KP3776#03062020#125715.jpg,202,33,car plate,576,604,778,637
2#34KR2867#03062020#212406.jpg,177,27,car plate,419,626,596,653
2#34KS3057#03062020#112018.jpg,166,28,car plate,646,600,812,628
2#34KS6442#03062020#094529.jpg,162,24,car plate,487,613,649,637
2#34KS7470#08062020#131839.jpg,158,29,car plate,709,621,867,650
2#34KS7862#03062020#212942.jpg,180,28,car plate,444,539,624,567
2#34KT3435#03062020#112209.jpg,167,24,car plate,647,613,814,637
2#34KT4806#07062020#144010.jpg,146,25,car plate,497,533,643,558
2#34KT4806#07062020#194421.jpg,146,25,car plate,556,515,702,540
2#34KT6376#03062020#124104.jpg,202,43,car plate,800,593,1002,636
2#34KU1521#03062020#143132.jpg,173,34,car plate,202,588,375,622
2#34KU3163#07062020#213842.jpg,143,25,car plate,804,490,947,515
2#34KU3603#03062020#140529.jpg,184,27,car plate,436,619,620,646
2#34KU7396#03062020#214159.jpg,186,32,car plate,452,599,638,631
2#34KV3501#03062020#213314.jpg,182,27,car plate,540,602,722,629
2#34KV4559#03062020#185224.jpg,194,29,car plate,461,626,655,655
2#34KV9906#03062020#213913.jpg,193,33,car plate,513,636,706,669
2#34KY0606#05062020#110212.jpg,191,29,car plate,794,561,985,590
2#34KY3976#07062020#153038.jpg,153,27,car plate,829,624,982,651
2#34L1860#03062020#173951.jpg,194,29,car plate,526,622,720,651
2#34L7688#03062020#125831.jpg,193,32,car plate,499,554,692,586
2#34LA1239#03062020#174012.jpg,198,29,car plate,798,652,996,681
2#34LA2185#03062020#002450.jpg,175,27,car plate,451,587,626,614
2#34LA2320#03062020#104243.jpg,160,34,car plate,1023,610,1183,644
2#34LA2429#03062020#214118.jpg,189,28,car plate,431,607,620,635
2#34LA2641#03062020#125029.jpg,145,37,car plate,1045,375,1190,412
2#34LA4154#07062020#203126.jpg,158,27,car plate,467,607,625,634
2#34LA4154#08062020#114926.jpg,159,26,car plate,258,621,417,647
2#34LA4184#03062020#125846.jpg,194,36,car plate,710,559,904,595
2#34LA4689#03062020#013413.jpg,164,25,car plate,424,630,588,655
2#34LA5257#03062020#211550.jpg,184,27,car plate,476,586,660,613
2#34LA5257#03062020#211814.jpg,191,29,car plate,428,622,619,651
2#34LA5259#03062020#112636.jpg,150,25,car plate,492,544,642,569
2#34LA5317#03062020#130207.jpg,176,37,car plate,922,471,1098,508
2#34LA5477#07062020#155824.jpg,157,25,car plate,629,624,786,649
2#34LA7352#03062020#123841.jpg,200,35,car plate,362,590,562,625
2#34LA7523#03062020#212509.jpg,184,33,car plate,617,562,801,595
2#34LA7658#03062020#212148.jpg,183,32,car plate,472,586,655,618
2#34LA7701#03062020#211806.jpg,189,27,car plate,452,619,641,646
2#34LA7830#03062020#101049.jpg,159,26,car plate,649,600,808,626
2#34LA7912#03062020#213111.jpg,181,28,car plate,657,561,838,589
2#34LA8165#03062020#211723.jpg,184,32,car plate,495,574,679,606
2#34LA9591#03062020#212447.jpg,190,29,car plate,436,603,626,632
2#34LB2879#03062020#142331.jpg,175,34,car plate,831,587,1006,621
2#34LB7157#07062020#114907.jpg,148,26,car plate,999,613,1147,639
2#34LC7142#03062020#164629.jpg,184,46,car plate,507,627,691,673
2#34LD0550#03062020#095442.jpg,145,25,car plate,524,554,669,579
2#34LD1646#03062020#130144.jpg,156,34,car plate,668,369,824,403
2#34LD5419#03062020#185757.jpg,197,29,car plate,617,626,814,655
2#34LD9532#03062020#124742.jpg,196,34,car plate,786,560,982,594
2#34LDP51#06062020#000809.jpg,193,33,car plate,753,572,946,605
2#34LDZ62#03062020#112506.jpg,158,26,car plate,610,574,768,600
2#34LDZ62#03062020#140506.jpg,185,28,car plate,600,639,785,667
2#34LDZ62#03062020#143755.jpg,180,27,car plate,597,601,777,628
2#34LE1937#03062020#125229.jpg,201,34,car plate,755,577,956,611
2#34LES18#03062020#112030.jpg,163,25,car plate,678,589,841,614
2#34LFZ68#03062020#212453.jpg,192,29,car plate,441,614,633,643
2#34LG0867#03062020#124841.jpg,198,33,car plate,420,589,618,622
2#34LG2470#03062020#212159.jpg,183,29,car plate,484,603,667,632
2#34LG7633#03062020#002200.jpg,168,26,car plate,500,557,668,583
2#34LG7976#03062020#214205.jpg,190,32,car plate,358,618,548,650
2#34LG8099#06062020#135413.jpg,182,29,car plate,813,515,995,544
2#34LH6450#03062020#213037.jpg,182,27,car plate,437,614,619,641
2#34LH9104#03062020#125844.jpg,197,37,car plate,609,582,806,619
2#34LH9105#03062020#140854.jpg,181,29,car plate,486,593,667,622
2#34LHB93#03062020#014528.jpg,159,27,car plate,528,618,687,645
2#34LHM21#03062020#140948.jpg,111,28,car plate,1028,602,1139,630
2#34LIN87#03062020#111346.jpg,162,27,car plate,725,595,887,622
2#34LJ3504#03062020#124736.jpg,191,34,car plate,652,564,843,598
2#34LK0043#03062020#214130.jpg,192,29,car plate,436,611,628,640
2#34LK0306#08062020#123136.jpg,152,25,car plate,624,581,776,606
2#34LK4055#03062020#002014.jpg,183,27,car plate,478,558,661,585
2#34LK6967#03062020#101201.jpg,159,26,car plate,503,587,662,613
2#34LK8518#03062020#211510.jpg,186,28,car plate,456,610,642,638
2#34LKY78#06062020#031253.jpg,200,33,car plate,829,583,1029,616
2#34LL4390#03062020#213711.jpg,179,29,car plate,500,572,679,601
2#34LL4599#07062020#203808.jpg,158,26,car plate,590,622,748,648
2#34LL5693#03062020#125558.jpg,199,36,car plate,667,560,866,596
2#34LL6310#03062020#103915.jpg,162,33,car plate,847,594,1009,627
2#34LL8492#03062020#124645.jpg,197,29,car plate,469,618,666,647
2#34LL9590#03062020#002331.jpg,175,28,car plate,391,567,566,595
2#34LL9590#03062020#213441.jpg,173,28,car plate,516,536,689,564
2#34LL9863#07062020#201138.jpg,152,27,car plate,703,616,855,643
2#34LM3563#03062020#125546.jpg,200,34,car plate,453,579,653,613
2#34LM7554#03062020#172109.jpg,191,35,car plate,848,634,1039,669
2#34LM8014#07062020#112537.jpg,145,26,car plate,689,540,834,566
2#34LN085#03062020#183837.jpg,201,33,car plate,537,631,738,664
2#34LN1775#03062020#003135.jpg,186,28,car plate,523,590,709,618
2#34LN4108#03062020#125156.jpg,167,44,car plate,1070,523,1237,567
2#34LN6546#03062020#002902.jpg,179,28,car plate,389,575,568,603
2#34LNA22#03062020#110946.jpg,156,27,car plate,686,585,842,612
2#34LNA53#03062020#155503.jpg,168,29,car plate,474,573,642,602
2#34LOZ97#03062020#143607.jpg,179,29,car plate,763,574,942,603
2#34LP1841#03062020#130259.jpg,135,36,car plate,480,524,615,560
2#34LP2095#03062020#212505.jpg,192,32,car plate,407,629,599,661
2#34LP2247#07062020#155747.jpg,148,29,car plate,1098,588,1246,617
2#34LP8062#03062020#142227.jpg,163,33,car plate,821,485,984,518
2#34LR3195#03062020#213919.jpg,186,32,car plate,467,599,653,631
2#34LR7373#03062020#212841.jpg,173,28,car plate,502,533,675,561
2#34LR9822#03062020#125314.jpg,195,36,car plate,562,552,757,588
2#34LRA35#03062020#173050.jpg,196,34,car plate,755,615,951,649
2#34LS4549#03062020#213312.jpg,191,29,car plate,342,641,533,670
2#34LS6911#03062020#143635.jpg,177,29,car plate,484,588,661,617
2#34LS8671#03062020#214152.jpg,182,29,car plate,493,590,675,619
2#34LS9460#03062020#141839.jpg,175,27,car plate,568,567,743,594
2#34LSJ77#03062020#214243.jpg,180,29,car plate,425,558,605,587
2#34LT196#03062020#211356.jpg,190,28,car plate,495,627,685,655
2#34LTE71#03062020#130313.jpg,202,36,car plate,644,609,846,645
2#34LV1130#03062020#124206.jpg,199,34,car plate,470,579,669,613
2#34LV1149#03062020#002615.jpg,186,32,car plate,428,592,614,624
2#34LV6933#03062020#181152.jpg,175,35,car plate,1060,555,1235,590
2#34LV9431#06062020#001547.jpg,192,29,car plate,771,563,963,592
2#34LY0470#03062020#180908.jpg,191,29,car plate,525,587,716,616
2#34LY9779#03062020#181215.jpg,183,28,car plate,453,539,636,567
2#34LZ0046#07062020#194936.jpg,146,26,car plate,867,544,1013,570
2#34LZ5908#03062020#184439.jpg,146,26,car plate,538,411,684,437
2#34LZ7620#03062020#110823.jpg,160,27,car plate,519,586,679,613
2#34LZ928#03062020#185934.jpg,195,29,car plate,606,607,801,636
2#34LZ9815#03062020#212740.jpg,191,28,car plate,429,634,620,662
2#34LZU11#03062020#102606.jpg,165,28,car plate,635,641,800,669
2#34LZY71#03062020#140607.jpg,182,29,car plate,383,626,565,655
2#34MB119#03062020#124244.jpg,197,34,car plate,310,596,507,630
2#34ME473#03062020#183958.jpg,189,29,car plate,575,607,764,636
2#34MH452#03062020#123848.jpg,195,32,car plate,487,589,682,621
2#34MJ0386#03062020#211205.jpg,176,27,car plate,509,597,685,624
2#34MJ0386#03062020#214253.jpg,180,28,car plate,492,630,672,658
2#34MJ786#03062020#125703.jpg,195,33,car plate,393,563,588,596
2#34MM0103#03062020#211357.jpg,194,28,car plate,409,624,603,652
2#34MM0149#03062020#124018.jpg,205,32,car plate,688,604,893,636
2#34MM0453#03062020#125054.jpg,201,33,car plate,689,573,890,606
2#34MSC35#06062020#023239.jpg,158,27,car plate,395,596,553,623
2#34MSC35#06062020#111959.jpg,158,27,car plate,389,423,547,450
2#34MTZ19#03062020#112337.jpg,163,25,car plate,607,604,770,629
2#34N8057#03062020#142525.jpg,191,28,car plate,574,646,765,674
2#34NA1349#03062020#130311.jpg,199,32,car plate,481,592,680,624
2#34NA4239#03062020#173351.jpg,181,43,car plate,862,593,1043,636
2#34NA8199#03062020#003324.jpg,184,29,car plate,484,593,668,622
2#34NAV43#03062020#185044.jpg,201,32,car plate,612,634,813,666
2#34NB4885#03062020#213404.jpg,175,28,car plate,480,549,655,577
2#34NC4539#03062020#212623.jpg,191,29,car plate,564,616,755,645
2#34ND0353#03062020#002805.jpg,181,27,car plate,464,558,645,585
2#34ND0991#03062020#213512.jpg,181,27,car plate,449,604,630,631
2#34ND4221#03062020#214202.jpg,186,32,car plate,398,595,584,627
2#34ND6406#03062020#123743.jpg,194,36,car plate,597,554,791,590
2#34ND6743#03062020#143342.jpg,182,28,car plate,470,585,652,613
2#34ND8740#03062020#124451.jpg,202,32,car plate,668,609,870,641
2#34NE7340#06062020#002759.jpg,202,33,car plate,694,601,896,634
2#34NE7340#06062020#031109.jpg,193,32,car plate,808,567,1001,599
2#34NE7857#03062020#174000.jpg,190,32,car plate,540,565,730,597
2#34NF2824#07062020#141849.jpg,151,28,car plate,711,615,862,643
2#34NF6619#03062020#213324.jpg,173,28,car plate,418,617,591,645
2#34NG0288#03062020#100400.jpg,160,27,car plate,508,628,668,655
2#34NG2148#07062020#200528.jpg,152,27,car plate,761,616,913,643
2#34NG4599#03062020#142851.jpg,178,26,car plate,435,618,613,644
2#34NG9915#03062020#125353.jpg,201,29,car plate,449,594,650,623
2#34NH2533#03062020#183532.jpg,202,32,car plate,541,639,743,671
2#34NH8894#03062020#213930.jpg,185,32,car plate,494,607,679,639
2#34NJ2749#03062020#002815.jpg,184,28,car plate,460,585,644,613
2#34NJ8173#03062020#095450.jpg,157,25,car plate,444,594,601,619
2#34NK3519#03062020#212712.jpg,176,28,car plate,476,610,652,638
2#34NL0627#03062020#174653.jpg,186,29,car plate,672,609,858,638
2#34NL6035#03062020#002408.jpg,185,29,car plate,393,590,578,619
2#34NL9134#05062020#114709.jpg,142,26,car plate,490,631,632,657
2#34NL9134#05062020#140504.jpg,176,28,car plate,419,555,595,583
2#34NN2211#03062020#212550.jpg,169,27,car plate,422,552,591,579
2#34NN3780#03062020#140845.jpg,180,28,car plate,489,644,669,672
2#34NN4804#07062020#133618.jpg,148,25,car plate,603,535,751,560
2#34NO6192#03062020#124550.jpg,180,32,car plate,549,475,729,507
2#34NP7711#06062020#000200.jpg,178,28,car plate,775,516,953,544
2#34NR3111#03062020#140809.jpg,180,32,car plate,102,626,282,658
2#34NR6228#05062020#110301.jpg,192,32,car plate,717,596,909,628
2#34NS7801#03062020#211630.jpg,189,29,car plate,399,615,588,644
2#34NS8895#03062020#003150.jpg,186,32,car plate,447,601,633,633
2#34NT0950#03062020#125642.jpg,201,35,car plate,814,580,1015,615
2#34NT6344#07062020#203006.jpg,152,27,car plate,955,626,1107,653
2#34NU3589#07062020#221032.jpg,149,25,car plate,370,598,519,623
2#34NU4194#06062020#025039.jpg,186,33,car plate,853,530,1039,563
2#34NU4389#03062020#142241.jpg,164,32,car plate,828,531,992,563
2#34NU5336#03062020#132431.jpg,172,28,car plate,334,570,506,598
2#34NU5336#03062020#134017.jpg,181,29,car plate,333,635,514,664
2#34NU8573#03062020#211655.jpg,191,32,car plate,472,626,663,658
2#34NU9927#03062020#003540.jpg,177,29,car plate,482,579,659,608
2#34NV6887#03062020#001924.jpg,180,28,car plate,456,562,636,590
2#34NV7906#08062020#194049.jpg,148,25,car plate,383,589,531,614
2#34NY0653#03062020#180845.jpg,186,32,car plate,841,613,1027,645
2#34NY7045#03062020#002511.jpg,179,28,car plate,427,554,606,582
2#34NY9984#03062020#214012.jpg,180,27,car plate,481,567,661,594
2#34NZ1484#03062020#111821.jpg,165,28,car plate,598,600,763,628
2#34NZ3935#03062020#173246.jpg,196,35,car plate,656,585,852,620
2#34P3981#03062020#123740.jpg,193,32,car plate,375,576,568,608
2#34PA0082#03062020#212018.jpg,184,26,car plate,424,604,608,630
2#34PA1480#06062020#025116.jpg,180,32,car plate,849,529,1029,561
2#34PB7025#03062020#212312.jpg,191,28,car plate,390,605,581,633
2#34PB7475#03062020#211852.jpg,186,33,car plate,493,622,679,655
2#34PB8809#03062020#141142.jpg,184,28,car plate,604,618,788,646
2#34PBG42#03062020#112606.jpg,165,27,car plate,590,590,755,617
2#34PC3816#03062020#095537.jpg,165,28,car plate,695,621,860,649
2#34PC5853#03062020#212655.jpg,182,28,car plate,419,606,601,634
2#34PC8181#03062020#175829.jpg,177,28,car plate,588,581,765,609
2#34PCB99#03062020#213331.jpg,189,29,car plate,442,601,631,630
2#34PD0685#03062020#213605.jpg,191,33,car plate,464,616,655,649
2#34PE0053#03062020#213544.jpg,186,32,car plate,421,602,607,634
2#34PE2653#03062020#174802.jpg,186,37,car plate,971,603,1157,640
2#34PE3129#03062020#175956.jpg,195,33,car plate,577,615,772,648
2#34PEA54#03062020#102341.jpg,165,28,car plate,588,628,753,656
2#34PEV84#03062020#112204.jpg,165,27,car plate,582,605,747,632
2#34PF180#07062020#155555.jpg,150,25,car plate,494,601,644,626
2#34PG1328#03062020#174319.jpg,199,29,car plate,581,625,780,654
2#34PH3825#03062020#164624.jpg,182,49,car plate,623,626,805,675
2#34PH5995#07062020#154044.jpg,150,28,car plate,776,596,926,624
2#34PH6077#03062020#002827.jpg,181,28,car plate,432,586,613,614
2#34PJ0191#03062020#213830.jpg,189,32,car plate,440,583,629,615
2#34PJ0304#03062020#095351.jpg,156,28,car plate,417,629,573,657
2#34PJ0304#03062020#111215.jpg,148,28,car plate,642,562,790,590
2#34PJ0355#03062020#211636.jpg,183,28,car plate,386,586,569,614
2#34PJ0840#03062020#111804.jpg,161,27,car plate,625,600,786,627
2#34PJ1243#03062020#124208.jpg,190,35,car plate,750,558,940,593
2#34PJ1412#07062020#112854.jpg,153,27,car plate,659,612,812,639
2#34PJ1412#08062020#134741.jpg,156,27,car plate,606,624,762,651
2#34PJ1508#03062020#212356.jpg,184,28,car plate,476,588,660,616
2#34PJ1536#03062020#212507.jpg,182,32,car plate,501,551,683,583
2#34PJ1784#03062020#112328.jpg,160,24,car plate,322,610,482,634
2#34PJ2747#03062020#125757.jpg,205,36,car plate,685,552,890,588
2#34PJ3113#03062020#214218.jpg,184,29,car plate,404,590,588,619
2#34PJ3746#03062020#212408.jpg,196,32,car plate,447,629,643,661
2#34PJ4539#03062020#124916.jpg,207,38,car plate,820,602,1027,640
2#34PJ4623#06062020#030356.jpg,192,32,car plate,824,516,1016,548
2#34PJ4891#03062020#103906.jpg,169,33,car plate,787,605,956,638
2#34PJ6305#03062020#124744.jpg,205,35,car plate,907,595,1112,630
2#34PJ6416#03062020#184132.jpg,198,32,car plate,587,603,785,635
2#34PJ6540#03062020#123853.jpg,200,32,car plate,514,570,714,602
2#34PJ6760#03062020#184015.jpg,200,32,car plate,654,592,854,624
2#34PJ6760#03062020#212832.jpg,195,29,car plate,387,616,582,645
2#34PJ6935#03062020#143111.jpg,177,29,car plate,349,552,526,581
2#34PJ7302#03062020#141810.jpg,165,28,car plate,917,506,1082,534
2#34PJ7728#03062020#095447.jpg,157,26,car plate,775,588,932,614
2#34PJ8309#03062020#125052.jpg,192,37,car plate,916,578,1108,615
2#34PJ8873#03062020#213424.jpg,189,28,car plate,583,599,772,627
2#34PJ9021#03062020#141914.jpg,184,32,car plate,556,624,740,656
2#34PJ9226#03062020#213603.jpg,191,28,car plate,494,622,685,650
2#34PK2423#05062020#101934.jpg,189,32,car plate,819,538,1008,570
2#34PK3570#03062020#213217.jpg,183,29,car plate,424,598,607,627
2#34PK4780#03062020#001941.jpg,179,28,car plate,380,554,559,582
2#34PK5126#03062020#184757.jpg,184,33,car plate,542,621,726,654
2#34PK7201#03062020#013736.jpg,163,27,car plate,486,631,649,658
2#34PL1186#03062020#212039.jpg,192,29,car plate,470,600,662,629
2#34PL8237#03062020#175740.jpg,192,26,car plate,464,620,656,646
2#34PLN86#06062020#032720.jpg,186,32,car plate,841,504,1027,536
2#34PM0569#03062020#175846.jpg,184,29,car plate,398,645,582,674
2#34PM2807#08062020#132117.jpg,156,26,car plate,502,622,658,648
2#34PM7500#03062020#212441.jpg,176,29,car plate,597,596,773,625
2#34PMH18#03062020#143323.jpg,181,27,car plate,451,622,632,649
2#34PN0292#03062020#213853.jpg,192,29,car plate,380,618,572,647
2#34PN0316#03062020#111314.jpg,163,26,car plate,682,605,845,631
2#34PN0902#03062020#211824.jpg,194,27,car plate,417,626,611,653
2#34PN2629#03062020#102631.jpg,160,28,car plate,491,610,651,638
2#34PN2700#03062020#002300.jpg,186,28,car plate,386,599,572,627
2#34PN8701#07062020#124948.jpg,149,29,car plate,1048,554,1197,583
2#34PN8702#05062020#105524.jpg,199,34,car plate,848,594,1047,628
2#34PN9175#03062020#012650.jpg,160,26,car plate,442,631,602,657
2#34PN9568#03062020#141825.jpg,164,26,car plate,564,486,728,512
2#34PNK39#03062020#111815.jpg,167,27,car plate,492,625,659,652
2#34PP6495#03062020#125215.jpg,200,32,car plate,551,586,751,618
2#34PPG86#03062020#102948.jpg,149,26,car plate,696,555,845,581
2#34PR3779#03062020#002033.jpg,180,28,car plate,468,561,648,589
2#34PR5050#06062020#001927.jpg,189,32,car plate,815,525,1004,557
2#34PR6522#03062020#174535.jpg,174,34,car plate,963,584,1137,618
2#34PR7047#03062020#212546.jpg,183,32,car plate,463,585,646,617
2#34PR8929#03062020#212041.jpg,190,32,car plate,427,634,617,666
2#34PRA23#03062020#213644.jpg,194,29,car plate,482,632,676,661
2#34PRJ01#03062020#125244.jpg,185,29,car plate,521,575,706,604
2#34PRT08#03062020#102817.jpg,77,23,car plate,685,510,762,533
2#34PS7735#03062020#113134.jpg,167,25,car plate,725,606,892,631
2#34PS8598#03062020#132511.jpg,184,28,car plate,223,623,407,651
2#34PS8598#03062020#134110.jpg,183,29,car plate,224,613,407,642
2#34PS9924#03062020#184307.jpg,175,32,car plate,620,542,795,574
2#34PSJ08#03062020#111432.jpg,162,26,car plate,448,602,610,628
2#34PT2008#03062020#104325.jpg,168,32,car plate,847,624,1015,656
2#34PT2995#03062020#095551.jpg,161,28,car plate,525,609,686,637
2#34PT3044#06062020#140250.jpg,194,28,car plate,837,583,1031,611
2#34PT6422#03062020#002005.jpg,190,32,car plate,387,599,577,631
2#34PU0280#03062020#123939.jpg,194,29,car plate,539,555,733,584
2#34PU2022#03062020#211240.jpg,195,28,car plate,442,643,637,671
2#34PU5662#07062020#202612.jpg,153,27,car plate,709,616,862,643
2#34PU7412#06062020#030316.jpg,192,29,car plate,731,559,923,588
2#34PV1747#03062020#140742.jpg,178,34,car plate,934,596,1112,630
2#34PV4434#03062020#111632.jpg,159,26,car plate,691,573,850,599
2#34PV5160#03062020#094530.jpg,162,27,car plate,486,636,648,663
2#34PV5695#03062020#211353.jpg,185,32,car plate,438,617,623,649
2#34PV7540#03062020#211258.jpg,189,28,car plate,449,619,638,647
2#34PV9002#03062020#142038.jpg,169,35,car plate,768,546,937,581
2#34PY0918#03062020#111501.jpg,153,26,car plate,549,554,702,580
2#34PY0918#03062020#133107.jpg,186,29,car plate,387,621,573,650
2#34PY0945#03062020#125817.jpg,206,29,car plate,416,607,622,636
2#34PY2015#03062020#140800.jpg,181,29,car plate,764,607,945,636
2#34PY2113#03062020#003001.jpg,173,29,car plate,523,574,696,603
2#34PY3120#07062020#212900.jpg,150,26,car plate,737,597,887,623
2#34PY3231#06062020#033034.jpg,194,29,car plate,776,624,970,653
2#34RA0737#03062020#213443.jpg,185,28,car plate,534,594,719,622
2#34RA3651#03062020#095041.jpg,158,26,car plate,666,605,824,631
2#34RA8416#03062020#172745.jpg,195,37,car plate,843,622,1038,659
2#34RA8622#03062020#012612.jpg,159,26,car plate,443,613,602,639
2#34RA8693#03062020#212435.jpg,185,28,car plate,407,602,592,630
2#34RA9389#03062020#124657.jpg,196,41,car plate,729,565,925,606
2#34RB3162#03062020#212331.jpg,185,28,car plate,377,620,562,648
2#34RB4262#03062020#124219.jpg,195,33,car plate,575,564,770,597
2#34RB4502#03062020#101040.jpg,142,27,car plate,629,529,771,556
2#34RB6220#05062020#233815.jpg,191,34,car plate,743,593,934,627
2#34RB6659#08062020#200446.jpg,152,27,car plate,472,558,624,585
2#34RB7559#03062020#142324.jpg,173,28,car plate,421,603,594,631
2#34RB7828#03062020#185136.jpg,195,32,car plate,641,646,836,678
2#34RC2350#03062020#175459.jpg,193,29,car plate,610,624,803,653
2#34RC4057#03062020#142633.jpg,177,26,car plate,534,573,711,599
2#34RC7671#07062020#202219.jpg,148,26,car plate,571,563,719,589
2#34RC9227#03062020#212527.jpg,177,27,car plate,417,543,594,570
2#34RD7028#03062020#141408.jpg,177,36,car plate,812,596,989,632
2#34RD8752#03062020#003308.jpg,184,28,car plate,407,590,591,618
2#34RD9588#07062020#201453.jpg,148,26,car plate,529,602,677,628
2#34RE3902#07062020#142755.jpg,150,27,car plate,503,602,653,629
2#34RE6545#03062020#112446.jpg,152,25,car plate,506,561,658,586
2#34RF913#03062020#130227.jpg,112,32,car plate,612,441,724,473
2#34RG9333#03062020#125218.jpg,193,33,car plate,518,552,711,585
2#34RGR81#03062020#211948.jpg,180,28,car plate,570,613,750,641
2#34RH4924#03062020#185214.jpg,183,33,car plate,660,592,843,625
2#34RH7957#03062020#095152.jpg,164,27,car plate,398,635,562,662
2#34RJ0496#03062020#213249.jpg,181,32,car plate,458,560,639,592
2#34RJ2843#03062020#003417.jpg,178,29,car plate,482,590,660,619
2#34RJ4808#03062020#095242.jpg,163,27,car plate,599,622,762,649
2#34RJ7624#07062020#201917.jpg,150,25,car plate,908,587,1058,612
2#34RJ7624#07062020#230155.jpg,152,24,car plate,890,603,1042,627
2#34RK1673#05062020#140631.jpg,169,43,car plate,500,548,669,591
2#34RK1673#05062020#142213.jpg,176,45,car plate,443,587,619,632
2#34RK3504#06062020#000725.jpg,177,28,car plate,793,531,970,559
2#34RK5867#07062020#124756.jpg,151,25,car plate,507,576,658,601
2#34RK7397#08062020#132703.jpg,157,26,car plate,564,623,721,649
2#34RL4003#03062020#140711.jpg,186,32,car plate,610,636,796,668
2#34RL6986#03062020#212002.jpg,185,29,car plate,340,608,525,637
2#34RL7605#07062020#201327.jpg,156,27,car plate,447,610,603,637
2#34RL8118#03062020#212108.jpg,186,32,car plate,432,601,618,633
2#34RL9445#03062020#211809.jpg,190,29,car plate,452,600,642,629
2#34RLA44#03062020#125802.jpg,193,37,car plate,556,591,749,628
2#34RLN87#03062020#185559.jpg,200,33,car plate,557,639,757,672
2#34RM7657#03062020#003158.jpg,186,29,car plate,394,585,580,614
2#34RME92#08062020#114749.jpg,152,27,car plate,968,634,1120,661
2#34RN2074#03062020#111039.jpg,163,27,car plate,721,606,884,633
2#34RP1651#06062020#135730.jpg,186,28,car plate,753,528,939,556
2#34RP2716#03062020#125410.jpg,185,34,car plate,725,563,910,597
2#34RP5673#03062020#123622.jpg,211,36,car plate,723,602,934,638
2#34RP6301#05062020#102011.jpg,182,28,car plate,708,501,890,529
2#34RP7007#03062020#212916.jpg,185,28,car plate,375,595,560,623
2#34RP7919#05062020#110804.jpg,197,32,car plate,709,548,906,580
2#34RP8338#03062020#213306.jpg,196,32,car plate,473,632,669,664
2#34RP8480#05062020#110402.jpg,159,26,car plate,755,450,914,476
2#34RR1465#03062020#213229.jpg,184,28,car plate,542,601,726,629
2#34RR2047#03062020#003239.jpg,173,27,car plate,478,563,651,590
2#34RR2112#03062020#003056.jpg,185,32,car plate,449,581,634,613
2#34RR2237#03062020#130217.jpg,173,32,car plate,670,433,843,465
2#34RR2411#03062020#100828.jpg,158,25,car plate,610,631,768,656
2#34RR2411#03062020#102107.jpg,146,25,car plate,572,558,718,583
2#34RR3113#03062020#212628.jpg,182,28,car plate,401,597,583,625
2#34RR3226#03062020#111056.jpg,163,26,car plate,537,609,700,635
2#34RR3385#03062020#185634.jpg,199,33,car plate,565,619,764,652
2#34RR3429#03062020#002423.jpg,183,28,car plate,450,564,633,592
2#34RR3875#03062020#211500.jpg,183,27,car plate,476,610,659,637
2#34RR4024#03062020#212532.jpg,201,32,car plate,424,639,625,671
2#34RR4095#03062020#180938.jpg,197,29,car plate,789,601,986,630
2#34RR4135#03062020#141044.jpg,186,32,car plate,570,620,756,652
2#34RR4337#03062020#003247.jpg,181,29,car plate,574,584,755,613
2#34RR4385#03062020#125502.jpg,205,34,car plate,496,604,701,638
2#34RR4403#03062020#100237.jpg,166,27,car plate,586,654,752,681
2#34RR4572#03062020#123934.jpg,192,29,car plate,261,600,453,629
2#34RR4676#03062020#212525.jpg,179,28,car plate,392,552,571,580
2#34RR4868#03062020#185454.jpg,192,28,car plate,535,601,727,629
2#34RR4940#03062020#212319.jpg,190,29,car plate,451,600,641,629
2#34RR5020#03062020#212530.jpg,179,25,car plate,464,600,643,625
2#34RR5173#03062020#212926.jpg,193,29,car plate,422,638,615,667
2#34RR5179#03062020#111123.jpg,168,27,car plate,542,619,710,646
2#34RR5486#03062020#214126.jpg,192,29,car plate,373,603,565,632
2#34RR5631#03062020#002919.jpg,179,28,car plate,403,580,582,608
2#34RR5858#03062020#181116.jpg,185,38,car plate,940,605,1125,643
2#34RR6210#03062020#211523.jpg,182,27,car plate,461,563,643,590
2#34RR6284#03062020#125419.jpg,198,32,car plate,728,566,926,598
2#34RR6552#03062020#100815.jpg,158,25,car plate,592,623,750,648
2#34RR6813#03062020#174857.jpg,190,29,car plate,760,621,950,650
2#34RR6828#03062020#213558.jpg,192,27,car plate,425,605,617,632
2#34RR7035#03062020#002122.jpg,184,27,car plate,490,600,674,627
2#34RR7514#03062020#094445.jpg,158,26,car plate,579,605,737,631
2#34RR7993#03062020#213736.jpg,184,28,car plate,359,587,543,615
2#34RR8269#03062020#175508.jpg,183,37,car plate,994,594,1177,631
2#34RR8689#03062020#184433.jpg,193,33,car plate,438,618,631,651
2#34RR8751#03062020#111204.jpg,153,26,car plate,731,585,884,611
2#34RR8764#03062020#143357.jpg,182,32,car plate,284,644,466,676
2#34RR9283#03062020#212158.jpg,182,29,car plate,494,595,676,624
2#34RR9574#03062020#213607.jpg,189,29,car plate,357,630,546,659
2#34RR9827#03062020#180956.jpg,189,34,car plate,888,599,1077,633
2#34RS0673#03062020#183648.jpg,189,32,car plate,615,592,804,624
2#34RS3959#06062020#021812.jpg,133,28,car plate,429,620,562,648
2#34RS788#03062020#125539.jpg,213,38,car plate,778,618,991,656
2#34RT0245#03062020#100930.jpg,156,26,car plate,559,575,715,601
2#34RT0863#03062020#213246.jpg,179,28,car plate,355,547,534,575
2#34RT1575#03062020#213224.jpg,180,29,car plate,552,602,732,631
2#34RT4336#03062020#111941.jpg,169,27,car plate,510,629,679,656
2#34RT5542#03062020#132138.jpg,183,28,car plate,389,601,572,629
2#34RU3229#03062020#211208.jpg,197,32,car plate,417,638,614,670
2#34RU3229#03062020#214256.jpg,192,29,car plate,443,610,635,639
2#34RU377#03062020#171828.jpg,39,46,car plate,762,615,801,661
2#34RV5101#03062020#112458.jpg,146,24,car plate,659,536,805,560
2#34RV5453#03062020#125434.jpg,185,37,car plate,614,486,799,523
2#34RV5890#05062020#142255.jpg,133,24,car plate,376,446,509,470
2#34RY2685#03062020#112723.jpg,162,28,car plate,622,625,784,653
2#34RY589#03062020#095552.jpg,167,26,car plate,555,589,722,615
2#34RZ6165#03062020#002555.jpg,190,32,car plate,492,590,682,622
2#34RZ9617#08062020#193330.jpg,156,27,car plate,601,589,757,616
2#34RZY39#03062020#212946.jpg,185,28,car plate,416,577,601,605
2#34SA4806#03062020#111217.jpg,150,26,car plate,639,586,789,612
2#34SA4914#05062020#101513.jpg,180,32,car plate,785,499,965,531
2#34SA7842#03062020#212850.jpg,182,29,car plate,425,589,607,618
2#34SA8248#03062020#102851.jpg,150,26,car plate,531,606,681,632
2#34SA9709#03062020#100924.jpg,161,27,car plate,625,609,786,636
2#34SB1287#03062020#132321.jpg,191,32,car plate,355,623,546,655
2#34SB1287#03062020#133843.jpg,191,29,car plate,355,625,546,654
2#34SB1811#03062020#124619.jpg,199,35,car plate,631,586,830,621
2#34SB3711#07062020#204628.jpg,145,25,car plate,468,585,613,610
2#34SB9302#06062020#032846.jpg,192,28,car plate,789,562,981,590
2#34SC1379#03062020#094352.jpg,168,28,car plate,584,640,752,668
2#34SC2413#03062020#111523.jpg,149,25,car plate,445,520,594,545
2#34SC3043#03062020#123739.jpg,209,33,car plate,486,638,695,671
2#34SC4712#07062020#154655.jpg,150,25,car plate,595,570,745,595
2#34SD7483#06062020#000916.jpg,184,32,car plate,843,496,1027,528
2#34SD8604#03062020#174301.jpg,194,33,car plate,474,621,668,654
2#34SDD95#05062020#103335.jpg,194,35,car plate,947,592,1141,627
2#34SDJ21#03062020#214148.jpg,174,29,car plate,441,611,615,640
2#34SE1263#03062020#100714.jpg,166,29,car plate,561,644,727,673
2#34SE2950#03062020#095312.jpg,153,24,car plate,566,604,719,628
2#34SE4529#03062020#183501.jpg,198,33,car plate,589,625,787,658
2#34SE5359#06062020#021822.jpg,134,24,car plate,400,606,534,630
2#34SE8662#07062020#133942.jpg,153,27,car plate,753,598,906,625
2#34SE8662#07062020#162719.jpg,149,27,car plate,754,550,903,577
2#34SE8662#07062020#210951.jpg,150,27,car plate,1086,610,1236,637
2#34SF0444#03062020#213818.jpg,176,28,car plate,350,544,526,572
2#34SF3913#03062020#172957.jpg,180,35,car plate,791,593,971,628
2#34SF8577#03062020#143332.jpg,178,33,car plate,77,609,255,642
2#34SF9033#06062020#032655.jpg,193,29,car plate,849,573,1042,602
2#34SG2330#06062020#032808.jpg,198,29,car plate,698,586,896,615
2#34SG4712#03062020#211235.jpg,191,33,car plate,434,625,625,658
2#34SG4910#06062020#135737.jpg,185,29,car plate,786,523,971,552
2#34SG6620#03062020#124738.jpg,183,42,car plate,913,526,1096,568
2#34SG9335#06062020#032212.jpg,196,32,car plate,657,560,853,592
2#34SG9947#05062020#103403.jpg,196,33,car plate,713,568,909,601
2#34SGF11#03062020#095001.jpg,103,27,car plate,467,589,570,616
2#34SGM61#03062020#212709.jpg,186,28,car plate,410,580,596,608
2#34SJ1294#06062020#002842.jpg,197,32,car plate,690,554,887,586
2#34SJ422#03062020#214112.jpg,182,28,car plate,369,584,551,612
2#34SJ4338#03062020#111824.jpg,153,26,car plate,685,550,838,576
2#34SJ6665#07062020#211914.jpg,153,25,car plate,631,592,784,617
2#34SJ9275#06062020#031948.jpg,183,29,car plate,758,528,941,557
2#34SJN96#03062020#143700.jpg,176,27,car plate,478,585,654,612
2#34SK3206#03062020#112827.jpg,149,25,car plate,520,551,669,576
2#34SK3273#03062020#211713.jpg,176,32,car plate,338,548,514,580
2#34SK4970#03062020#164715.jpg,192,45,car plate,449,635,641,680
2#34SK8431#03062020#180945.jpg,186,28,car plate,471,595,657,623
2#34SK9551#03062020#130041.jpg,190,34,car plate,407,598,597,632
2#34SK9788#03062020#212635.jpg,190,28,car plate,392,608,582,636
2#34SL6005#05062020#110002.jpg,175,28,car plate,729,526,904,554
2#34SM1186#05062020#235002.jpg,190,28,car plate,663,597,853,625
2#34SM2914#06062020#103002.jpg,168,28,car plate,354,596,522,624
2#34SN0163#03062020#175611.jpg,184,36,car plate,962,581,1146,617
2#34SN0251#03062020#214200.jpg,179,27,car plate,463,582,642,609
2#34SN0797#03062020#111922.jpg,163,26,car plate,706,597,869,623
2#34SN0907#03062020#003257.jpg,185,29,car plate,487,583,672,612
2#34SN1016#03062020#211537.jpg,178,28,car plate,431,583,609,611
2#34SN1077#03062020#140645.jpg,182,27,car plate,441,620,623,647
2#34SN1637#03062020#130117.jpg,92,27,car plate,631,370,723,397
2#34SN1870#03062020#112151.jpg,161,26,car plate,572,587,733,613
2#34SN1892#03062020#211736.jpg,194,32,car plate,412,618,606,650
2#34SN1898#03062020#143742.jpg,186,28,car plate,511,616,697,644
2#34SN2128#03062020#212109.jpg,192,27,car plate,488,633,680,660
2#34SN2388#03062020#003244.jpg,185,28,car plate,405,586,590,614
2#34SN2677#03062020#211215.jpg,186,28,car plate,486,606,672,634
2#34SN2819#03062020#212303.jpg,175,26,car plate,482,571,657,597
2#34SN4302#03062020#142519.jpg,177,27,car plate,335,621,512,648
2#34SN4462#03062020#124424.jpg,200,41,car plate,736,527,936,568
2#34SN4553#03062020#002232.jpg,180,28,car plate,535,576,715,604
2#34SN4631#03062020#211615.jpg,191,34,car plate,581,620,772,654
2#34SN4819#03062020#094932.jpg,163,27,car plate,431,621,594,648
2#34SN4888#03062020#103703.jpg,151,28,car plate,722,534,873,562
2#34SN5051#03062020#211341.jpg,180,27,car plate,412,595,592,622
2#34SN5209#03062020#141247.jpg,175,27,car plate,567,555,742,582
2#34SN5241#03062020#012249.jpg,161,27,car plate,620,606,781,633
2#34SN5346#03062020#141234.jpg,186,26,car plate,547,634,733,660
2#34SN5567#03062020#212742.jpg,178,28,car plate,549,553,727,581
2#34SN5576#03062020#212826.jpg,183,28,car plate,423,600,606,628
2#34SN6174#03062020#125712.jpg,185,42,car plate,1024,539,1209,581
2#34SN6585#03062020#212226.jpg,112,28,car plate,469,614,581,642
2#34SN6671#03062020#213629.jpg,185,29,car plate,436,615,621,644
2#34SN6834#03062020#213649.jpg,184,29,car plate,487,607,671,636
2#34SN7153#03062020#124448.jpg,198,35,car plate,626,532,824,567
2#34SN7466#03062020#183651.jpg,183,29,car plate,519,589,702,618
2#34SN7819#03062020#142512.jpg,175,29,car plate,258,570,433,599
2#34SN7898#03062020#185138.jpg,184,28,car plate,639,606,823,634
2#34SN7973#03062020#002501.jpg,185,29,car plate,500,587,685,616
2#34SN8316#03062020#211847.jpg,184,29,car plate,445,582,629,611
2#34SN8717#03062020#102338.jpg,164,28,car plate,622,601,786,629
2#34SN8741#03062020#213235.jpg,186,29,car plate,458,590,644,619
2#34SN8914#03062020#003046.jpg,178,29,car plate,528,552,706,581
2#34SN8924#03062020#002637.jpg,182,28,car plate,470,579,652,607
2#34SN9087#03062020#213451.jpg,190,33,car plate,432,626,622,659
2#34SN9924#03062020#140834.jpg,185,32,car plate,602,639,787,671
2#34SN9967#03062020#102552.jpg,165,28,car plate,533,629,698,657
2#34SOT77#03062020#112610.jpg,153,25,car plate,620,547,773,572
2#34SP0945#08062020#132244.jpg,152,26,car plate,628,603,780,629
2#34SP1203#03062020#211945.jpg,192,28,car plate,381,630,573,658
2#34SP2521#03062020#001853.jpg,173,27,car plate,513,566,686,593
2#34SP2521#03062020#003017.jpg,176,27,car plate,456,597,632,624
2#34SP3579#03062020#125942.jpg,195,43,car plate,809,570,1004,613
2#34SP4559#06062020#000430.jpg,202,33,car plate,769,588,971,621
2#34SP5624#03062020#130043.jpg,184,37,car plate,667,566,851,603
2#34SP7785#03062020#003355.jpg,184,29,car plate,446,587,630,616
2#34SP8918#03062020#130243.jpg,210,32,car plate,529,610,739,642
2#34SP9020#03062020#013543.jpg,157,25,car plate,503,609,660,634
2#34SR4185#06062020#152016.jpg,168,26,car plate,397,551,565,577
2#34SR5743#03062020#124436.jpg,162,36,car plate,811,393,973,429
2#34ST8663#03062020#212637.jpg,175,27,car plate,615,550,790,577
2#34STM63#03062020#124956.jpg,197,29,car plate,427,582,624,611
2#34SV2838#03062020#014238.jpg,157,27,car plate,547,561,704,588
2#34SV3795#03062020#184456.jpg,189,32,car plate,588,630,777,662
2#34SV4985#03062020#112305.jpg,151,26,car plate,584,552,735,578
2#34SV6192#03062020#180344.jpg,178,34,car plate,70,574,248,608
2#34SY1308#06062020#000945.jpg,209,35,car plate,712,615,921,650
2#34SY2304#03062020#101522.jpg,146,26,car plate,502,560,648,586
2#34SY3112#07062020#201907.jpg,137,25,car plate,761,549,898,574
2#34SY3459#03062020#211351.jpg,186,26,car plate,505,569,691,595
2#34SY3568#06062020#002644.jpg,181,32,car plate,651,544,832,576
2#34SY5865#03062020#130307.jpg,169,37,car plate,788,424,957,461
2#34SY9043#08062020#133201.jpg,152,27,car plate,670,623,822,650
2#34SZ5415#05062020#101519.jpg,189,28,car plate,729,549,918,577
2#34T0612#03062020#155715.jpg,174,29,car plate,467,646,641,675
2#34T4189#03062020#140518.jpg,190,28,car plate,586,644,776,672
2#34TA3371#03062020#211711.jpg,179,28,car plate,478,591,657,619
2#34TA4471#03062020#142417.jpg,165,28,car plate,740,494,905,522
2#34TB0702#03062020#094620.jpg,161,27,car plate,592,593,753,620
2#34TB419#03062020#213218.jpg,185,32,car plate,369,604,554,636
2#34TB8709#03062020#094753.jpg,161,27,car plate,633,602,794,629
2#34TCF90#03062020#094547.jpg,153,28,car plate,343,591,496,619
2#34TD2262#08062020#131044.jpg,157,26,car plate,471,630,628,656
2#34TFJ59#03062020#111039.jpg,158,27,car plate,646,586,804,613
2#34TG2449#03062020#173343.jpg,209,41,car plate,793,623,1002,664
2#34TG6907#03062020#212806.jpg,191,29,car plate,391,626,582,655
2#34TH8859#03062020#095317.jpg,157,27,car plate,649,587,806,614
2#34TH980#03062020#153253.jpg,162,29,car plate,636,503,798,532
2#34TJ0575#08062020#115013.jpg,156,26,car plate,301,625,457,651
2#34TJ8071#03062020#212206.jpg,191,29,car plate,385,616,576,645
2#34TK4177#03062020#213429.jpg,191,32,car plate,403,616,594,648
2#34TK7305#03062020#213317.jpg,191,29,car plate,461,618,652,647
2#34TL3409#03062020#111256.jpg,157,27,car plate,613,574,770,601
2#34TM5298#03062020#124115.jpg,207,32,car plate,467,624,674,656
2#34TN1257#03062020#095325.jpg,167,29,car plate,637,637,804,666
2#34TP3024#03062020#003500.jpg,179,29,car plate,433,561,612,590
2#34TR5549#03062020#213550.jpg,166,26,car plate,356,565,522,591
2#34TR5590#03062020#132418.jpg,179,28,car plate,424,626,603,654
2#34TR5590#03062020#133959.jpg,176,27,car plate,425,602,601,629
2#34TS331#03062020#211638.jpg,181,28,car plate,302,595,483,623
2#34TS6083#03062020#123814.jpg,186,34,car plate,292,555,478,589
2#34TT300#06062020#031308.jpg,194,29,car plate,734,553,928,582
2#34TT877#03062020#124012.jpg,198,37,car plate,593,565,791,602
2#34TU0443#03062020#130028.jpg,211,36,car plate,533,615,744,651
2#34TU8985#07062020#162733.jpg,153,25,car plate,196,624,349,649
2#34TV1254#03062020#212556.jpg,191,32,car plate,406,618,597,650
2#34TV7368#06062020#000313.jpg,182,29,car plate,741,493,923,522
2#34U1138#03062020#111647.jpg,157,26,car plate,493,585,650,611
2#34U2596#03062020#094308.jpg,149,26,car plate,553,492,702,518
2#34U2905#03062020#174951.jpg,195,29,car plate,588,627,783,656
2#34UA1638#03062020#213420.jpg,189,28,car plate,458,607,647,635
2#34UA2707#03062020#124824.jpg,200,34,car plate,581,577,781,611
2#34UB7859#03062020#184009.jpg,178,26,car plate,675,614,853,640
2#34UC8070#03062020#213615.jpg,190,32,car plate,406,630,596,662
2#34UC8205#08062020#123509.jpg,153,26,car plate,566,628,719,654
2#34UD0844#07062020#194345.jpg,152,26,car plate,575,593,727,619
2#34UE0266#03062020#001819.jpg,178,28,car plate,455,564,633,592
2#34UF5655#03062020#012921.jpg,165,29,car plate,507,629,672,658
2#34UF7365#03062020#125326.jpg,207,41,car plate,600,562,807,603
2#34UG5007#03062020#211629.jpg,184,28,car plate,481,586,665,614
2#34UH9402#03062020#172847.jpg,206,35,car plate,623,630,829,665
2#34UJ7421#03062020#002539.jpg,182,29,car plate,509,575,691,604
2#34UJP70#03062020#212928.jpg,190,29,car plate,641,612,831,641
2#34UK4183#03062020#211935.jpg,183,29,car plate,487,595,670,624
2#34UK6443#08062020#115441.jpg,141,33,car plate,624,587,765,620
2#34UK6571#03062020#112331.jpg,148,26,car plate,611,541,759,567
2#34UK6845#03062020#212421.jpg,182,28,car plate,409,583,591,611
2#34UK9630#03062020#124020.jpg,192,33,car plate,456,546,648,579
2#34UL0629#03062020#155431.jpg,174,24,car plate,611,599,785,623
2#34UL2079#03062020#124518.jpg,189,36,car plate,584,501,773,537
2#34ULK94#03062020#172343.jpg,197,35,car plate,913,638,1110,673
2#34UM1139#03062020#212419.jpg,190,29,car plate,350,644,540,673
2#34UN0864#03062020#123647.jpg,191,32,car plate,653,550,844,582
2#34UN1228#03062020#003532.jpg,180,28,car plate,444,566,624,594
2#34UN4030#06062020#141214.jpg,168,26,car plate,765,520,933,546
2#34UP0218#03062020#154056.jpg,168,29,car plate,541,643,709,672
2#34UP1152#03062020#211531.jpg,183,28,car plate,461,556,644,584
2#34UP9470#03062020#211816.jpg,181,28,car plate,486,602,667,630
2#34UR4188#03062020#094622.jpg,163,27,car plate,671,622,834,649
2#34UR7222#03062020#143551.jpg,179,27,car plate,414,586,593,613
2#34URC59#03062020#170710.jpg,208,33,car plate,720,623,928,656
2#34US9707#03062020#101502.jpg,166,28,car plate,649,641,815,669
2#34UT2176#03062020#211907.jpg,193,29,car plate,412,640,605,669
2#34UT9202#03062020#125812.jpg,206,32,car plate,466,598,672,630
2#34UU3696#03062020#212346.jpg,186,32,car plate,519,591,705,623
2#34UU8964#03062020#211653.jpg,165,28,car plate,624,480,789,508
2#34UZ3014#03062020#164747.jpg,180,45,car plate,588,625,768,670
2#34V3757#03062020#211647.jpg,182,29,car plate,396,600,578,629
2#34V8843#06062020#033745.jpg,191,32,car plate,643,566,834,598
2#34VA0484#03062020#130222.jpg,157,34,car plate,596,375,753,409
2#34VB0891#03062020#112853.jpg,153,26,car plate,504,590,657,616
2#34VD6549#03062020#175030.jpg,190,29,car plate,517,608,707,637
2#34VD6706#03062020#212642.jpg,193,29,car plate,379,635,572,664
2#34VE4942#03062020#002057.jpg,185,29,car plate,434,585,619,614
2#34VE7182#03062020#175513.jpg,196,33,car plate,604,618,800,651
2#34VE7830#03062020#141313.jpg,178,28,car plate,571,576,749,604
2#34VF2404#03062020#125248.jpg,183,35,car plate,667,501,850,536
2#34VF3173#03062020#212910.jpg,175,27,car plate,443,550,618,577
2#34VF5025#08062020#132617.jpg,153,26,car plate,513,643,666,669
2#34VF6565#03062020#142020.jpg,177,28,car plate,339,544,516,572
2#34VF8822#03062020#002022.jpg,181,29,car plate,375,580,556,609
2#34VG4205#03062020#013100.jpg,166,26,car plate,592,615,758,641
2#34VG4934#03062020#123718.jpg,194,36,car plate,611,501,805,537
2#34VG9018#08062020#131825.jpg,157,27,car plate,406,622,563,649
2#34VG9367#03062020#211230.jpg,190,32,car plate,418,621,608,653
2#34VH0008#03062020#100849.jpg,153,29,car plate,617,592,770,621
2#34VH1202#07062020#212709.jpg,132,24,car plate,590,560,722,584
2#34VH6196#03062020#142026.jpg,176,29,car plate,521,602,697,631
2#34VH7545#03062020#213057.jpg,190,29,car plate,533,607,723,636
2#34VJ0816#03062020#173546.jpg,198,35,car plate,715,587,913,622
2#34VJ1509#03062020#125641.jpg,199,35,car plate,626,552,825,587
2#34VJ4715#03062020#103644.jpg,153,29,car plate,808,552,961,581
2#34VJ6299#03062020#212506.jpg,180,28,car plate,420,556,600,584
2#34VJ8172#03062020#111332.jpg,159,27,car plate,576,556,735,583
2#34VK3056#06062020#002152.jpg,198,35,car plate,724,513,922,548
2#34VK6648#03062020#102032.jpg,163,27,car plate,499,597,662,624
2#34VN0360#03062020#124724.jpg,184,29,car plate,654,519,838,548
2#34VP0127#06062020#025523.jpg,181,29,car plate,800,549,981,578
2#34VP1550#03062020#214235.jpg,182,29,car plate,461,591,643,620
2#34VP7267#03062020#143435.jpg,183,29,car plate,534,630,717,659
2#34VPU12#03062020#213639.jpg,177,24,car plate,484,556,661,580
2#34VR3043#03062020#212414.jpg,177,28,car plate,503,547,680,575
2#34VR5770#03062020#141214.jpg,179,28,car plate,565,593,744,621
2#34VR9756#07062020#180955.jpg,119,25,car plate,1010,584,1129,609
2#34VRM78#03062020#213115.jpg,194,33,car plate,452,629,646,662
2#34VS0914#03062020#170814.jpg,177,32,car plate,789,508,966,540
2#34VS2672#03062020#213836.jpg,185,27,car plate,426,626,611,653
2#34VS4215#03062020#002525.jpg,182,27,car plate,423,571,605,598
2#34VS4215#03062020#003331.jpg,189,29,car plate,537,595,726,624
2#34VT2795#03062020#212423.jpg,192,29,car plate,396,636,588,665
2#34VT3182#03062020#124655.jpg,192,44,car plate,827,555,1019,599
2#34VT4883#03062020#211734.jpg,180,27,car plate,435,581,615,608
2#34VT9237#03062020#214108.jpg,183,28,car plate,409,624,592,652
2#34VT9336#03062020#155446.jpg,179,33,car plate,492,655,671,688
2#34VU0929#03062020#013252.jpg,161,27,car plate,673,591,834,618
2#34VU7848#03062020#213612.jpg,185,32,car plate,538,592,723,624
2#34VV5164#03062020#003111.jpg,179,28,car plate,493,571,672,599
2#34VY9485#03062020#213842.jpg,186,28,car plate,426,604,612,632
2#34YB4583#03062020#174730.jpg,190,28,car plate,498,582,688,610
2#34YB8706#03062020#211721.jpg,184,28,car plate,459,593,643,621
2#34YC1729#03062020#183454.jpg,192,33,car plate,517,610,709,643
2#34YC3360#03062020#143019.jpg,180,28,car plate,585,580,765,608
2#34YC3697#03062020#002134.jpg,189,28,car plate,524,589,713,617
2#34YC9537#03062020#100529.jpg,166,27,car plate,616,623,782,650
2#34YEZ42#03062020#212803.jpg,157,25,car plate,510,452,667,477
2#34YJ2907#03062020#212703.jpg,182,29,car plate,413,598,595,627
2#34YK0399#03062020#112936.jpg,161,26,car plate,580,580,741,606
2#34YK8108#03062020#180614.jpg,191,27,car plate,651,572,842,599
2#34YL0570#03062020#213551.jpg,190,32,car plate,251,639,441,671
2#34YL6902#03062020#212717.jpg,185,29,car plate,362,637,547,666
2#34YL8396#03062020#184913.jpg,196,32,car plate,539,605,735,637
2#34YL9771#03062020#125050.jpg,197,42,car plate,813,567,1010,609
2#34YM3023#03062020#211857.jpg,156,27,car plate,462,591,618,618
2#34YN1545#03062020#125805.jpg,207,36,car plate,609,615,816,651
2#34YP0438#03062020#154253.jpg,167,29,car plate,561,542,728,571
2#34YP6599#03062020#143714.jpg,181,28,car plate,539,574,720,602
2#34YR2294#03062020#183223.jpg,205,33,car plate,538,648,743,681
2#34YR3127#03062020#002723.jpg,183,28,car plate,478,601,661,629
2#34YR4264#03062020#112011.jpg,160,26,car plate,632,581,792,607
2#34YR4816#03062020#183312.jpg,186,29,car plate,580,603,766,632
2#34YR6802#03062020#143240.jpg,183,26,car plate,495,589,678,615
2#34YR8920#03062020#143513.jpg,178,28,car plate,431,614,609,642
2#34YRT15#03062020#125137.jpg,199,36,car plate,851,582,1050,618
2#34YS1060#03062020#213811.jpg,166,26,car plate,543,498,709,524
2#34YT6371#03062020#124210.jpg,198,34,car plate,540,569,738,603
2#34YT8800#03062020#212027.jpg,178,27,car plate,343,560,521,587
2#34YZC58#03062020#212819.jpg,192,29,car plate,439,634,631,663
2#34YZL97#03062020#181143.jpg,190,28,car plate,670,576,860,604
2#34YZR26#07062020#152741.jpg,156,26,car plate,631,606,787,632
2#34YZR37#08062020#195258.jpg,159,28,car plate,651,661,810,689
2#34Z6377#03062020#152851.jpg,178,26,car plate,601,612,779,638
2#34ZA3420#03062020#142854.jpg,183,29,car plate,488,594,671,623
2#34ZA5889#03062020#012627.jpg,167,27,car plate,569,631,736,658
2#34ZA7439#03062020#001931.jpg,189,32,car plate,469,585,658,617
2#34ZA8038#03062020#213541.jpg,190,28,car plate,472,580,662,608
2#34ZB038#03062020#211928.jpg,172,26,car plate,459,519,631,545
2#34ZB1390#03062020#124305.jpg,208,45,car plate,542,615,750,660
2#34ZB1815#07062020#134506.jpg,147,26,car plate,783,533,930,559
2#34ZB1815#07062020#180357.jpg,136,26,car plate,499,607,635,633
2#34ZB1815#07062020#180357.jpg,83,27,car plate,401,573,484,600
2#34ZB4558#03062020#211600.jpg,182,29,car plate,408,593,590,622
2#34ZC1592#03062020#214230.jpg,175,28,car plate,601,576,776,604
2#34ZC2852#03062020#153319.jpg,161,26,car plate,624,494,785,520
2#34ZC629#03062020#095232.jpg,151,26,car plate,672,593,823,619
2#34ZCM94#03062020#141342.jpg,176,34,car plate,502,613,678,647
2#34ZE5747#07062020#114221.jpg,156,27,car plate,653,607,809,634
2#34ZEY33#03062020#142453.jpg,175,28,car plate,928,565,1103,593
2#34ZF0479#03062020#212948.jpg,177,27,car plate,424,531,601,558
2#34ZF4921#08062020#134116.jpg,145,26,car plate,783,566,928,592
2#34ZF6472#03062020#174420.jpg,198,29,car plate,580,615,778,644
2#34ZF7433#03062020#100249.jpg,165,27,car plate,504,644,669,671
2#34ZG2404#03062020#112814.jpg,168,29,car plate,537,598,705,627
2#34ZG3157#03062020#184721.jpg,197,33,car plate,598,611,795,644
2#34ZG633#03062020#184419.jpg,184,29,car plate,533,564,717,593
2#34ZG858#03062020#212801.jpg,191,28,car plate,462,606,653,634
2#34ZH6313#03062020#013423.jpg,165,28,car plate,422,619,587,647
2#34ZH8926#03062020#124402.jpg,206,28,car plate,481,614,687,642
2#34ZJ2883#03062020#213916.jpg,194,29,car plate,379,635,573,664
2#34ZJ5685#03062020#125301.jpg,178,28,car plate,444,529,622,557
2#34ZJ7348#03062020#213609.jpg,184,28,car plate,467,575,651,603
2#34ZJ7926#08062020#194142.jpg,168,32,car plate,748,652,916,684
2#34ZJ8292#03062020#211915.jpg,186,28,car plate,457,591,643,619
2#34ZK4018#03062020#212116.jpg,190,27,car plate,377,619,567,646
2#34ZK6357#03062020#212230.jpg,183,29,car plate,500,610,683,639
2#34ZK6992#07062020#215031.jpg,150,26,car plate,568,584,718,610
2#34ZL8067#03062020#212311.jpg,144,26,car plate,492,626,636,652
2#34ZL8887#03062020#124553.jpg,191,35,car plate,673,518,864,553
2#34ZM4236#03062020#155123.jpg,183,32,car plate,469,659,652,691
2#34ZN3402#03062020#112306.jpg,172,28,car plate,494,621,666,649
2#34ZN8879#03062020#142704.jpg,174,32,car plate,981,613,1155,645
2#34ZN9151#03062020#094208.jpg,160,27,car plate,532,617,692,644
2#34ZNF47#03062020#211649.jpg,156,26,car plate,573,557,729,583
2#34ZP1915#03062020#211558.jpg,163,27,car plate,458,567,621,594
2#34ZR3971#07062020#221216.jpg,157,26,car plate,525,605,682,631
2#34ZR7083#03062020#141905.jpg,182,35,car plate,951,627,1133,662
2#34ZRB34#03062020#212535.jpg,173,28,car plate,522,502,695,530
2#34ZRB95#03062020#211335.jpg,181,28,car plate,394,581,575,609
2#34ZS0295#06062020#024555.jpg,199,32,car plate,807,590,1006,622
2#34ZS0477#03062020#212630.jpg,183,44,car plate,629,598,812,642
2#34ZS2676#06062020#003122.jpg,200,32,car plate,695,586,895,618
2#34ZS4226#03062020#123606.jpg,196,37,car plate,874,593,1070,630
2#34ZS5748#03062020#213954.jpg,191,29,car plate,339,623,530,652
2#34ZSM26#03062020#214056.jpg,180,28,car plate,468,589,648,617
2#34ZT2526#03062020#123816.jpg,208,32,car plate,350,620,558,652
2#34ZT3550#03062020#180005.jpg,195,29,car plate,556,617,751,646
2#34ZT8160#03062020#125141.jpg,199,33,car plate,537,586,736,619
2#34ZT9648#03062020#125533.jpg,195,34,car plate,461,552,656,586
2#34ZU0454#03062020#211731.jpg,190,29,car plate,412,584,602,613
2#34ZU6388#03062020#180259.jpg,184,27,car plate,734,532,918,559
2#34ZU9239#03062020#213446.jpg,182,28,car plate,540,620,722,648
2#34ZVT04#03062020#142006.jpg,168,27,car plate,453,574,621,601
2#34ZYE38#08062020#135709.jpg,156,26,car plate,740,599,896,625
2#34ZZ0891#03062020#213600.jpg,192,32,car plate,875,600,1067,632
2#34ZZ1384#03062020#183946.jpg,192,28,car plate,553,599,745,627
2#34ZZ2765#03062020#213533.jpg,180,27,car plate,431,557,611,584
2#34ZZ4380#03062020#141535.jpg,181,33,car plate,358,620,539,653
2#35ABN258#07062020#123243.jpg,148,25,car plate,802,579,950,604
2#35AC711#06062020#143554.jpg,189,27,car plate,744,569,933,596
2#35AD3973#06062020#025709.jpg,166,25,car plate,732,481,898,506
2#35AEA813#05062020#100545.jpg,217,33,car plate,746,614,963,647
2#35AEA813#06062020#135144.jpg,208,32,car plate,706,558,914,590
2#35AEY378#05062020#234041.jpg,202,33,car plate,776,581,978,614
2#35AJ3927#05062020#234451.jpg,190,29,car plate,802,569,992,598
2#35ANJ789#08062020#194025.jpg,156,25,car plate,611,622,767,647
2#35ANP092#07062020#150522.jpg,144,25,car plate,753,526,897,551
2#35AP5140#03062020#142333.jpg,173,26,car plate,446,514,619,540
2#35AP5454#03062020#125412.jpg,201,38,car plate,760,596,961,634
2#35AR5960#07062020#135800.jpg,150,29,car plate,392,602,542,631
2#35AS1687#07062020#220117.jpg,148,26,car plate,848,539,996,565
2#35AS290#06062020#033718.jpg,200,29,car plate,780,585,980,614
2#35AU1821#08062020#132801.jpg,149,26,car plate,466,618,615,644
2#35AV7114#03062020#213319.jpg,184,32,car plate,345,609,529,641
2#35AZ0135#03062020#112246.jpg,150,25,car plate,704,554,854,579
2#35AZS07#03062020#094506.jpg,153,25,car plate,490,590,643,615
2#35BUA18#07062020#044238.jpg,150,26,car plate,109,617,259,643
2#35CLN25#03062020#002924.jpg,180,28,car plate,495,568,675,596
2#35DA9022#03062020#124750.jpg,191,38,car plate,726,546,917,584
2#35DAD16#07062020#112551.jpg,158,25,car plate,559,604,717,629
2#35DBG55#03062020#212443.jpg,193,27,car plate,421,614,614,641
2#35DC8212#03062020#211403.jpg,192,27,car plate,503,634,695,661
2#35DYA65#07062020#122132.jpg,146,25,car plate,675,545,821,570
2#35EB8169#06062020#033210.jpg,193,29,car plate,767,541,960,570
2#35EEM96#06062020#025501.jpg,199,32,car plate,683,583,882,615
2#35EYN61#06062020#033303.jpg,213,34,car plate,786,597,999,631
2#35GB1799#05062020#105021.jpg,190,29,car plate,721,547,911,576
2#35GB5864#07062020#142716.jpg,158,28,car plate,655,618,813,646
2#35GB5984#06062020#032338.jpg,201,34,car plate,728,575,929,609
2#35GD1873#03062020#214051.jpg,184,32,car plate,737,576,921,608
2#35GE6123#03062020#094350.jpg,163,28,car plate,554,615,717,643
2#35HA0442#07062020#143328.jpg,148,26,car plate,153,595,301,621
2#35HC5107#03062020#213438.jpg,194,28,car plate,519,618,713,646
2#35HD1252#07062020#145758.jpg,151,25,car plate,564,613,715,638
2#35HJS49#06062020#141720.jpg,196,29,car plate,849,563,1045,592
2#35HTA04#03062020#102450.jpg,169,27,car plate,580,648,749,675
2#35JCJ56#07062020#144300.jpg,147,24,car plate,673,525,820,549
2#35JCJ56#08062020#121752.jpg,150,24,car plate,622,565,772,589
2#35JH008#07062020#175831.jpg,132,28,car plate,550,562,682,590
2#35JL527#07062020#141640.jpg,152,26,car plate,662,613,814,639
2#35JS549#03062020#211620.jpg,183,29,car plate,360,636,543,665
2#35KA8870#03062020#123708.jpg,191,36,car plate,639,527,830,563
2#35KD7181#06062020#031658.jpg,212,32,car plate,706,610,918,642
2#35KD7298#03062020#170956.jpg,200,42,car plate,816,610,1016,652
2#35KIG75#07062020#213952.jpg,147,26,car plate,497,552,644,578
2#35MAB27#06062020#031724.jpg,198,29,car plate,807,560,1005,589
2#35MCY87#07062020#125316.jpg,148,25,car plate,670,538,818,563
2#35MIL41#08062020#124205.jpg,156,26,car plate,646,638,802,664
2#35MTM43#07062020#142649.jpg,152,26,car plate,543,599,695,625
2#35MTM58#07062020#140915.jpg,148,25,car plate,864,589,1012,614
2#35NGR64#07062020#194619.jpg,151,27,car plate,579,586,730,613
2#35NH513#07062020#161612.jpg,149,25,car plate,614,557,763,582
2#35NHA15#06062020#142550.jpg,190,29,car plate,707,527,897,556
2#35PN454#07062020#205438.jpg,150,25,car plate,469,590,619,615
2#35RK316#05062020#105628.jpg,196,29,car plate,723,555,919,584
2#35TVJ09#05062020#100321.jpg,180,28,car plate,731,490,911,518
2#35U1844#03062020#213327.jpg,184,29,car plate,489,603,673,632
2#35UKP31#07062020#123528.jpg,151,25,car plate,595,610,746,635
2#35UKP31#07062020#162642.jpg,146,26,car plate,981,573,1127,599
2#35UP830#03062020#123656.jpg,202,33,car plate,728,592,930,625
2#35V3025#08062020#144815.jpg,38,23,car plate,477,548,515,571
2#35V4354#08062020#134043.jpg,146,25,car plate,403,542,549,567
2#35V5121#03062020#211831.jpg,182,29,car plate,446,583,628,612
2#35ZTA31#03062020#213505.jpg,192,29,car plate,409,629,601,658
2#37AAC653#06062020#001755.jpg,192,28,car plate,704,570,896,598
2#37AAJ872#06062020#031156.jpg,195,28,car plate,864,580,1059,608
2#37AAY08#08062020#193847.jpg,132,26,car plate,863,480,995,506
2#37AS873#07062020#132451.jpg,147,26,car plate,664,602,811,628
2#37AZ318#06062020#152834.jpg,160,28,car plate,278,569,438,597
2#37DY579#07062020#155730.jpg,145,26,car plate,996,539,1141,565
2#37PS044#07062020#145042.jpg,150,26,car plate,668,589,818,615
2#38AAJ593#06062020#001528.jpg,211,34,car plate,727,604,938,638
2#38ABD760#06062020#000716.jpg,183,28,car plate,641,535,824,563
2#38AU164#03062020#164556.jpg,181,42,car plate,477,608,658,650
2#38EV105#06062020#002104.jpg,201,32,car plate,736,578,937,610
2#38JG682#05062020#200930.jpg,156,26,car plate,416,629,572,655
2#38JG682#06062020#011615.jpg,169,26,car plate,433,534,602,560
2#38JL380#07062020#181801.jpg,135,25,car plate,788,561,923,586
2#38RH882#03062020#164608.jpg,178,51,car plate,457,599,635,650
2#38ZV733#06062020#143639.jpg,199,32,car plate,661,561,860,593
2#39AB204#07062020#170013.jpg,76,26,car plate,622,617,698,643
2#39AN824#08062020#130632.jpg,153,25,car plate,690,600,843,625
2#39BF035#03062020#211918.jpg,192,28,car plate,348,606,540,634
2#39EZ963#03062020#212019.jpg,183,29,car plate,326,631,509,660
2#39NG583#03062020#142922.jpg,177,29,car plate,774,607,951,636
2#39NJ486#03062020#173223.jpg,183,34,car plate,834,542,1017,576
2#39TH983#03062020#124106.jpg,206,35,car plate,596,602,802,637
2#3B46576#07062020#175137.jpg,99,25,car plate,667,607,766,632
2#3FZ7111#08062020#194225.jpg,140,25,car plate,694,519,834,544
2#3MJE752#07062020#215910.jpg,151,27,car plate,259,615,410,642
2#40AE744#03062020#154927.jpg,175,32,car plate,441,643,616,675
2#40AK035#03062020#183753.jpg,195,32,car plate,512,610,707,642
2#40BB161#08062020#130659.jpg,144,25,car plate,582,524,726,549
2#41AAN061#07062020#145357.jpg,159,27,car plate,479,618,638,645
2#41AAV591#03062020#172504.jpg,176,36,car plate,725,576,901,612
2#41ABD141#06062020#001819.jpg,185,32,car plate,797,507,982,539
2#41ACB272#07062020#144748.jpg,150,32,car plate,849,605,999,637
2#41ACB272#07062020#144803.jpg,136,25,car plate,7,551,143,576
2#41ACT473#07062020#115005.jpg,153,26,car plate,616,614,769,640
2#41AEV800#08062020#154245.jpg,152,27,car plate,636,616,788,643
2#41B9595#05062020#105230.jpg,208,37,car plate,768,642,976,679
2#41BI9249#07062020#204823.jpg,148,24,car plate,523,556,671,580
2#41BI9249#07062020#204823.jpg,97,70,car plate,400,247,497,317
2#41ED932#03062020#141319.jpg,177,28,car plate,645,641,822,669
2#41FH848#03062020#154446.jpg,174,34,car plate,381,623,555,657
2#41FK927#07062020#165704.jpg,135,32,car plate,674,590,809,622
2#41FN787#07062020#143055.jpg,144,26,car plate,599,529,743,555
2#41GA346#06062020#141055.jpg,196,35,car plate,880,606,1076,641
2#41GC242#07062020#220432.jpg,140,26,car plate,526,581,666,607
2#41GJ222#06062020#002653.jpg,172,32,car plate,719,491,891,523
2#41GM333#06062020#002339.jpg,172,29,car plate,833,558,1005,587
2#41H7994#06062020#032417.jpg,191,32,car plate,703,574,894,606
2#41KN676#08062020#120506.jpg,146,25,car plate,665,545,811,570
2#41NH392#07062020#153947.jpg,152,26,car plate,642,592,794,618
2#41NU205#03062020#165718.jpg,128,28,car plate,521,507,649,535
2#41RT053#06062020#001727.jpg,190,33,car plate,826,598,1016,631
2#41SC546#08062020#194606.jpg,140,25,car plate,513,546,653,571
2#41SH909#03062020#153559.jpg,176,26,car plate,595,648,771,674
2#41SP524#08062020#192653.jpg,149,26,car plate,475,650,624,676
2#41TA909#03062020#213207.jpg,161,27,car plate,420,539,581,566
2#41VF479#03062020#140930.jpg,191,27,car plate,511,638,702,665
2#41YD069#03062020#104229.jpg,161,29,car plate,711,596,872,625
2#420VY49#07062020#212731.jpg,152,25,car plate,511,576,663,601
2#42ABL24#07062020#115457.jpg,145,26,car plate,628,535,773,561
2#42ACB538#07062020#154317.jpg,150,26,car plate,713,565,863,591
2#42ACS372#07062020#052653.jpg,151,26,car plate,234,530,385,556
2#42AEC62#07062020#150033.jpg,153,26,car plate,688,587,841,613
2#42AVJ58#08062020#201303.jpg,118,25,car plate,449,618,567,643
2#42AYL49#07062020#145044.jpg,161,27,car plate,421,597,582,624
2#42BYK98#06062020#030518.jpg,200,34,car plate,603,594,803,628
2#42D0448#08062020#171243.jpg,153,26,car plate,562,645,715,671
2#42D0448#08062020#190659.jpg,153,26,car plate,562,645,715,671
2#42DMZ01#08062020#134813.jpg,144,24,car plate,627,555,771,579
2#42DPE41#07062020#182514.jpg,136,28,car plate,531,604,667,632
2#42DRV30#07062020#175527.jpg,137,26,car plate,633,621,770,647
2#42DY055#08062020#135533.jpg,156,25,car plate,758,614,914,639
2#42EJB22#06062020#001936.jpg,194,28,car plate,834,548,1028,576
2#42ELJ52#03062020#012236.jpg,164,27,car plate,481,612,645,639
2#42FDD90#07062020#113818.jpg,151,24,car plate,532,558,683,582
2#42FEM93#08062020#114317.jpg,151,25,car plate,839,617,990,642
2#42RL888#08062020#190816.jpg,144,27,car plate,1037,551,1181,578
2#42SK793#03062020#212758.jpg,185,27,car plate,505,605,690,632
2#43AAD172#07062020#215329.jpg,156,26,car plate,445,612,601,638
2#43AAF286#07062020#220528.jpg,153,26,car plate,698,592,851,618
2#43AAS998#08062020#132620.jpg,157,26,car plate,548,619,705,645
2#43AAT419#07062020#195807.jpg,150,26,car plate,520,572,670,598
2#43AAV990#07062020#055717.jpg,147,25,car plate,267,591,414,616
2#43AAV990#07062020#142604.jpg,151,25,car plate,730,605,881,630
2#43AAZ169#07062020#121526.jpg,148,26,car plate,720,623,868,649
2#43AC117#07062020#194822.jpg,150,28,car plate,1098,568,1248,596
2#43AF319#07062020#154930.jpg,143,27,car plate,748,565,891,592
2#43AL478#08062020#133058.jpg,146,25,car plate,576,538,722,563
2#43AR126#08062020#132545.jpg,156,26,car plate,609,620,765,646
2#43BC756#08062020#123318.jpg,145,26,car plate,1033,555,1178,581
2#43EA856#07062020#135743.jpg,148,26,car plate,553,528,701,554
2#43ED291#07062020#135449.jpg,150,26,car plate,349,566,499,592
2#43FR408#07062020#152032.jpg,153,27,car plate,982,575,1135,602
2#43FV838#07062020#131720.jpg,157,26,car plate,433,556,590,582
2#43LH101#07062020#052537.jpg,79,23,car plate,49,602,128,625
2#43LP749#07062020#150333.jpg,158,25,car plate,272,606,430,631
2#43LP749#07062020#214317.jpg,157,25,car plate,48,602,205,627
2#43LP749#08062020#131128.jpg,157,26,car plate,385,585,542,611
2#43LR858#07062020#161707.jpg,150,24,car plate,862,577,1012,601
2#43LR858#07062020#165520.jpg,136,26,car plate,383,593,519,619
2#43LR858#07062020#215349.jpg,147,27,car plate,1080,517,1227,544
2#43LT708#06062020#030651.jpg,193,29,car plate,784,575,977,604
2#43NE900#07062020#210423.jpg,153,26,car plate,512,595,665,621
2#43PF072#08062020#132255.jpg,152,26,car plate,753,599,905,625
2#43RD702#07062020#151229.jpg,156,26,car plate,555,606,711,632
2#43RE559#07062020#212813.jpg,156,26,car plate,366,620,522,646
2#43RS505#07062020#150719.jpg,151,25,car plate,738,525,889,550
2#43RS505#07062020#192245.jpg,158,25,car plate,671,596,829,621
2#43RZ090#07062020#202924.jpg,145,27,car plate,934,520,1079,547
2#43RZ090#07062020#231214.jpg,128,24,car plate,1105,447,1233,471
2#43SN976#07062020#211451.jpg,157,27,car plate,533,611,690,638
2#43SR153#07062020#113314.jpg,153,26,car plate,778,598,931,624
2#43U1939#07062020#122817.jpg,157,26,car plate,434,608,591,634
2#43U3512#07062020#202008.jpg,148,26,car plate,798,570,946,596
2#43U6936#07062020#204433.jpg,157,24,car plate,565,615,722,639
2#43U9952#07062020#210946.jpg,148,24,car plate,695,542,843,566
2#43U9953#07062020#205432.jpg,153,25,car plate,572,578,725,603
2#43UC666#08062020#133457.jpg,148,25,car plate,530,618,678,643
2#43UT464#08062020#131324.jpg,151,25,car plate,618,588,769,613
2#44AAF017#06062020#001500.jpg,192,29,car plate,769,574,961,603
2#44AY082#03062020#211714.jpg,192,29,car plate,350,646,542,675
2#44FL635#03062020#212150.jpg,193,32,car plate,462,634,655,666
2#44PV141#08062020#123855.jpg,152,27,car plate,633,609,785,636
2#45AAF974#07062020#153637.jpg,151,27,car plate,893,577,1044,604
2#45AAS044#08062020#195839.jpg,151,26,car plate,386,578,537,604
2#45B6155#07062020#221938.jpg,152,26,car plate,514,587,666,613
2#45KK094#07062020#115824.jpg,150,25,car plate,235,587,385,612
2#45PA1419#07062020#034651.jpg,152,25,car plate,233,609,385,634
2#45PA1419#07062020#144309.jpg,153,26,car plate,691,601,844,627
2#45SC1545#03062020#155126.jpg,186,32,car plate,615,609,801,641
2#45SD797#08062020#132145.jpg,152,26,car plate,871,593,1023,619
2#45V0175#07062020#204802.jpg,159,26,car plate,674,630,833,656
2#46ACE183#07062020#182440.jpg,121,26,car plate,482,628,603,654
2#46ACE183#08062020#124412.jpg,146,24,car plate,790,559,936,583
2#46FP010#03062020#170136.jpg,126,28,car plate,647,646,773,674
2#46HC961#06062020#024943.jpg,195,28,car plate,747,581,942,609
2#46KK782#06062020#002737.jpg,183,32,car plate,829,616,1012,648
2#46LF849#03062020#165730.jpg,130,32,car plate,558,479,688,511
2#48AC055#07062020#132833.jpg,153,25,car plate,500,602,653,627
2#48ACM463#07062020#170444.jpg,135,27,car plate,589,571,724,598
2#48AEE964#07062020#153719.jpg,153,26,car plate,456,544,609,570
2#48AP803#08062020#191629.jpg,158,27,car plate,698,660,856,687
2#48DZ722#07062020#140249.jpg,153,27,car plate,639,588,792,615
2#48E8160#03062020#212521.jpg,169,29,car plate,230,558,399,587
2#48FF245#08062020#191636.jpg,157,25,car plate,553,653,710,678
2#48J3678#07062020#180350.jpg,131,25,car plate,658,570,789,595
2#48JG575#08062020#191520.jpg,127,23,car plate,717,546,844,569
2#48K9620#07062020#143138.jpg,146,26,car plate,768,544,914,570
2#48KH620#03062020#100801.jpg,163,27,car plate,629,638,792,665
2#48KP127#08062020#133309.jpg,159,27,car plate,625,629,784,656
2#48N6265#07062020#200211.jpg,149,25,car plate,675,556,824,581
2#48U2993#07062020#202143.jpg,143,25,car plate,676,555,819,580
2#48VV997#07062020#230616.jpg,158,32,car plate,667,619,825,651
2#48YG333#08062020#212640.jpg,115,24,car plate,32,615,147,639
2#4H82046#07062020#145812.jpg,141,24,car plate,370,496,511,520
2#50FN640#03062020#170113.jpg,142,32,car plate,562,569,704,601
2#50FR681#07062020#130257.jpg,150,25,car plate,456,609,606,634
2#51AS995#05062020#234943.jpg,223,37,car plate,704,617,927,654
2#51EC744#08062020#113638.jpg,152,28,car plate,1003,614,1155,642
2#51HZ827#08062020#194958.jpg,157,27,car plate,681,613,838,640
2#52AAV324#06062020#001635.jpg,183,33,car plate,687,491,870,524
2#52AAZ219#06062020#140849.jpg,189,35,car plate,829,570,1018,605
2#52AF142#08062020#124404.jpg,151,24,car plate,306,605,457,629
2#52AG927#03062020#095457.jpg,168,26,car plate,521,629,689,655
2#52KH791#06062020#031326.jpg,201,34,car plate,730,555,931,589
2#52PD614#03062020#123639.jpg,207,32,car plate,703,597,910,629
2#53AJ187#08062020#124230.jpg,148,24,car plate,436,519,584,543
2#53DT553#08062020#193131.jpg,163,26,car plate,446,668,609,694
2#53HN756#08062020#192750.jpg,150,32,car plate,945,622,1095,654
2#54AAD993#07062020#220258.jpg,145,26,car plate,620,559,765,585
2#54AAE256#07062020#145627.jpg,147,26,car plate,584,536,731,562
2#54ABM944#07062020#220146.jpg,157,27,car plate,517,578,674,605
2#54B0843#03062020#180017.jpg,198,28,car plate,533,613,731,641
2#54B1572#08062020#124504.jpg,156,26,car plate,488,639,644,665
2#54B9213#07062020#212530.jpg,144,28,car plate,711,549,855,577
2#54D0436#07062020#114229.jpg,141,29,car plate,1118,508,1259,537
2#54D5065#07062020#121107.jpg,130,24,car plate,720,411,850,435
2#54E1739#07062020#210625.jpg,142,24,car plate,561,573,703,597
2#54EY815#03062020#211941.jpg,186,32,car plate,341,629,527,661
2#54FH456#08062020#121132.jpg,148,25,car plate,720,558,868,583
2#54FU678#07062020#195422.jpg,150,28,car plate,751,594,901,622
2#54FY589#06062020#033643.jpg,201,34,car plate,729,603,930,637
2#54GA459#07062020#132543.jpg,146,26,car plate,664,530,810,556
2#54GC095#07062020#211901.jpg,144,25,car plate,584,499,728,524
2#54RG835#07062020#214714.jpg,152,25,car plate,455,539,607,564
2#54ZN859#06062020#002436.jpg,206,29,car plate,765,597,971,626
2#54ZP346#08062020#195500.jpg,157,27,car plate,764,665,921,692
2#55ABS37#03062020#212029.jpg,197,32,car plate,683,623,880,655
2#55ADK435#07062020#211010.jpg,153,26,car plate,767,611,920,637
2#55AE658#07062020#130318.jpg,151,26,car plate,701,606,852,632
2#55ALB18#06062020#031115.jpg,199,34,car plate,778,580,977,614
2#55AN014#03062020#213232.jpg,191,29,car plate,446,626,637,655
2#55AOF77#08062020#212225.jpg,58,24,car plate,273,602,331,626
2#55DU052#07062020#213151.jpg,158,26,car plate,514,607,672,633
2#55EA047#08062020#194132.jpg,150,27,car plate,590,552,740,579
2#55JK515#03062020#141845.jpg,183,28,car plate,468,592,651,620
2#56AS238#03062020#012435.jpg,160,25,car plate,563,612,723,637
2#57DG424#03062020#140659.jpg,192,32,car plate,587,636,779,668
2#57DL977#03062020#212418.jpg,186,28,car plate,330,639,516,667
2#57FA132#03062020#212243.jpg,186,27,car plate,527,611,713,638
2#58A7361#03062020#164600.jpg,184,35,car plate,354,646,538,681
2#58ABZ713#07062020#150825.jpg,149,27,car plate,1065,568,1214,595
2#58AE539#03062020#164643.jpg,191,43,car plate,501,630,692,673
2#58BB951#07062020#162711.jpg,149,26,car plate,619,558,768,584
2#58BG144#03062020#164711.jpg,179,37,car plate,1026,602,1205,639
2#58BJ962#03062020#164731.jpg,175,36,car plate,551,619,726,655
2#58BP306#03062020#164735.jpg,150,33,car plate,1123,461,1273,494
2#58BP743#03062020#164652.jpg,169,36,car plate,728,524,897,560
2#58DU782#03062020#152853.jpg,183,25,car plate,750,649,933,674
2#58FU055#03062020#164616.jpg,190,45,car plate,562,634,752,679
2#58HE731#07062020#194932.jpg,145,24,car plate,260,530,405,554
2#58NH187#03062020#164701.jpg,179,41,car plate,689,572,868,613
2#58NU964#03062020#164705.jpg,167,37,car plate,644,502,811,539
2#58TC327#03062020#164724.jpg,164,36,car plate,520,550,684,586
2#58TD366#03062020#164727.jpg,176,36,car plate,537,535,713,571
2#58TZ871#03062020#164550.jpg,163,34,car plate,595,488,758,522
2#58UE726#03062020#164656.jpg,179,42,car plate,598,518,777,560
2#59AAR716#08062020#195455.jpg,153,27,car plate,600,574,753,601
2#59AC810#03062020#154804.jpg,181,27,car plate,559,649,740,676
2#59EH244#07062020#211833.jpg,147,26,car plate,748,522,895,548
2#59FJ285#03062020#185427.jpg,199,28,car plate,609,630,808,658
2#59FL231#03062020#130154.jpg,191,26,car plate,310,611,501,637
2#59FS971#03062020#095053.jpg,156,24,car plate,618,615,774,639
2#59JE675#07062020#133732.jpg,159,28,car plate,603,593,762,621
2#59KS037#03062020#125741.jpg,202,36,car plate,673,550,875,586
2#59LS888#07062020#123404.jpg,153,25,car plate,758,592,911,617
2#59PY234#03062020#094539.jpg,158,26,car plate,720,584,878,610
2#59RN002#03062020#140559.jpg,183,29,car plate,536,609,719,638
2#59RR932#03062020#123944.jpg,197,36,car plate,895,576,1092,612
2#59TJ068#08062020#191735.jpg,158,27,car plate,678,658,836,685
2#59TU593#03062020#213336.jpg,192,29,car plate,409,642,601,671
2#59TZ941#07062020#114301.jpg,156,28,car plate,648,591,804,619
2#59UL573#06062020#000930.jpg,179,29,car plate,713,523,892,552
2#59VA542#07062020#132925.jpg,160,28,car plate,682,570,842,598
2#59VA634#03062020#212810.jpg,199,28,car plate,446,641,645,669
2#59VA959#03062020#212500.jpg,191,28,car plate,373,608,564,636
2#59YC795#03062020#184146.jpg,195,34,car plate,506,602,701,636
2#59YV412#03062020#212458.jpg,191,28,car plate,434,582,625,610
2#59ZF633#03062020#212014.jpg,192,28,car plate,559,612,751,640
2#59ZM081#03062020#213153.jpg,169,27,car plate,523,571,692,598
2#60ABD169#08062020#131846.jpg,151,26,car plate,606,588,757,614
2#60BN586#06062020#032918.jpg,191,28,car plate,792,517,983,545
2#60ES824#07062020#192644.jpg,158,27,car plate,441,627,599,654
2#60GH518#07062020#133859.jpg,152,25,car plate,727,583,879,608
2#60HN615#03062020#212314.jpg,185,32,car plate,535,571,720,603
2#60HS066#03062020#211641.jpg,195,29,car plate,444,637,639,666
2#60NN818#08062020#123809.jpg,158,28,car plate,733,633,891,661
2#61ABJ317#07062020#200453.jpg,157,26,car plate,619,615,776,641
2#61E14021#07062020#161941.jpg,153,25,car plate,485,609,638,634
2#61EC714#06062020#142516.jpg,194,33,car plate,694,529,888,562
2#61FC697#07062020#112913.jpg,165,26,car plate,628,596,793,622
2#61NK154#07062020#131009.jpg,152,25,car plate,541,598,693,623
2#61RD734#03062020#212815.jpg,186,29,car plate,489,592,675,621
2#61RE838#03062020#213213.jpg,191,27,car plate,423,629,614,656
2#61VL757#07062020#180740.jpg,134,26,car plate,842,600,976,626
2#62AD013#03062020#164636.jpg,178,44,car plate,707,591,885,635
2#63M8435#03062020#164658.jpg,176,41,car plate,607,567,783,608
2#63NH030#07062020#123328.jpg,152,27,car plate,706,591,858,618
2#63VD870#03062020#165153.jpg,140,32,car plate,487,540,627,572
2#63ZZ923#03062020#165514.jpg,130,29,car plate,543,518,673,547
2#64AAE140#07062020#141548.jpg,144,26,car plate,428,598,572,624
2#64AE137#07062020#193553.jpg,141,25,car plate,772,602,913,627
2#64AE759#07062020#161138.jpg,156,25,car plate,617,609,773,634
2#64AY444#08062020#125244.jpg,143,26,car plate,618,614,761,640
2#64DC430#07062020#141406.jpg,156,27,car plate,739,607,895,634
2#64FB223#07062020#142652.jpg,158,25,car plate,330,555,488,580
2#64KB575#07062020#141045.jpg,152,26,car plate,526,582,678,608
2#64KT910#07062020#141737.jpg,130,28,car plate,680,592,810,620
2#64LP109#08062020#123355.jpg,156,25,car plate,614,609,770,634
2#64NP797#08062020#140855.jpg,133,26,car plate,505,617,638,643
2#66AV787#03062020#014004.jpg,166,27,car plate,566,635,732,662
2#66DY517#06062020#135104.jpg,193,28,car plate,846,574,1039,602
2#66FK515#03062020#141641.jpg,151,28,car plate,967,454,1118,482
2#66LB942#07062020#194539.jpg,165,33,car plate,529,615,694,648
2#66RB231#08062020#132537.jpg,150,26,car plate,444,583,594,609
2#67AB544#03062020#214039.jpg,195,32,car plate,411,628,606,660
2#67NS952#03062020#154659.jpg,185,27,car plate,582,673,767,700
2#67TE505#06062020#000818.jpg,201,33,car plate,819,600,1020,633
2#67TG522#03062020#003406.jpg,184,28,car plate,435,570,619,598
2#67TH709#08062020#135650.jpg,159,25,car plate,485,636,644,661
2#67UA852#03062020#212111.jpg,186,27,car plate,427,606,613,633
2#67YE747#03062020#213637.jpg,172,26,car plate,508,501,680,527
2#67ZJ100#07062020#192234.jpg,157,27,car plate,628,599,785,626
2#68AR488#07062020#145343.jpg,147,26,car plate,562,564,709,590
2#68DZ719#07062020#160557.jpg,149,27,car plate,708,609,857,636
2#68HY927#03062020#165711.jpg,145,35,car plate,538,580,683,615
2#68KL887#06062020#000550.jpg,208,34,car plate,875,611,1083,645
2#6ABP099#08062020#133000.jpg,143,27,car plate,0,648,143,675
2#70AAS357#08062020#123921.jpg,148,28,car plate,989,551,1137,579
2#70AJ204#07062020#141728.jpg,150,25,car plate,574,583,724,608
2#71FN111#08062020#195213.jpg,153,25,car plate,394,655,547,680
2#72EP066#03062020#124101.jpg,205,34,car plate,525,592,730,626
2#76VL142#07062020#195306.jpg,148,23,car plate,283,544,431,567
2#77AG493#03062020#002650.jpg,179,29,car plate,506,576,685,605
2#77AR231#07062020#215205.jpg,146,28,car plate,938,514,1084,542
2#77BD564#03062020#213845.jpg,186,28,car plate,468,595,654,623
2#77DR166#03062020#103721.jpg,172,29,car plate,685,598,857,627
2#78AT166#03062020#213652.jpg,181,27,car plate,497,568,678,595
2#78DD786#05062020#234933.jpg,199,33,car plate,733,567,932,600
2#78SB396#03062020#212618.jpg,183,26,car plate,428,589,611,615
2#79AAD059#07062020#120153.jpg,156,27,car plate,279,604,435,631
2#79AAD059#08062020#120846.jpg,152,25,car plate,520,587,672,612
2#80DA898#07062020#142007.jpg,157,25,car plate,429,610,586,635
2#80DD8254#07062020#162108.jpg,149,24,car plate,641,526,790,550
2#80EU940#03062020#211802.jpg,189,34,car plate,815,619,1004,653
2#80FF910#07062020#210608.jpg,147,25,car plate,791,577,938,602
2#80FF910#08062020#132242.jpg,156,26,car plate,701,644,857,670
2#80GP470#05062020#102159.jpg,176,26,car plate,711,496,887,522
2#81EB671#07062020#220014.jpg,163,33,car plate,546,602,709,635
2#81EE863#03062020#185928.jpg,195,33,car plate,527,632,722,665
2#81EN306#05062020#234916.jpg,189,28,car plate,768,547,957,575
2#81KA876#06062020#002716.jpg,198,33,car plate,731,606,929,639
2#826DP20#08062020#192113.jpg,160,26,car plate,344,663,504,689
2#911CJZ11#07062020#212223.jpg,150,25,car plate,513,599,663,624
2#935KK66#07062020#142211.jpg,93,25,car plate,1162,620,1255,645
2#AAU303#07062020#063441.jpg,128,26,car plate,6,585,134,611
2#AAU990#08062020#192727.jpg,87,23,car plate,717,507,804,530
2#ACN089#08062020#193951.jpg,153,26,car plate,770,594,923,620
2#ACP388#08062020#212448.jpg,134,27,car plate,346,618,480,645
2#AS528#07062020#154437.jpg,148,26,car plate,595,553,743,579
2#B05DPC#07062020#221947.jpg,151,26,car plate,613,589,764,615
2#B7197BP#03062020#184013.jpg,189,32,car plate,511,632,700,664
2#BKL567#07062020#122913.jpg,148,24,car plate,513,504,661,528
2#BR762HL#03062020#164718.jpg,140,34,car plate,758,419,898,453
2#BTB949#03062020#213826.jpg,140,26,car plate,401,477,541,503
2#BX1799DK#03062020#165402.jpg,162,42,car plate,819,617,981,659
2#BX3551AT#03062020#165406.jpg,149,36,car plate,747,484,896,520
2#BZL901#05062020#102750.jpg,163,28,car plate,639,513,802,541
2#DGE2636#03062020#165857.jpg,133,35,car plate,539,428,672,463
2#DR422#07062020#221404.jpg,137,26,car plate,905,522,1042,548
2#G16AAN#08062020#191158.jpg,159,27,car plate,646,624,805,651
2#H26PNB#08062020#125416.jpg,158,25,car plate,512,613,670,638
2#I080MBK#07062020#135748.jpg,127,25,car plate,443,617,570,642
2#I1141IV#07062020#062105.jpg,158,26,car plate,348,561,506,587
2#JLF873#03062020#130112.jpg,83,29,car plate,871,344,954,373
2#KCC148#05062020#110613.jpg,175,29,car plate,759,481,934,510
2#LTA822#07062020#204935.jpg,119,27,car plate,864,583,983,610
2#MN1637#03062020#130120.jpg,110,27,car plate,613,370,723,397
2#MZCK154#03062020#180629.jpg,185,28,car plate,200,595,385,623
2#OG29593#06062020#001450.jpg,172,28,car plate,641,437,813,465
2#OG802241#07062020#160226.jpg,128,24,car plate,495,513,623,537
2#OG808762#06062020#000639.jpg,210,32,car plate,729,598,939,630
2#TH4206#03062020#153420.jpg,165,27,car plate,606,583,771,610
2#TVV327#07062020#143224.jpg,161,27,car plate,381,631,542,658
2#V080MHK#08062020#190550.jpg,158,27,car plate,528,586,686,613
2#ZD448405#08062020#195208.jpg,148,28,car plate,590,580,738,608
2#ZE873#03062020#130107.jpg,97,29,car plate,859,351,956,380
2#ZG448863#07062020#170237.jpg,134,25,car plate,534,571,668,596
2#ZG66842#08062020#193757.jpg,162,27,car plate,426,621,588,648
3#006RVG41#03062020#165502.jpg,132,26,car plate,546,462,678,488
3#01AAL609#03062020#012854.jpg,163,26,car plate,441,607,604,633
3#01AG519#05062020#103921.jpg,207,34,car plate,822,617,1029,651
3#01ASA99#06062020#030521.jpg,194,32,car plate,794,562,988,594
3#01B7617#08062020#121044.jpg,151,25,car plate,995,610,1146,635
3#01BLH35#06062020#135731.jpg,182,28,car plate,842,523,1024,551
3#01CTK06#03062020#165114.jpg,140,32,car plate,419,635,559,667
3#01DYJ59#03062020#212834.jpg,193,29,car plate,393,638,586,667
3#01EHE55#05062020#100249.jpg,202,32,car plate,721,568,923,600
3#01EVV39#07062020#152838.jpg,137,28,car plate,695,600,832,628
3#01EVV39#07062020#193726.jpg,151,26,car plate,440,575,591,601
3#01KY229#06062020#002453.jpg,183,28,car plate,726,551,909,579
3#01R2829#03062020#125737.jpg,169,43,car plate,947,552,1116,595
3#01Y6287#07062020#133408.jpg,115,24,car plate,882,603,997,627
3#01Y8490#03062020#153603.jpg,174,33,car plate,576,560,750,593
3#02AAS032#06062020#141901.jpg,189,29,car plate,780,541,969,570
3#02AAY389#07062020#124516.jpg,136,27,car plate,671,616,807,643
3#03AAG315#07062020#135946.jpg,134,26,car plate,630,610,764,636
3#03AAK769#07062020#131059.jpg,134,26,car plate,532,617,666,643
3#03AAP462#07062020#142101.jpg,134,25,car plate,497,592,631,617
3#03AAS777#07062020#123239.jpg,117,26,car plate,604,580,721,606
3#03AAS881#07062020#202826.jpg,141,23,car plate,700,511,841,534
3#03AAV502#08062020#134604.jpg,136,26,car plate,412,630,548,656
3#03ABE237#08062020#192459.jpg,151,28,car plate,740,579,891,607
3#03ABE349#07062020#151359.jpg,131,27,car plate,674,580,805,607
3#03ABE349#07062020#205230.jpg,147,26,car plate,618,562,765,588
3#03ABG257#07062020#161048.jpg,134,26,car plate,736,622,870,648
3#03ABH208#07062020#183314.jpg,157,27,car plate,706,614,863,641
3#03ABR176#07062020#153426.jpg,92,26,car plate,558,558,650,584
3#03ABT429#07062020#201049.jpg,143,25,car plate,538,557,681,582
3#03ABT574#07062020#013146.jpg,76,24,car plate,920,536,996,560
3#03AF992#07062020#124423.jpg,135,25,car plate,818,637,953,662
3#03AG006#03062020#011534.jpg,141,25,car plate,478,488,619,513
3#03AG477#07062020#151553.jpg,86,24,car plate,696,606,782,630
3#03AR282#07062020#173126.jpg,145,26,car plate,873,543,1018,569
3#03AR282#07062020#213605.jpg,144,26,car plate,873,543,1017,569
3#03AV727#07062020#143116.jpg,141,27,car plate,645,622,786,649
3#03AV997#07062020#204517.jpg,153,28,car plate,506,600,659,628
3#03AY825#08062020#122141.jpg,146,25,car plate,657,540,803,565
3#03AY997#07062020#143811.jpg,88,25,car plate,652,630,740,655
3#03BC238#07062020#230746.jpg,148,24,car plate,314,571,462,595
3#03BD130#07062020#142550.jpg,70,24,car plate,765,594,835,618
3#03BD728#07062020#182350.jpg,146,25,car plate,512,550,658,575
3#03BE726#07062020#204738.jpg,148,24,car plate,276,592,424,616
3#03BE726#08062020#122132.jpg,146,25,car plate,442,582,588,607
3#03BJ323#07062020#181316.jpg,150,25,car plate,713,599,863,624
3#03BJ323#07062020#221755.jpg,146,26,car plate,711,551,857,577
3#03BM378#07062020#143621.jpg,131,26,car plate,583,604,714,630
3#03BM666#05062020#101135.jpg,202,32,car plate,743,584,945,616
3#03BN519#07062020#161125.jpg,133,27,car plate,609,608,742,635
3#03BR728#07062020#142916.jpg,108,24,car plate,559,622,667,646
3#03BT118#08062020#121948.jpg,149,26,car plate,681,585,830,611
3#03BT579#07062020#150134.jpg,120,26,car plate,522,562,642,588
3#03BT715#06062020#002639.jpg,183,29,car plate,646,524,829,553
3#03DY055#07062020#150029.jpg,53,20,car plate,926,544,979,564
3#03DY305#07062020#181317.jpg,151,27,car plate,623,613,774,640
3#03DY305#07062020#221756.jpg,151,27,car plate,623,613,774,640
3#03DY306#07062020#123539.jpg,132,26,car plate,774,599,906,625
3#03EA255#07062020#131937.jpg,137,27,car plate,574,611,711,638
3#03ED099#07062020#122753.jpg,134,26,car plate,722,604,856,630
3#03EH750#07062020#140831.jpg,71,24,car plate,557,573,628,597
3#03EK202#08062020#124344.jpg,148,24,car plate,527,574,675,598
3#03EP202#07062020#230819.jpg,167,27,car plate,739,584,906,611
3#03ES036#07062020#183442.jpg,153,25,car plate,510,591,663,616
3#03EV079#03062020#004628.jpg,110,23,car plate,1077,599,1187,622
3#03F2242#07062020#142504.jpg,134,25,car plate,553,584,687,609
3#03HB889#07062020#140345.jpg,136,26,car plate,592,610,728,636
3#03HB889#07062020#203446.jpg,147,25,car plate,803,539,950,564
3#03HN498#07062020#143206.jpg,78,25,car plate,743,608,821,633
3#03HS245#07062020#202219.jpg,153,25,car plate,685,590,838,615
3#03KL288#07062020#180022.jpg,156,27,car plate,430,618,586,645
3#03KL288#07062020#220501.jpg,156,27,car plate,430,618,586,645
3#03LB227#07062020#170513.jpg,148,26,car plate,537,557,685,583
3#03LB227#07062020#210951.jpg,148,26,car plate,537,557,685,583
3#03LC926#07062020#181058.jpg,156,26,car plate,573,583,729,609
3#03LC926#07062020#221537.jpg,159,26,car plate,572,620,731,646
3#03LC926#08062020#114853.jpg,157,25,car plate,582,608,739,633
3#03N0011#07062020#132210.jpg,131,29,car plate,634,589,765,618
3#03PF532#07062020#201141.jpg,133,23,car plate,643,417,776,440
3#03RB747#07062020#145517.jpg,134,26,car plate,558,584,692,610
3#03RD881#07062020#144216.jpg,113,26,car plate,432,633,545,659
3#03RF606#07062020#144014.jpg,136,26,car plate,665,588,801,614
3#03RG860#07062020#133231.jpg,76,23,car plate,515,633,591,656
3#03SH111#07062020#123849.jpg,70,24,car plate,643,566,713,590
3#03SN478#08062020#125024.jpg,152,24,car plate,714,576,866,600
3#03UA288#07062020#155620.jpg,103,23,car plate,713,558,816,581
3#03UK456#07062020#122942.jpg,136,28,car plate,474,606,610,634
3#03UN303#08062020#124941.jpg,145,24,car plate,427,542,572,566
3#03UP446#07062020#201638.jpg,152,26,car plate,587,590,739,616
3#03US113#07062020#161626.jpg,143,33,car plate,637,625,780,658
3#03UU176#07062020#193623.jpg,146,24,car plate,511,557,657,581
3#03VA025#07062020#203935.jpg,143,25,car plate,587,522,730,547
3#03VP868#07062020#131510.jpg,132,26,car plate,445,578,577,604
3#03VR014#03062020#004221.jpg,133,24,car plate,780,524,913,548
3#03VR800#08062020#123443.jpg,147,25,car plate,465,569,612,594
3#03VS656#07062020#180117.jpg,153,27,car plate,733,560,886,587
3#03VS656#07062020#220556.jpg,153,27,car plate,733,560,886,587
3#03VU531#03062020#005618.jpg,140,25,car plate,781,511,921,536
3#03VY652#07062020#153003.jpg,136,26,car plate,624,596,760,622
3#03VY819#08062020#194011.jpg,151,26,car plate,774,611,925,637
3#03YA114#07062020#154922.jpg,140,26,car plate,582,626,722,652
3#04P1213#03062020#212849.jpg,192,28,car plate,377,634,569,662
3#05AAD728#06062020#025730.jpg,186,32,car plate,653,525,839,557
3#05ABA160#07062020#195623.jpg,145,24,car plate,506,506,651,530
3#05AC456#08062020#123159.jpg,159,26,car plate,705,617,864,643
3#05EU785#07062020#204404.jpg,161,27,car plate,622,584,783,611
3#05LB414#06062020#002006.jpg,193,32,car plate,811,554,1004,586
3#05VHB18#05062020#102626.jpg,190,29,car plate,694,536,884,565
3#06AAB342#05062020#234220.jpg,186,29,car plate,717,541,903,570
3#06AAC372#06062020#025519.jpg,177,28,car plate,725,495,902,523
3#06AAC471#05062020#133212.jpg,177,28,car plate,361,607,538,635
3#06AAC471#05062020#134117.jpg,160,25,car plate,377,503,537,528
3#06AAC471#06062020#022318.jpg,145,27,car plate,361,594,506,621
3#06AAC471#06062020#112028.jpg,168,28,car plate,514,553,682,581
3#06AAC794#07062020#181842.jpg,151,26,car plate,732,578,883,604
3#06AAF858#06062020#025034.jpg,192,32,car plate,752,531,944,563
3#06AAG196#06062020#025346.jpg,186,32,car plate,729,539,915,571
3#06AAH525#07062020#192602.jpg,132,25,car plate,480,522,612,547
3#06AAJ622#06062020#141245.jpg,167,26,car plate,698,496,865,522
3#06AAJ835#05062020#105845.jpg,186,29,car plate,700,524,886,553
3#06AAK152#05062020#202818.jpg,146,29,car plate,360,586,506,615
3#06AAK152#06062020#000648.jpg,184,29,car plate,813,540,997,569
3#06AAK426#05062020#235029.jpg,186,32,car plate,756,543,942,575
3#06AAR817#06062020#001730.jpg,196,33,car plate,680,527,876,560
3#06AAS862#06062020#000814.jpg,192,29,car plate,748,553,940,582
3#06AAT971#05062020#203204.jpg,152,26,car plate,436,615,588,641
3#06AAV15#03062020#165959.jpg,145,32,car plate,523,475,668,507
3#06AAZ357#06062020#030752.jpg,180,32,car plate,763,467,943,499
3#06AB0132#03062020#124154.jpg,174,36,car plate,108,542,282,578
3#06AB2522#05062020#110801.jpg,184,32,car plate,748,486,932,518
3#06AB934#06062020#000740.jpg,207,33,car plate,719,627,926,660
3#06ABE722#06062020#025049.jpg,184,29,car plate,758,524,942,553
3#06ABF146#06062020#002147.jpg,201,29,car plate,693,585,894,614
3#06ABF257#05062020#234210.jpg,194,32,car plate,722,530,916,562
3#06ABK238#06062020#002401.jpg,194,33,car plate,653,559,847,592
3#06ABK539#05062020#233949.jpg,201,34,car plate,825,589,1026,623
3#06ABK941#07062020#204619.jpg,147,26,car plate,663,600,810,626
3#06ABM590#06062020#000258.jpg,186,29,car plate,754,557,940,586
3#06ABM939#06062020#001124.jpg,192,29,car plate,698,531,890,560
3#06ABP302#06062020#030529.jpg,207,33,car plate,724,581,931,614
3#06ABU13#06062020#001616.jpg,168,27,car plate,689,488,857,515
3#06ABU432#06062020#135442.jpg,205,32,car plate,679,586,884,618
3#06ABU905#06062020#000607.jpg,209,34,car plate,747,600,956,634
3#06ABY414#06062020#034423.jpg,185,28,car plate,770,572,955,600
3#06ABY542#06062020#142824.jpg,217,34,car plate,695,623,912,657
3#06AC7152#06062020#030425.jpg,208,34,car plate,792,615,1000,649
3#06ACB426#06062020#140044.jpg,185,29,car plate,856,511,1041,540
3#06ACB661#06062020#025924.jpg,172,28,car plate,708,470,880,498
3#06ACC146#05062020#110658.jpg,198,33,car plate,718,556,916,589
3#06ACD624#05062020#105534.jpg,218,34,car plate,821,619,1039,653
3#06ACE156#05062020#235743.jpg,178,28,car plate,800,505,978,533
3#06ACF325#08062020#152815.jpg,163,29,car plate,594,618,757,647
3#06ACF402#05062020#100306.jpg,181,29,car plate,871,506,1052,535
3#06ACG402#06062020#001908.jpg,208,33,car plate,711,613,919,646
3#06ACN516#03062020#133806.jpg,196,33,car plate,540,654,736,687
3#06ACP703#06062020#020705.jpg,157,25,car plate,543,647,700,672
3#06ACP703#06062020#023048.jpg,157,26,car plate,399,630,556,656
3#06ACP703#06062020#105351.jpg,164,26,car plate,205,519,369,545
3#06ACP703#06062020#112016.jpg,181,26,car plate,339,601,520,627
3#06ACU201#05062020#233814.jpg,213,35,car plate,713,622,926,657
3#06ACV294#06062020#034230.jpg,202,36,car plate,933,591,1135,627
3#06AD0397#05062020#110652.jpg,195,33,car plate,783,573,978,606
3#06AD5647#05062020#233658.jpg,207,28,car plate,683,571,890,599
3#06ADB287#06062020#002408.jpg,185,29,car plate,747,515,932,544
3#06ADB595#06062020#034204.jpg,208,35,car plate,839,615,1047,650
3#06ADH954#06062020#001941.jpg,206,32,car plate,711,594,917,626
3#06ADP464#05062020#105847.jpg,215,32,car plate,720,614,935,646
3#06ADY588#05062020#103939.jpg,205,32,car plate,644,603,849,635
3#06AE6032#06062020#025447.jpg,196,32,car plate,711,545,907,577
3#06AEB224#06062020#002504.jpg,194,28,car plate,651,558,845,586
3#06AEB962#05062020#233852.jpg,200,33,car plate,892,592,1092,625
3#06AED006#06062020#002029.jpg,192,26,car plate,629,576,821,602
3#06AED141#05062020#105939.jpg,169,28,car plate,792,472,961,500
3#06AED288#03062020#125659.jpg,191,36,car plate,616,522,807,558
3#06AEE177#06062020#032459.jpg,193,32,car plate,690,546,883,578
3#06AEE38#05062020#105427.jpg,181,29,car plate,703,507,884,536
3#06AEF598#05062020#235551.jpg,211,36,car plate,832,603,1043,639
3#06AEH729#07062020#152957.jpg,133,26,car plate,515,573,648,599
3#06AEN663#05062020#233406.jpg,190,29,car plate,762,590,952,619
3#06AEN786#06062020#025509.jpg,189,29,car plate,714,502,903,531
3#06AER713#05062020#232954.jpg,206,33,car plate,748,596,954,629
3#06AES841#05062020#105006.jpg,162,29,car plate,735,458,897,487
3#06AEY735#06062020#033931.jpg,196,32,car plate,803,617,999,649
3#06AF2734#07062020#181946.jpg,157,26,car plate,410,601,567,627
3#06AFA653#03062020#124016.jpg,201,34,car plate,459,583,660,617
3#06AFC483#05062020#102910.jpg,178,29,car plate,716,491,894,520
3#06AFF725#06062020#024723.jpg,185,28,car plate,854,573,1039,601
3#06AFG239#06062020#000932.jpg,193,29,car plate,682,557,875,586
3#06AFJ339#06062020#034352.jpg,189,28,car plate,722,569,911,597
3#06AFK658#06062020#003624.jpg,177,28,car plate,334,591,511,619
3#06AFM171#06062020#002125.jpg,192,32,car plate,647,511,839,543
3#06AFM421#06062020#000636.jpg,178,32,car plate,753,483,931,515
3#06AFN895#06062020#031442.jpg,185,28,car plate,815,534,1000,562
3#06AFR669#05062020#235824.jpg,161,25,car plate,792,426,953,451
3#06AFS505#05062020#140245.jpg,178,28,car plate,279,585,457,613
3#06AFT431#06062020#025734.jpg,160,28,car plate,685,487,845,515
3#06AFZ982#06062020#031110.jpg,201,33,car plate,759,569,960,602
3#06AG0119#05062020#233050.jpg,198,28,car plate,742,623,940,651
3#06AG6843#06062020#030848.jpg,179,28,car plate,765,526,944,554
3#06AGB599#05062020#105000.jpg,213,33,car plate,809,636,1022,669
3#06AGB599#05062020#113740.jpg,158,27,car plate,531,653,689,680
3#06AGC583#05062020#105539.jpg,179,28,car plate,766,496,945,524
3#06AGD621#06062020#034305.jpg,202,29,car plate,757,590,959,619
3#06AGE745#06062020#135135.jpg,193,28,car plate,671,541,864,569
3#06AGE745#06062020#151417.jpg,178,28,car plate,333,593,511,621
3#06AGE813#06062020#030355.jpg,189,29,car plate,730,509,919,538
3#06AGJ790#06062020#143426.jpg,197,32,car plate,747,545,944,577
3#06AGK175#05062020#234640.jpg,224,34,car plate,531,610,755,644
3#06AGL674#06062020#143653.jpg,193,32,car plate,799,560,992,592
3#06AGM714#06062020#000134.jpg,209,33,car plate,628,610,837,643
3#06AGP297#06062020#025338.jpg,190,28,car plate,742,541,932,569
3#06AGS661#05062020#235246.jpg,193,29,car plate,736,533,929,562
3#06AGT386#05062020#113612.jpg,157,32,car plate,387,618,544,650
3#06AIG73#03062020#170314.jpg,132,29,car plate,618,577,750,606
3#06AIH41#06062020#001703.jpg,201,33,car plate,647,585,848,618
3#06AJ0391#06062020#141208.jpg,181,33,car plate,709,494,890,527
3#06AK2272#05062020#233439.jpg,195,32,car plate,680,586,875,618
3#06AK2272#05062020#233556.jpg,180,32,car plate,709,519,889,551
3#06AKS20#03062020#125250.jpg,201,33,car plate,411,593,612,626
3#06AKT94#06062020#031949.jpg,196,33,car plate,799,598,995,631
3#06AL0536#06062020#140830.jpg,210,34,car plate,871,612,1081,646
3#06AL4069#05062020#110229.jpg,184,29,car plate,811,518,995,547
3#06AL6318#06062020#002458.jpg,207,32,car plate,759,617,966,649
3#06ALV15#06062020#002428.jpg,191,34,car plate,705,642,896,676
3#06AN1325#05062020#102100.jpg,210,34,car plate,754,617,964,651
3#06AN1325#06062020#135400.jpg,195,29,car plate,748,555,943,584
3#06AN1926#03062020#170214.jpg,133,32,car plate,646,633,779,665
3#06AP4285#05062020#105516.jpg,195,32,car plate,647,548,842,580
3#06AP6523#05062020#101140.jpg,206,35,car plate,787,606,993,641
3#06AP8017#06062020#002033.jpg,194,32,car plate,710,568,904,600
3#06AR2830#05062020#101837.jpg,180,28,car plate,618,503,798,531
3#06AR2830#05062020#233935.jpg,181,28,car plate,577,500,758,528
3#06AR2830#06062020#140259.jpg,194,33,car plate,740,555,934,588
3#06AR3859#05062020#234942.jpg,198,34,car plate,650,543,848,577
3#06AR5599#03062020#170344.jpg,144,32,car plate,516,583,660,615
3#06ARC06#06062020#024815.jpg,176,29,car plate,782,479,958,508
3#06ART67#06062020#031828.jpg,198,33,car plate,750,559,948,592
3#06AS0891#03062020#170407.jpg,137,33,car plate,677,649,814,682
3#06AS1208#06062020#030917.jpg,194,29,car plate,693,585,887,614
3#06AS273#05062020#234810.jpg,210,33,car plate,678,622,888,655
3#06AS4497#03062020#164653.jpg,158,34,car plate,852,581,1010,615
3#06AS5065#05062020#104401.jpg,210,35,car plate,704,628,914,663
3#06AS5909#06062020#000928.jpg,192,29,car plate,736,533,928,562
3#06AS6884#06062020#030437.jpg,193,28,car plate,754,546,947,574
3#06ASG90#05062020#102922.jpg,177,28,car plate,699,480,876,508
3#06AT758#08062020#150804.jpg,148,24,car plate,166,612,314,636
3#06AT8232#06062020#024748.jpg,193,33,car plate,725,551,918,584
3#06AT9617#07062020#123822.jpg,120,27,car plate,656,621,776,648
3#06AT9617#07062020#192044.jpg,149,26,car plate,539,597,688,623
3#06AU0900#06062020#000152.jpg,199,32,car plate,718,575,917,607
3#06AU0999#06062020#030046.jpg,190,29,car plate,763,550,953,579
3#06AU4690#07062020#161053.jpg,137,25,car plate,768,596,905,621
3#06AU7137#05062020#234027.jpg,205,34,car plate,910,561,1115,595
3#06AV1057#06062020#032121.jpg,206,32,car plate,708,599,914,631
3#06AV2065#05062020#105219.jpg,213,35,car plate,757,592,970,627
3#06AV5857#06062020#141213.jpg,185,32,car plate,783,517,968,549
3#06AV9971#06062020#032330.jpg,200,32,car plate,680,602,880,634
3#06AY1484#05062020#105035.jpg,159,25,car plate,837,441,996,466
3#06AY2305#06062020#002848.jpg,185,29,car plate,761,539,946,568
3#06AY9004#05062020#233430.jpg,206,34,car plate,840,626,1046,660
3#06AYN45#07062020#125344.jpg,79,25,car plate,584,557,663,582
3#06AZ4078#05062020#104453.jpg,197,32,car plate,710,542,907,574
3#06AZ466#06062020#001848.jpg,178,29,car plate,770,477,948,506
3#06AZ9516#06062020#002309.jpg,197,25,car plate,621,630,818,655
3#06BA2226#06062020#030240.jpg,206,34,car plate,621,551,827,585
3#06BA2826#06062020#002353.jpg,195,32,car plate,637,532,832,564
3#06BA3800#03062020#164859.jpg,130,33,car plate,537,522,667,555
3#06BA4042#07062020#153643.jpg,133,26,car plate,514,573,647,599
3#06BA4311#06062020#033852.jpg,197,33,car plate,771,584,968,617
3#06BAH315#05062020#110456.jpg,181,28,car plate,796,476,977,504
3#06BAH315#05062020#110820.jpg,183,29,car plate,619,471,802,500
3#06BAH803#06062020#033203.jpg,194,32,car plate,803,561,997,593
3#06BAR424#07062020#173925.jpg,150,27,car plate,804,590,954,617
3#06BAR424#07062020#214403.jpg,150,27,car plate,804,590,954,617
3#06BAY111#06062020#002231.jpg,192,32,car plate,743,561,935,593
3#06BB1165#06062020#030151.jpg,194,29,car plate,688,536,882,565
3#06BB4813#05062020#111522.jpg,158,27,car plate,360,648,518,675
3#06BB4813#05062020#140843.jpg,176,27,car plate,308,581,484,608
3#06BB5288#06062020#141346.jpg,167,26,car plate,741,464,908,490
3#06BB5744#06062020#025209.jpg,211,33,car plate,753,538,964,571
3#06BB6050#07062020#205417.jpg,141,25,car plate,572,480,713,505
3#06BB679#06062020#024805.jpg,195,33,car plate,726,576,921,609
3#06BB8485#06062020#142429.jpg,202,32,car plate,605,585,807,617
3#06BBD181#06062020#033448.jpg,196,28,car plate,824,582,1020,610
3#06BBE950#07062020#171331.jpg,160,28,car plate,790,604,950,632
3#06BBE950#07062020#211809.jpg,160,28,car plate,790,604,950,632
3#06BBK180#06062020#025130.jpg,185,32,car plate,806,492,991,524
3#06BBV034#06062020#030146.jpg,174,28,car plate,802,477,976,505
3#06BBV769#05062020#105546.jpg,174,26,car plate,649,467,823,493
3#06BC0923#05062020#232958.jpg,208,34,car plate,602,607,810,641
3#06BC3547#06062020#003011.jpg,199,33,car plate,709,586,908,619
3#06BC4301#03062020#213309.jpg,169,28,car plate,485,512,654,540
3#06BCD675#06062020#143403.jpg,201,29,car plate,809,589,1010,618
3#06BCE490#06062020#030935.jpg,195,33,car plate,605,541,800,574
3#06BCF807#06062020#033232.jpg,199,32,car plate,743,613,942,645
3#06BCG649#06062020#135415.jpg,178,28,car plate,664,502,842,530
3#06BCH117#06062020#024957.jpg,173,27,car plate,744,533,917,560
3#06BCH529#05062020#235955.jpg,217,34,car plate,665,589,882,623
3#06BCK116#06062020#025634.jpg,206,29,car plate,801,586,1007,615
3#06BCN070#03062020#014545.jpg,153,25,car plate,565,597,718,622
3#06BCN070#03062020#094216.jpg,156,26,car plate,560,611,716,637
3#06BCN159#06062020#025243.jpg,191,27,car plate,650,538,841,565
3#06BCV778#05062020#233650.jpg,193,33,car plate,714,541,907,574
3#06BD0770#07062020#173508.jpg,141,26,car plate,603,615,744,641
3#06BD0770#07062020#213947.jpg,151,26,car plate,606,571,757,597
3#06BD4184#07062020#182638.jpg,156,28,car plate,844,615,1000,643
3#06BD4374#06062020#142925.jpg,201,34,car plate,646,564,847,598
3#06BD4625#06062020#002447.jpg,197,32,car plate,805,581,1002,613
3#06BD7917#05062020#103104.jpg,189,33,car plate,785,532,974,565
3#06BDA271#06062020#000722.jpg,180,29,car plate,709,495,889,524
3#06BDB571#05062020#100959.jpg,183,33,car plate,832,500,1015,533
3#06BDE088#05062020#101508.jpg,180,27,car plate,706,504,886,531
3#06BDE437#06062020#031004.jpg,186,29,car plate,751,578,937,607
3#06BDE668#05062020#101043.jpg,158,26,car plate,793,466,951,492
3#06BDF282#07062020#170109.jpg,153,28,car plate,607,592,760,620
3#06BDF282#07062020#210548.jpg,145,26,car plate,613,492,758,518
3#06BDH152#05062020#235659.jpg,160,27,car plate,793,447,953,474
3#06BDH536#08062020#115754.jpg,151,25,car plate,513,604,664,629
3#06BDJ286#05062020#103753.jpg,213,35,car plate,860,612,1073,647
3#06BDL131#06062020#141506.jpg,191,29,car plate,647,531,838,560
3#06BDP470#05062020#233507.jpg,189,29,car plate,804,520,993,549
3#06BDT073#05062020#102135.jpg,182,27,car plate,817,491,999,518
3#06BDV676#05062020#234158.jpg,201,34,car plate,793,604,994,638
3#06BDY397#06062020#142830.jpg,191,29,car plate,839,552,1030,581
3#06BE0169#07062020#161148.jpg,134,32,car plate,555,609,689,641
3#06BE0169#07062020#191627.jpg,150,28,car plate,709,583,859,611
3#06BE175#06062020#002117.jpg,198,32,car plate,721,561,919,593
3#06BEJ434#06062020#031749.jpg,199,32,car plate,689,566,888,598
3#06BEL422#07062020#194328.jpg,145,26,car plate,741,569,886,595
3#06BEL791#05062020#234504.jpg,196,34,car plate,755,564,951,598
3#06BEP534#07062020#141023.jpg,134,23,car plate,1078,594,1212,617
3#06BET088#06062020#001023.jpg,182,32,car plate,823,513,1005,545
3#06BET512#06062020#025414.jpg,192,33,car plate,709,527,901,560
3#06BEU792#06062020#033459.jpg,193,33,car plate,765,549,958,582
3#06BEY172#06062020#143513.jpg,177,26,car plate,702,508,879,534
3#06BF5515#08062020#192953.jpg,157,26,car plate,504,608,661,634
3#06BF865#06062020#001435.jpg,207,29,car plate,695,607,902,636
3#06BFC054#05062020#235141.jpg,173,28,car plate,916,476,1089,504
3#06BFD644#06062020#141553.jpg,177,28,car plate,639,473,816,501
3#06BFE177#05062020#110351.jpg,192,34,car plate,771,578,963,612
3#06BFH627#06062020#143329.jpg,186,29,car plate,785,495,971,524
3#06BFJ210#07062020#174527.jpg,147,26,car plate,534,584,681,610
3#06BFJ210#07062020#215005.jpg,147,26,car plate,534,584,681,610
3#06BFJ278#07062020#160314.jpg,103,25,car plate,588,565,691,590
3#06BFJ278#07062020#173922.jpg,146,25,car plate,638,537,784,562
3#06BFJ278#07062020#214401.jpg,146,25,car plate,638,537,784,562
3#06BFM225#06062020#001859.jpg,212,33,car plate,642,622,854,655
3#06BFN25#07062020#123324.jpg,137,27,car plate,563,611,700,638
3#06BFN257#07062020#150110.jpg,120,27,car plate,580,565,700,592
3#06BFN257#07062020#155451.jpg,140,28,car plate,575,595,715,623
3#06BFN257#07062020#200952.jpg,151,25,car plate,545,535,696,560
3#06BFN575#06062020#031030.jpg,205,34,car plate,724,554,929,588
3#06BFT775#05062020#203100.jpg,148,25,car plate,563,586,711,611
3#06BFV707#06062020#033028.jpg,207,32,car plate,724,594,931,626
3#06BFZ041#06062020#032338.jpg,205,33,car plate,785,617,990,650
3#06BFZ109#06062020#000201.jpg,182,28,car plate,697,511,879,539
3#06BG1011#03062020#164959.jpg,140,27,car plate,565,601,705,628
3#06BG1013#03062020#165034.jpg,134,26,car plate,1123,538,1257,564
3#06BGA423#06062020#001811.jpg,191,29,car plate,732,583,923,612
3#06BGA979#05062020#102506.jpg,185,29,car plate,672,488,857,517
3#06BGH525#06062020#032532.jpg,198,32,car plate,695,581,893,613
3#06BGJ686#06062020#025939.jpg,197,34,car plate,602,577,799,611
3#06BGM909#06062020#002219.jpg,197,28,car plate,716,624,913,652
3#06BGN688#06062020#030957.jpg,197,32,car plate,644,535,841,567
3#06BGR641#07062020#131705.jpg,97,25,car plate,555,618,652,643
3#06BGS929#06062020#031257.jpg,194,33,car plate,851,565,1045,598
3#06BGT449#06062020#025201.jpg,212,33,car plate,798,622,1010,655
3#06BGT896#05062020#100344.jpg,198,33,car plate,681,552,879,585
3#06BGU53#07062020#131712.jpg,135,25,car plate,581,611,716,636
3#06BH7417#05062020#104916.jpg,181,28,car plate,843,512,1024,540
3#06BHA607#06062020#143542.jpg,202,32,car plate,816,590,1018,622
3#06BHC135#05062020#101309.jpg,177,29,car plate,783,493,960,522
3#06BHD709#06062020#025226.jpg,196,32,car plate,828,580,1024,612
3#06BHG428#06062020#141223.jpg,211,34,car plate,733,609,944,643
3#06BHP095#05062020#105347.jpg,169,28,car plate,658,464,827,492
3#06BHS335#05062020#233614.jpg,186,29,car plate,676,518,862,547
3#06BIA670#06062020#024949.jpg,205,33,car plate,716,589,921,622
3#06BIB821#05062020#235359.jpg,215,35,car plate,707,614,922,649
3#06BIC068#05062020#105904.jpg,198,32,car plate,666,549,864,581
3#06BID901#05062020#234235.jpg,211,34,car plate,751,630,962,664
3#06BIF761#06062020#025515.jpg,190,29,car plate,662,534,852,563
3#06BIH131#06062020#033256.jpg,190,32,car plate,793,585,983,617
3#06BIL837#06062020#135600.jpg,208,33,car plate,648,612,856,645
3#06BIP395#06062020#001421.jpg,191,29,car plate,552,524,743,553
3#06BIS249#06062020#000207.jpg,192,34,car plate,761,542,953,576
3#06BIT637#08062020#123833.jpg,148,26,car plate,623,575,771,601
3#06BIU312#06062020#031012.jpg,185,29,car plate,790,519,975,548
3#06BIV791#05062020#235525.jpg,192,33,car plate,786,547,978,580
3#06BIZ772#06062020#032047.jpg,196,32,car plate,706,555,902,587
3#06BJ6226#06062020#030746.jpg,194,29,car plate,781,548,975,577
3#06BJ9897#05062020#102017.jpg,205,34,car plate,762,584,967,618
3#06BJA145#06062020#140813.jpg,189,33,car plate,696,572,885,605
3#06BJH893#06062020#142529.jpg,201,33,car plate,805,606,1006,639
3#06BJK232#06062020#000602.jpg,231,43,car plate,831,617,1062,660
3#06BJP784#05062020#104649.jpg,191,33,car plate,785,571,976,604
3#06BJR958#08062020#124705.jpg,153,26,car plate,577,610,730,636
3#06BJS597#05062020#110120.jpg,215,35,car plate,786,637,1001,672
3#06BJY140#06062020#025643.jpg,180,28,car plate,739,501,919,529
3#06BK0860#06062020#000531.jpg,183,29,car plate,726,525,909,554
3#06BK1700#03062020#153322.jpg,174,29,car plate,674,590,848,619
3#06BK4287#07062020#201906.jpg,157,26,car plate,476,589,633,615
3#06BK4785#06062020#025859.jpg,181,33,car plate,719,487,900,520
3#06BK5059#08062020#125940.jpg,157,27,car plate,418,564,575,591
3#06BK8084#03062020#164919.jpg,131,28,car plate,443,462,574,490
3#06BK8304#07062020#192016.jpg,152,25,car plate,565,533,717,558
3#06BK9475#03062020#164831.jpg,184,43,car plate,663,616,847,659
3#06BKC452#06062020#025818.jpg,184,29,car plate,762,568,946,597
3#06BKF027#06062020#031338.jpg,200,29,car plate,792,578,992,607
3#06BKF056#06062020#001754.jpg,197,32,car plate,835,540,1032,572
3#06BKF118#05062020#200023.jpg,148,26,car plate,427,591,575,617
3#06BKF118#06062020#010633.jpg,168,28,car plate,159,567,327,595
3#06BKG035#06062020#032154.jpg,199,29,car plate,651,580,850,609
3#06BKJ395#05062020#103024.jpg,185,29,car plate,765,541,950,570
3#06BKJ818#06062020#001317.jpg,196,32,car plate,618,591,814,623
3#06BKK292#06062020#135436.jpg,199,32,car plate,833,567,1032,599
3#06BKL312#05062020#110514.jpg,201,32,car plate,629,561,830,593
3#06BKM451#05062020#105051.jpg,202,33,car plate,723,594,925,627
3#06BKU175#06062020#034329.jpg,194,29,car plate,802,607,996,636
3#06BKU919#06062020#000249.jpg,192,28,car plate,742,579,934,607
3#06BL2600#06062020#141634.jpg,190,28,car plate,762,565,952,593
3#06BL6484#05062020#104345.jpg,177,32,car plate,801,465,978,497
3#06BLC821#05062020#105105.jpg,183,29,car plate,743,519,926,548
3#06BLD424#06062020#001149.jpg,200,32,car plate,724,578,924,610
3#06BLF345#06062020#142920.jpg,191,29,car plate,883,544,1074,573
3#06BLF578#05062020#102632.jpg,184,27,car plate,836,539,1020,566
3#06BLF790#06062020#002209.jpg,191,32,car plate,688,517,879,549
3#06BLN20#07062020#144857.jpg,131,26,car plate,644,575,775,601
3#06BM0640#05062020#100229.jpg,198,27,car plate,671,614,869,641
3#06BM0640#06062020#140120.jpg,189,27,car plate,715,574,904,601
3#06BM5329#06062020#000629.jpg,210,29,car plate,721,617,931,646
3#06BM5481#03062020#170413.jpg,128,33,car plate,615,519,743,552
3#06BM7158#05062020#233751.jpg,189,33,car plate,753,519,942,552
3#06BM8871#03062020#130308.jpg,198,34,car plate,506,581,704,615
3#06BMB206#07062020#184736.jpg,157,27,car plate,454,625,611,652
3#06BMF17#06062020#034858.jpg,199,33,car plate,742,560,941,593
3#06BMF839#07062020#202142.jpg,148,26,car plate,485,538,633,564
3#06BMK384#05062020#103050.jpg,202,32,car plate,706,583,908,615
3#06BMK929#07062020#145743.jpg,132,25,car plate,666,588,798,613
3#06BMN289#05062020#104846.jpg,180,27,car plate,701,538,881,565
3#06BMN372#06062020#033628.jpg,197,32,car plate,703,541,900,573
3#06BN0337#03062020#165042.jpg,136,32,car plate,753,610,889,642
3#06BN6217#03062020#170420.jpg,133,29,car plate,666,551,799,580
3#06BN8570#03062020#165451.jpg,127,33,car plate,473,483,600,516
3#06BN9531#03062020#190137.jpg,193,32,car plate,690,630,883,662
3#06BN9891#05062020#110715.jpg,178,28,car plate,737,511,915,539
3#06BNC345#06062020#001115.jpg,213,35,car plate,763,602,976,637
3#06BNC687#06062020#024857.jpg,183,29,car plate,783,537,966,566
3#06BNG143#06062020#033403.jpg,206,34,car plate,860,600,1066,634
3#06BNN844#07062020#155203.jpg,137,29,car plate,424,616,561,645
3#06BNS972#05062020#104148.jpg,191,27,car plate,724,560,915,587
3#06BNU906#06062020#031117.jpg,192,29,car plate,851,562,1043,591
3#06BO0462#05062020#102609.jpg,195,32,car plate,766,559,961,591
3#06BOC04#06062020#033146.jpg,210,35,car plate,692,608,902,643
3#06BOC798#05062020#233211.jpg,193,32,car plate,637,571,830,603
3#06BON249#05062020#101129.jpg,184,29,car plate,836,506,1020,535
3#06BOS852#06062020#000646.jpg,165,28,car plate,839,448,1004,476
3#06BOU738#05062020#235216.jpg,211,35,car plate,816,625,1027,660
3#06BOY651#05062020#235746.jpg,164,27,car plate,638,460,802,487
3#06BP0826#06062020#002026.jpg,201,32,car plate,845,591,1046,623
3#06BP2906#06062020#031403.jpg,199,29,car plate,734,591,933,620
3#06BPA396#06062020#025852.jpg,186,28,car plate,724,511,910,539
3#06BPH243#06062020#000837.jpg,210,32,car plate,679,625,889,657
3#06BPK012#05062020#234445.jpg,181,28,car plate,650,527,831,555
3#06BPK488#05062020#102615.jpg,197,29,car plate,769,548,966,577
3#06BPL494#06062020#002615.jpg,190,32,car plate,693,541,883,573
3#06BPN432#06062020#001128.jpg,186,29,car plate,878,574,1064,603
3#06BPR118#05062020#110621.jpg,156,26,car plate,849,456,1005,482
3#06BPV567#06062020#030049.jpg,178,27,car plate,805,489,983,516
3#06BPY065#07062020#162032.jpg,141,26,car plate,780,623,921,649
3#06BPY892#06062020#002524.jpg,192,32,car plate,758,585,950,617
3#06BR1177#07062020#205724.jpg,150,25,car plate,453,591,603,616
3#06BR2010#06062020#025755.jpg,210,34,car plate,771,621,981,655
3#06BR4436#06062020#002136.jpg,196,34,car plate,799,568,995,602
3#06BRB991#06062020#025246.jpg,190,33,car plate,725,507,915,540
3#06BRD378#06062020#000052.jpg,205,32,car plate,655,620,860,652
3#06BRD378#06062020#011102.jpg,162,27,car plate,393,519,555,546
3#06BRG334#06062020#024833.jpg,184,29,car plate,822,500,1006,529
3#06BRN79#05062020#132658.jpg,94,25,car plate,468,625,562,650
3#06BS0663#06062020#000949.jpg,200,29,car plate,707,608,907,637
3#06BS1773#07062020#165709.jpg,148,25,car plate,558,540,706,565
3#06BS1779#07062020#210147.jpg,140,24,car plate,569,458,709,482
3#06BS6854#06062020#105906.jpg,173,32,car plate,691,518,864,550
3#06BS8285#06062020#030622.jpg,196,32,car plate,749,564,945,596
3#06BS9942#06062020#033347.jpg,205,35,car plate,793,606,998,641
3#06BSD530#07062020#195034.jpg,152,27,car plate,431,595,583,622
3#06BT4928#06062020#141656.jpg,192,33,car plate,683,525,875,558
3#06BT4928#06062020#143645.jpg,202,33,car plate,752,591,954,624
3#06BTL638#08062020#195559.jpg,158,27,car plate,704,627,862,654
3#06BTT515#07062020#174920.jpg,146,28,car plate,1021,512,1167,540
3#06BTT515#07062020#215358.jpg,146,28,car plate,1021,512,1167,540
3#06BU3208#03062020#165951.jpg,136,35,car plate,532,546,668,581
3#06BU6773#06062020#002843.jpg,181,32,car plate,838,542,1019,574
3#06BUB052#08062020#114027.jpg,156,28,car plate,864,631,1020,659
3#06BUB052#08062020#115457.jpg,153,26,car plate,454,626,607,652
3#06BUE557#08062020#123419.jpg,148,25,car plate,655,544,803,569
3#06BUK753#07062020#131710.jpg,131,27,car plate,486,570,617,597
3#06BV2567#05062020#104903.jpg,175,26,car plate,809,541,984,567
3#06BV7106#05062020#201823.jpg,153,26,car plate,317,636,470,662
3#06BV7106#06062020#000230.jpg,191,32,car plate,564,528,755,560
3#06BV7106#06062020#001247.jpg,184,32,car plate,796,521,980,553
3#06BV7106#06062020#012526.jpg,177,34,car plate,415,581,592,615
3#06BVC021#07062020#200515.jpg,147,33,car plate,1127,552,1274,585
3#06BY0601#03062020#165807.jpg,137,32,car plate,605,642,742,674
3#06BY1236#06062020#002042.jpg,201,35,car plate,830,628,1031,663
3#06BY2300#06062020#001448.jpg,200,32,car plate,794,587,994,619
3#06BY6000#06062020#003049.jpg,208,33,car plate,749,610,957,643
3#06BY7268#06062020#000753.jpg,190,32,car plate,669,526,859,558
3#06BZ1140#05062020#110509.jpg,210,34,car plate,714,612,924,646
3#06BZ1879#06062020#030117.jpg,151,25,car plate,723,434,874,459
3#06BZ3044#05062020#105727.jpg,179,29,car plate,757,523,936,552
3#06BZ8085#06062020#024553.jpg,209,33,car plate,707,592,916,625
3#06CD3463#05062020#104355.jpg,215,35,car plate,690,623,905,658
3#06CD5460#05062020#104059.jpg,183,29,car plate,804,543,987,572
3#06CD5741#06062020#135456.jpg,185,32,car plate,698,523,883,555
3#06CD6003#06062020#032159.jpg,205,28,car plate,617,599,822,627
3#06CD6087#05062020#235401.jpg,208,29,car plate,749,589,957,618
3#06CD6855#05062020#234727.jpg,206,33,car plate,658,558,864,591
3#06CD6988#06062020#135717.jpg,212,33,car plate,746,600,958,633
3#06CD7608#06062020#032220.jpg,217,33,car plate,628,575,845,608
3#06CEY17#06062020#032928.jpg,198,33,car plate,857,605,1055,638
3#06CMK81#06062020#104119.jpg,167,26,car plate,401,549,568,575
3#06CMK81#06062020#104719.jpg,169,29,car plate,511,556,680,585
3#06CNK79#05062020#103924.jpg,209,33,car plate,817,604,1026,637
3#06CNK79#05062020#132218.jpg,76,25,car plate,423,542,499,567
3#06CNK79#05062020#132342.jpg,153,27,car plate,445,603,598,630
3#06CNK79#06062020#142638.jpg,205,32,car plate,634,566,839,598
3#06CNT60#06062020#034603.jpg,208,34,car plate,713,615,921,649
3#06CYL53#05062020#101051.jpg,202,29,car plate,779,566,981,595
3#06D0094#05062020#201002.jpg,153,27,car plate,344,635,497,662
3#06D0094#06062020#011619.jpg,176,27,car plate,409,574,585,601
3#06D0094#06062020#153827.jpg,181,29,car plate,401,603,582,632
3#06D2464#07062020#205732.jpg,153,25,car plate,497,586,650,611
3#06D8651#05062020#235200.jpg,196,33,car plate,673,528,869,561
3#06DA0555#06062020#000547.jpg,191,33,car plate,713,515,904,548
3#06DA2213#05062020#235010.jpg,202,33,car plate,808,599,1010,632
3#06DA5251#06062020#025312.jpg,180,32,car plate,813,503,993,535
3#06DA7416#05062020#101555.jpg,189,28,car plate,761,554,950,582
3#06DB0316#06062020#002421.jpg,211,29,car plate,590,618,801,647
3#06DB1263#07062020#141018.jpg,134,23,car plate,1094,611,1228,634
3#06DB3989#05062020#101905.jpg,202,33,car plate,958,623,1160,656
3#06DB8356#06062020#140521.jpg,194,29,car plate,695,544,889,573
3#06DC0422#05062020#104215.jpg,166,25,car plate,653,460,819,485
3#06DC1072#05062020#101951.jpg,190,29,car plate,843,571,1033,600
3#06DC110#06062020#142646.jpg,201,34,car plate,857,587,1058,621
3#06DC1126#08062020#192628.jpg,149,26,car plate,638,558,787,584
3#06DC1541#06062020#142847.jpg,183,28,car plate,828,538,1011,566
3#06DC2173#05062020#235831.jpg,201,29,car plate,743,598,944,627
3#06DC2207#05062020#104235.jpg,181,29,car plate,776,556,957,585
3#06DC5150#05062020#135642.jpg,152,26,car plate,347,469,499,495
3#06DC8872#06062020#030308.jpg,184,28,car plate,704,496,888,524
3#06DD0507#05062020#104305.jpg,160,26,car plate,788,453,948,479
3#06DD0705#05062020#100543.jpg,200,33,car plate,764,598,964,631
3#06DD0705#06062020#140328.jpg,202,34,car plate,852,617,1054,651
3#06DD3150#06062020#033048.jpg,211,34,car plate,678,585,889,619
3#06DD5724#06062020#141319.jpg,180,29,car plate,657,486,837,515
3#06DD6372#06062020#141120.jpg,196,32,car plate,812,563,1008,595
3#06DD8454#06062020#011334.jpg,182,28,car plate,284,592,466,620
3#06DE3067#06062020#030656.jpg,190,29,car plate,814,538,1004,567
3#06DE3577#06062020#034319.jpg,209,34,car plate,660,603,869,637
3#06DE6893#05062020#102418.jpg,201,37,car plate,774,616,975,653
3#06DE7161#06062020#031122.jpg,198,32,car plate,796,585,994,617
3#06DE7611#05062020#233544.jpg,196,32,car plate,812,573,1008,605
3#06DE9325#06062020#021012.jpg,158,26,car plate,463,634,621,660
3#06DE9325#06062020#110159.jpg,169,29,car plate,543,536,712,565
3#06DE9929#05062020#102958.jpg,160,28,car plate,687,462,847,490
3#06DF2142#06062020#140802.jpg,211,33,car plate,682,613,893,646
3#06DG3710#06062020#012020.jpg,176,26,car plate,313,588,489,614
3#06DG4113#06062020#000328.jpg,199,29,car plate,656,581,855,610
3#06DG4830#03062020#170127.jpg,131,32,car plate,479,514,610,546
3#06DG7033#05062020#102427.jpg,192,29,car plate,727,553,919,582
3#06DG9450#03062020#165946.jpg,134,32,car plate,572,599,706,631
3#06DH1611#06062020#001806.jpg,184,29,car plate,788,526,972,555
3#06DH7540#03062020#165423.jpg,130,29,car plate,551,497,681,526
3#06DH9425#03062020#165942.jpg,140,32,car plate,740,649,880,681
3#06DIH85#05062020#110357.jpg,179,32,car plate,874,519,1053,551
3#06DIL49#06062020#031105.jpg,212,35,car plate,642,593,854,628
3#06DJ210#06062020#030758.jpg,196,28,car plate,777,574,973,602
3#06DJ4027#06062020#024626.jpg,192,29,car plate,776,611,968,640
3#06DJ4379#08062020#195735.jpg,156,27,car plate,596,617,752,644
3#06DJ9838#08062020#195245.jpg,153,27,car plate,934,630,1087,657
3#06DJJ61#07062020#135000.jpg,131,25,car plate,927,582,1058,607
3#06DJJ61#07062020#160723.jpg,130,26,car plate,566,578,696,604
3#06DJJ61#07062020#191413.jpg,140,25,car plate,874,503,1014,528
3#06DK1883#06062020#135951.jpg,186,28,car plate,669,486,855,514
3#06DK544#08062020#104557.jpg,134,24,car plate,452,598,586,622
3#06DK7484#08062020#115705.jpg,157,25,car plate,557,613,714,638
3#06DK9108#05062020#101426.jpg,172,27,car plate,666,466,838,493
3#06DK9108#05062020#234259.jpg,191,29,car plate,708,532,899,561
3#06DL2742#05062020#110432.jpg,205,33,car plate,766,598,971,631
3#06DL7538#05062020#235940.jpg,134,26,car plate,708,400,842,426
3#06DL7791#06062020#031043.jpg,184,32,car plate,742,509,926,541
3#06DM1101#06062020#032357.jpg,225,35,car plate,773,607,998,642
3#06DM2048#08062020#123700.jpg,158,26,car plate,765,638,923,664
3#06DM3472#03062020#165812.jpg,130,28,car plate,741,505,871,533
3#06DM7470#05062020#100320.jpg,205,33,car plate,736,605,941,638
3#06DM8557#05062020#104500.jpg,207,35,car plate,791,584,998,619
3#06DN0681#06062020#031513.jpg,195,33,car plate,730,583,925,616
3#06DN9939#06062020#033119.jpg,202,34,car plate,765,608,967,642
3#06DNK91#07062020#195716.jpg,143,27,car plate,1003,550,1146,577
3#06DNK91#08062020#114439.jpg,149,26,car plate,920,613,1069,639
3#06DNY93#05062020#103317.jpg,193,29,car plate,699,533,892,562
3#06DP1770#05062020#104024.jpg,197,32,car plate,710,566,907,598
3#06DP7342#05062020#100354.jpg,213,32,car plate,694,585,907,617
3#06DP8628#06062020#142212.jpg,207,36,car plate,764,610,971,646
3#06DP9780#06062020#135846.jpg,185,32,car plate,683,527,868,559
3#06DR0011#06062020#141909.jpg,183,29,car plate,841,529,1024,558
3#06DR130#05062020#233630.jpg,202,29,car plate,716,582,918,611
3#06DR3545#06062020#034103.jpg,193,29,car plate,778,583,971,612
3#06DR5393#06062020#030945.jpg,196,33,car plate,779,542,975,575
3#06DR9557#03062020#165619.jpg,127,28,car plate,583,476,710,504
3#06DRB98#06062020#033548.jpg,193,29,car plate,800,548,993,577
3#06DRS61#03062020#165558.jpg,130,32,car plate,607,497,737,529
3#06DRU81#05062020#140625.jpg,144,24,car plate,385,473,529,497
3#06DRV33#05062020#234118.jpg,181,25,car plate,781,573,962,598
3#06DRY53#06062020#031530.jpg,186,27,car plate,683,524,869,551
3#06DRZ95#06062020#031138.jpg,195,34,car plate,881,593,1076,627
3#06DSU17#03062020#170144.jpg,133,32,car plate,576,573,709,605
3#06DT1307#06062020#031449.jpg,212,35,car plate,702,605,914,640
3#06DT1484#05062020#235631.jpg,199,33,car plate,841,566,1040,599
3#06DT1484#06062020#141652.jpg,198,33,car plate,815,536,1013,569
3#06DT2355#03062020#170001.jpg,142,32,car plate,526,644,668,676
3#06DT7642#05062020#234902.jpg,206,32,car plate,870,630,1076,662
3#06DTS17#08062020#194330.jpg,151,26,car plate,490,582,641,608
3#06DU1933#06062020#001442.jpg,178,27,car plate,770,501,948,528
3#06DU2180#06062020#024701.jpg,189,32,car plate,772,516,961,548
3#06DU2821#05062020#234417.jpg,176,28,car plate,731,481,907,509
3#06DU5297#07062020#203442.jpg,152,27,car plate,581,585,733,612
3#06DU5508#06062020#000146.jpg,226,38,car plate,826,623,1052,661
3#06DU6303#06062020#034626.jpg,200,34,car plate,833,586,1033,620
3#06DU8294#05062020#235711.jpg,182,29,car plate,769,515,951,544
3#06DV0345#03062020#112811.jpg,159,27,car plate,527,583,686,610
3#06DV600#06062020#140544.jpg,209,34,car plate,693,585,902,619
3#06DV6634#05062020#233714.jpg,199,34,car plate,723,544,922,578
3#06DVL80#05062020#204309.jpg,71,25,car plate,366,563,437,588
3#06DY0897#05062020#105441.jpg,210,33,car plate,662,605,872,638
3#06DY4284#05062020#235432.jpg,189,29,car plate,635,520,824,549
3#06DY4871#03062020#165757.jpg,142,34,car plate,376,627,518,661
3#06DY5138#06062020#000054.jpg,213,29,car plate,772,629,985,658
3#06DY6228#06062020#002023.jpg,214,33,car plate,747,607,961,640
3#06DY8083#05062020#203451.jpg,150,27,car plate,265,603,415,630
3#06DY8173#06062020#024539.jpg,195,33,car plate,699,589,894,622
3#06DY8709#07062020#135722.jpg,136,26,car plate,678,605,814,631
3#06DY8709#07062020#181315.jpg,158,25,car plate,625,633,783,658
3#06DY8709#07062020#221753.jpg,153,26,car plate,626,592,779,618
3#06DY9350#06062020#025440.jpg,189,29,car plate,867,550,1056,579
3#06DZ0468#05062020#103337.jpg,202,32,car plate,784,605,986,637
3#06DZ1447#06062020#025800.jpg,202,36,car plate,928,607,1130,643
3#06DZ1503#06062020#030132.jpg,197,33,car plate,807,566,1004,599
3#06DZ7334#05062020#110522.jpg,202,28,car plate,718,606,920,634
3#06DZ8868#06062020#000233.jpg,208,34,car plate,642,603,850,637
3#06DZN89#06062020#032834.jpg,211,34,car plate,602,601,813,635
3#06E3845#06062020#000540.jpg,179,29,car plate,833,512,1012,541
3#06E4226#05062020#233547.jpg,198,28,car plate,544,585,742,613
3#06E4575#06062020#001104.jpg,180,29,car plate,633,485,813,514
3#06E6004#05062020#102557.jpg,176,29,car plate,829,501,1005,530
3#06E8319#05062020#104135.jpg,174,32,car plate,744,472,918,504
3#06E9207#05062020#110338.jpg,63,50,car plate,763,580,826,630
3#06EA4375#08062020#125745.jpg,152,26,car plate,592,547,744,573
3#06EA6903#06062020#032647.jpg,202,33,car plate,722,573,924,606
3#06EAS17#06062020#024918.jpg,206,32,car plate,763,597,969,629
3#06EB7493#03062020#004035.jpg,141,24,car plate,826,541,967,565
3#06EC5727#06062020#030952.jpg,198,33,car plate,793,572,991,605
3#06EC6789#05062020#134359.jpg,162,26,car plate,273,509,435,535
3#06EC6923#06062020#025355.jpg,201,32,car plate,827,604,1028,636
3#06EC748#05062020#105234.jpg,164,27,car plate,832,501,996,528
3#06EE0061#05062020#102813.jpg,178,32,car plate,866,530,1044,562
3#06EE7833#05062020#102144.jpg,189,28,car plate,807,537,996,565
3#06EE7905#06062020#030628.jpg,194,32,car plate,701,533,895,565
3#06EF811#06062020#030235.jpg,193,34,car plate,805,589,998,623
3#06EF9570#06062020#142426.jpg,194,28,car plate,764,551,958,579
3#06EFE01#06062020#030722.jpg,193,32,car plate,708,565,901,597
3#06EG075#06062020#141541.jpg,194,29,car plate,790,567,984,596
3#06EJ494#05062020#201825.jpg,158,29,car plate,269,610,427,639
3#06EJ494#06062020#000942.jpg,225,36,car plate,659,591,884,627
3#06EJ494#06062020#012848.jpg,190,33,car plate,286,599,476,632
3#06EMM19#06062020#031357.jpg,185,32,car plate,778,515,963,547
3#06EMM93#06062020#002511.jpg,196,28,car plate,589,551,785,579
3#06EN404#06062020#025933.jpg,182,29,car plate,752,499,934,528
3#06EPN70#05062020#235509.jpg,202,35,car plate,789,568,991,603
3#06EU2360#08062020#193454.jpg,157,26,car plate,363,626,520,652
3#06EU2413#05062020#110440.jpg,196,33,car plate,682,547,878,580
3#06EU5546#03062020#125934.jpg,200,32,car plate,410,581,610,613
3#06EU8743#07062020#155034.jpg,95,25,car plate,766,602,861,627
3#06EU9172#06062020#000116.jpg,194,29,car plate,782,562,976,591
3#06EUN29#06062020#025826.jpg,210,33,car plate,562,609,772,642
3#06EUY56#05062020#102204.jpg,189,32,car plate,756,520,945,552
3#06EV052#05062020#234952.jpg,211,34,car plate,697,578,908,612
3#06EV5394#08062020#213041.jpg,141,24,car plate,1074,657,1215,681
3#06EY7296#03062020#165918.jpg,129,33,car plate,705,510,834,543
3#06EZ1334#08062020#125804.jpg,158,27,car plate,785,617,943,644
3#06EZ1673#06062020#002817.jpg,207,34,car plate,803,604,1010,638
3#06EZ8196#06062020#002440.jpg,200,32,car plate,740,568,940,600
3#06EZ9978#07062020#155201.jpg,136,26,car plate,582,629,718,655
3#06F7139#05062020#110407.jpg,102,51,car plate,707,613,809,664
3#06FA1850#06062020#033223.jpg,207,33,car plate,744,604,951,637
3#06FA2007#05062020#110012.jpg,212,36,car plate,631,558,843,594
3#06FA2649#05062020#235654.jpg,200,29,car plate,732,572,932,601
3#06FA2979#05062020#110133.jpg,161,26,car plate,722,453,883,479
3#06FB0012#06062020#025945.jpg,186,33,car plate,783,507,969,540
3#06FB007#03062020#165939.jpg,134,32,car plate,446,577,580,609
3#06FB2396#06062020#000336.jpg,185,32,car plate,736,543,921,575
3#06FB4647#03062020#165020.jpg,125,28,car plate,1132,447,1257,475
3#06FB6190#06062020#031246.jpg,191,28,car plate,746,530,937,558
3#06FB765#06062020#033001.jpg,210,33,car plate,788,618,998,651
3#06FC2599#03062020#170037.jpg,129,28,car plate,623,519,752,547
3#06FC3117#06062020#003001.jpg,216,34,car plate,599,614,815,648
3#06FC3184#06062020#002130.jpg,182,28,car plate,625,507,807,535
3#06FC6753#05062020#103349.jpg,208,32,car plate,601,620,809,652
3#06FC8356#06062020#033213.jpg,194,32,car plate,803,567,997,599
3#06FC888#05062020#140105.jpg,175,25,car plate,237,556,412,581
3#06FD1984#05062020#101544.jpg,177,29,car plate,919,526,1096,555
3#06FD2064#05062020#234403.jpg,193,29,car plate,848,567,1041,596
3#06FD2675#08062020#120414.jpg,152,25,car plate,527,553,679,578
3#06FD4837#06062020#032106.jpg,198,36,car plate,808,601,1006,637
3#06FD4992#05062020#235134.jpg,210,36,car plate,814,621,1024,657
3#06FD6557#05062020#110903.jpg,198,32,car plate,735,578,933,610
3#06FD7921#05062020#234512.jpg,182,29,car plate,733,513,915,542
3#06FD9835#06062020#001010.jpg,186,32,car plate,690,514,876,546
3#06FE1400#05062020#101412.jpg,209,34,car plate,756,618,965,652
3#06FE3697#05062020#235302.jpg,207,34,car plate,752,594,959,628
3#06FE3697#06062020#031417.jpg,199,33,car plate,707,563,906,596
3#06FE5949#06062020#002011.jpg,207,32,car plate,741,580,948,612
3#06FE675#06062020#001936.jpg,214,29,car plate,601,630,815,659
3#06FE7168#07062020#181551.jpg,150,25,car plate,534,549,684,574
3#06FE7168#07062020#222030.jpg,158,26,car plate,527,606,685,632
3#06FE8456#06062020#001814.jpg,182,28,car plate,740,540,922,568
3#06FE9351#06062020#002854.jpg,207,32,car plate,656,592,863,624
3#06FEC46#06062020#001141.jpg,194,29,car plate,742,557,936,586
3#06FF1008#08062020#195548.jpg,150,25,car plate,664,563,814,588
3#06FF2097#05062020#234710.jpg,178,29,car plate,773,523,951,552
3#06FF2117#03062020#125918.jpg,200,34,car plate,279,592,479,626
3#06FF3180#05062020#233922.jpg,200,33,car plate,810,583,1010,616
3#06FF3377#05062020#103904.jpg,215,36,car plate,776,622,991,658
3#06FF4898#06062020#032934.jpg,186,32,car plate,704,532,890,564
3#06FF5556#06062020#030855.jpg,186,32,car plate,660,496,846,528
3#06FFK01#07062020#230237.jpg,157,26,car plate,427,581,584,607
3#06FG5128#05062020#105354.jpg,200,28,car plate,684,617,884,645
3#06FG7362#05062020#104634.jpg,153,26,car plate,710,438,863,464
3#06FG7981#05062020#200409.jpg,146,28,car plate,379,614,525,642
3#06FG7981#06062020#000049.jpg,200,32,car plate,650,599,850,631
3#06FG7981#06062020#011054.jpg,168,28,car plate,438,562,606,590
3#06FH1130#06062020#000758.jpg,193,32,car plate,732,538,925,570
3#06FH5661#05062020#105909.jpg,189,34,car plate,728,508,917,542
3#06FJ3271#06062020#024911.jpg,191,32,car plate,701,541,892,573
3#06FJ4035#05062020#234603.jpg,192,32,car plate,742,517,934,549
3#06FK2416#06062020#143335.jpg,182,28,car plate,737,489,919,517
3#06FK5307#06062020#001855.jpg,211,33,car plate,731,611,942,644
3#06FK7150#05062020#110806.jpg,169,27,car plate,817,460,986,487
3#06FK9651#06062020#030909.jpg,185,28,car plate,720,528,905,556
3#06FK9896#06062020#030612.jpg,205,32,car plate,783,604,988,636
3#06FL2211#06062020#034514.jpg,200,33,car plate,681,569,881,602
3#06FL3303#07062020#141029.jpg,109,26,car plate,680,623,789,649
3#06FL6000#05062020#235600.jpg,193,33,car plate,706,609,899,642
3#06FM1335#06062020#025009.jpg,201,32,car plate,832,594,1033,626
3#06FM2572#05062020#100554.jpg,183,28,car plate,635,557,818,585
3#06FM4211#05062020#233930.jpg,206,32,car plate,702,589,908,621
3#06FM4654#06062020#031127.jpg,185,33,car plate,753,511,938,544
3#06FM8056#06062020#001109.jpg,205,33,car plate,706,592,911,625
3#06FMM18#06062020#000807.jpg,185,29,car plate,667,537,852,566
3#06FMM18#06062020#021120.jpg,131,24,car plate,409,614,540,638
3#06FMM18#06062020#111055.jpg,172,28,car plate,277,583,449,611
3#06FN1448#06062020#002510.jpg,182,28,car plate,739,518,921,546
3#06FN566#06062020#142310.jpg,200,34,car plate,635,544,835,578
3#06FN5661#05062020#235020.jpg,206,33,car plate,697,589,903,622
3#06FN6063#06062020#030613.jpg,208,34,car plate,656,586,864,620
3#06FN7191#06062020#025740.jpg,209,34,car plate,720,610,929,644
3#06FN9870#06062020#034342.jpg,206,34,car plate,749,604,955,638
3#06FNC83#06062020#110450.jpg,175,28,car plate,409,582,584,610
3#06FNR41#06062020#142600.jpg,205,34,car plate,763,610,968,644
3#06FP9996#06062020#154523.jpg,173,25,car plate,350,543,523,568
3#06FR2118#06062020#025349.jpg,193,34,car plate,609,511,802,545
3#06FR2529#06062020#031424.jpg,196,32,car plate,744,539,940,571
3#06FR4036#05062020#110725.jpg,192,32,car plate,805,550,997,582
3#06FR5393#06062020#024750.jpg,193,28,car plate,742,595,935,623
3#06FR9823#06062020#025650.jpg,199,29,car plate,768,565,967,594
3#06FRT47#06062020#030719.jpg,201,29,car plate,791,578,992,607
3#06FS1102#06062020#003038.jpg,186,28,car plate,814,591,1000,619
3#06FS3429#06062020#142328.jpg,198,32,car plate,719,579,917,611
3#06FS5179#06062020#142136.jpg,213,36,car plate,757,620,970,656
3#06FS5867#07062020#174149.jpg,160,27,car plate,457,630,617,657
3#06FS5867#07062020#214628.jpg,153,25,car plate,463,580,616,605
3#06FS8107#06062020#000446.jpg,181,32,car plate,819,524,1000,556
3#06FSZ14#05062020#233637.jpg,192,29,car plate,671,532,863,561
3#06FT3978#06062020#025434.jpg,185,33,car plate,840,548,1025,581
3#06FT4930#05062020#102113.jpg,193,32,car plate,838,564,1031,596
3#06FT5570#05062020#235237.jpg,194,29,car plate,635,538,829,567
3#06FT8750#07062020#122809.jpg,110,26,car plate,646,619,756,645
3#06FU3481#07062020#170425.jpg,157,27,car plate,572,616,729,643
3#06FU3481#07062020#210904.jpg,157,26,car plate,572,616,729,642
3#06FU4658#06062020#143436.jpg,221,35,car plate,703,616,924,651
3#06FU6049#08062020#193402.jpg,152,27,car plate,745,594,897,621
3#06FU6455#05062020#102722.jpg,160,26,car plate,777,452,937,478
3#06FU7839#05062020#235222.jpg,206,34,car plate,676,580,882,614
3#06FUT87#03062020#170401.jpg,135,29,car plate,592,585,727,614
3#06FV2459#03062020#164749.jpg,130,28,car plate,216,461,346,489
3#06FV4159#05062020#110107.jpg,200,28,car plate,667,635,867,663
3#06FV6625#05062020#110610.jpg,193,29,car plate,805,564,998,593
3#06FY0588#06062020#143024.jpg,180,26,car plate,692,545,872,571
3#06FY0658#08062020#171759.jpg,158,25,car plate,445,600,603,625
3#06FY0658#08062020#191000.jpg,157,26,car plate,445,599,602,625
3#06FY4771#06062020#031159.jpg,210,33,car plate,647,610,857,643
3#06FY5309#05062020#100235.jpg,197,32,car plate,777,571,974,603
3#06FY5435#06062020#032756.jpg,205,35,car plate,698,574,903,609
3#06FY9224#06062020#032744.jpg,205,33,car plate,708,598,913,631
3#06FZ6952#05062020#234127.jpg,202,34,car plate,845,623,1047,657
3#06FZ9621#05062020#203314.jpg,152,27,car plate,379,599,531,626
3#06FZ9621#06062020#002323.jpg,212,34,car plate,775,583,987,617
3#06GA0126#06062020#143230.jpg,211,34,car plate,673,620,884,654
3#06GA0281#06062020#030842.jpg,182,27,car plate,769,524,951,551
3#06GA3551#06062020#030223.jpg,185,32,car plate,812,528,997,560
3#06GA438#06062020#000524.jpg,206,29,car plate,707,610,913,639
3#06GA7960#05062020#110748.jpg,209,33,car plate,828,600,1037,633
3#06GB3116#05062020#101819.jpg,180,28,car plate,744,505,924,533
3#06GB9193#05062020#234227.jpg,195,32,car plate,804,544,999,576
3#06GC024#07062020#142908.jpg,143,29,car plate,575,633,718,662
3#06GC4236#06062020#030003.jpg,182,28,car plate,716,525,898,553
3#06GC4521#06062020#032034.jpg,199,32,car plate,867,601,1066,633
3#06GC9447#05062020#202117.jpg,149,26,car plate,487,596,636,622
3#06GC9447#06062020#012839.jpg,178,27,car plate,371,587,549,614
3#06GD2712#06062020#002240.jpg,178,29,car plate,747,471,925,500
3#06GD2963#05062020#235720.jpg,184,28,car plate,840,523,1024,551
3#06GD5672#06062020#031849.jpg,197,33,car plate,648,578,845,611
3#06GD7617#06062020#033036.jpg,197,32,car plate,512,565,709,597
3#06GD7771#05062020#102429.jpg,179,29,car plate,732,504,911,533
3#06GD7771#05062020#140840.jpg,165,26,car plate,290,543,455,569
3#06GD8597#06062020#001652.jpg,214,34,car plate,713,615,927,649
3#06GD9742#06062020#001738.jpg,184,29,car plate,646,540,830,569
3#06GE1310#05062020#102454.jpg,178,27,car plate,740,482,918,509
3#06GE7124#06062020#025627.jpg,199,33,car plate,829,580,1028,613
3#06GE7170#05062020#110412.jpg,169,27,car plate,719,473,888,500
3#06GE7782#06062020#025421.jpg,198,28,car plate,766,590,964,618
3#06GK493#05062020#203347.jpg,144,27,car plate,271,584,415,611
3#06GKB85#05062020#234558.jpg,209,34,car plate,760,620,969,654
3#06GM396#06062020#002327.jpg,202,29,car plate,717,585,919,614
3#06GN375#05062020#134915.jpg,159,25,car plate,274,511,433,536
3#06GNC20#06062020#000623.jpg,201,28,car plate,726,593,927,621
3#06GP583#05062020#110221.jpg,211,34,car plate,707,611,918,645
3#06GSJ76#06062020#030645.jpg,184,27,car plate,696,578,880,605
3#06GSJ76#06062020#141205.jpg,181,26,car plate,693,564,874,590
3#06GST15#05062020#102742.jpg,195,33,car plate,786,547,981,580
3#06GU779#06062020#030923.jpg,197,34,car plate,810,599,1007,633
3#06GY214#06062020#002258.jpg,206,32,car plate,698,596,904,628
3#06H0690#06062020#142032.jpg,195,29,car plate,700,558,895,587
3#06H2839#05062020#195519.jpg,163,29,car plate,445,631,608,660
3#06H2839#06062020#010419.jpg,192,32,car plate,412,607,604,639
3#06HA495#06062020#141730.jpg,183,34,car plate,759,525,942,559
3#06HA9313#06062020#143548.jpg,205,33,car plate,691,583,896,616
3#06HB2591#06062020#033614.jpg,191,32,car plate,637,533,828,565
3#06HB4251#06062020#032410.jpg,205,33,car plate,774,620,979,653
3#06HC243#03062020#164716.jpg,137,32,car plate,224,491,361,523
3#06HC3777#06062020#032724.jpg,225,35,car plate,634,608,859,643
3#06HC488#06062020#002415.jpg,205,32,car plate,664,608,869,640
3#06HC8039#08062020#115659.jpg,153,26,car plate,480,603,633,629
3#06HCB71#05062020#100752.jpg,209,33,car plate,552,583,761,616
3#06HCB71#05062020#111205.jpg,158,25,car plate,499,622,657,647
3#06HD5423#06062020#003244.jpg,209,35,car plate,827,630,1036,665
3#06HD6031#06062020#034016.jpg,205,34,car plate,612,603,817,637
3#06HD8123#05062020#233758.jpg,200,29,car plate,781,571,981,600
3#06HE161#03062020#165954.jpg,134,35,car plate,947,595,1081,630
3#06HH482#06062020#140410.jpg,189,28,car plate,758,563,947,591
3#06HH782#05062020#100955.jpg,198,28,car plate,813,554,1011,582
3#06HM876#06062020#135700.jpg,210,36,car plate,712,485,922,521
3#06HP330#07062020#191951.jpg,158,27,car plate,478,576,636,603
3#06HRK95#05062020#102603.jpg,185,33,car plate,596,507,781,540
3#06HRK95#06062020#141631.jpg,194,33,car plate,793,554,987,587
3#06HS855#06062020#032302.jpg,194,32,car plate,783,587,977,619
3#06HSM07#06062020#032131.jpg,212,36,car plate,704,609,916,645
3#06IFR57#03062020#180209.jpg,195,32,car plate,455,624,650,656
3#06JK316#05062020#105509.jpg,174,28,car plate,694,479,868,507
3#06JN283#06062020#030837.jpg,210,35,car plate,615,599,825,634
3#06JN283#06062020#142345.jpg,215,33,car plate,477,618,692,651
3#06JS747#05062020#110730.jpg,198,34,car plate,728,614,926,648
3#06K3422#06062020#034502.jpg,205,29,car plate,603,599,808,628
3#06K5967#06062020#034052.jpg,206,34,car plate,862,601,1068,635
3#06KA2579#06062020#030902.jpg,198,29,car plate,630,558,828,587
3#06KA4396#06062020#003140.jpg,213,34,car plate,739,627,952,661
3#06KA4930#06062020#031801.jpg,186,27,car plate,672,585,858,612
3#06KA9583#06062020#025909.jpg,190,32,car plate,934,547,1124,579
3#06KAR34#05062020#202655.jpg,165,28,car plate,492,623,657,651
3#06KB0006#05062020#203616.jpg,78,25,car plate,459,597,537,622
3#06KB3024#06062020#030635.jpg,181,27,car plate,658,487,839,514
3#06KB3036#05062020#235727.jpg,175,28,car plate,769,495,944,523
3#06KB3490#06062020#001244.jpg,228,34,car plate,649,621,877,655
3#06KD214#05062020#105638.jpg,186,29,car plate,795,548,981,577
3#06KE228#06062020#025611.jpg,193,32,car plate,809,581,1002,613
3#06KG538#06062020#024619.jpg,196,29,car plate,805,576,1001,605
3#06KIN65#06062020#142541.jpg,189,32,car plate,689,526,878,558
3#06KME54#05062020#235147.jpg,197,32,car plate,780,555,977,587
3#06KMR46#06062020#025714.jpg,209,35,car plate,717,590,926,625
3#06KN558#05062020#110233.jpg,178,27,car plate,637,480,815,507
3#06KNR75#05062020#132301.jpg,148,25,car plate,492,600,640,625
3#06KOS83#05062020#101912.jpg,199,33,car plate,1042,599,1241,632
3#06KPY11#06062020#002301.jpg,190,28,car plate,750,530,940,558
3#06KRB12#06062020#140305.jpg,198,33,car plate,807,575,1005,608
3#06KS459#05062020#110528.jpg,185,29,car plate,748,502,933,531
3#06KSL55#06062020#033819.jpg,199,28,car plate,675,592,874,620
3#06KT777#06062020#142837.jpg,209,34,car plate,805,580,1014,614
3#06KTA81#06062020#030814.jpg,192,32,car plate,756,514,948,546
3#06KUH68#06062020#000405.jpg,185,33,car plate,722,518,907,551
3#06KUT30#06062020#000219.jpg,207,34,car plate,740,626,947,660
3#06KY659#06062020#141736.jpg,193,32,car plate,789,541,982,573
3#06KZJ71#06062020#030216.jpg,200,32,car plate,753,572,953,604
3#06LA0506#06062020#032856.jpg,212,33,car plate,595,599,807,632
3#06LEG08#06062020#142027.jpg,206,33,car plate,734,612,940,645
3#06LFL72#07062020#133432.jpg,135,25,car plate,494,601,629,626
3#06LG109#07062020#125941.jpg,144,26,car plate,593,628,737,654
3#06LG109#07062020#140248.jpg,69,23,car plate,626,587,695,610
3#06LG109#07062020#172740.jpg,156,24,car plate,292,579,448,603
3#06LG109#07062020#182702.jpg,158,26,car plate,531,611,689,637
3#06LG109#07062020#213218.jpg,158,24,car plate,286,616,444,640
3#06LHC32#06062020#003228.jpg,185,32,car plate,660,555,845,587
3#06LHY12#06062020#024827.jpg,196,33,car plate,759,565,955,598
3#06LHY12#06062020#025015.jpg,182,29,car plate,723,502,905,531
3#06LK421#06062020#141916.jpg,205,32,car plate,718,525,923,557
3#06LLJ87#05062020#110907.jpg,210,32,car plate,609,609,819,641
3#06LPR92#05062020#110046.jpg,190,29,car plate,802,599,992,628
3#06LYL28#06062020#034528.jpg,218,34,car plate,743,559,961,593
3#06LYS25#05062020#233643.jpg,178,28,car plate,869,502,1047,530
3#06M3300#05062020#233606.jpg,185,27,car plate,673,527,858,554
3#06M3885#05062020#104614.jpg,164,27,car plate,773,445,937,472
3#06M5029#03062020#170136.jpg,140,33,car plate,641,616,781,649
3#06M6814#06062020#111339.jpg,183,27,car plate,371,606,554,633
3#06MAC13#05062020#233321.jpg,191,32,car plate,718,535,909,567
3#06MAH23#06062020#033110.jpg,195,32,car plate,769,592,964,624
3#06MB0523#06062020#034850.jpg,205,29,car plate,672,607,877,636
3#06MB1287#05062020#233042.jpg,198,29,car plate,692,583,890,612
3#06MB1835#06062020#025659.jpg,197,34,car plate,822,567,1019,601
3#06MB2292#06062020#011406.jpg,185,32,car plate,455,605,640,637
3#06MB2696#06062020#000925.jpg,199,28,car plate,749,608,948,636
3#06MB4689#06062020#000901.jpg,206,32,car plate,665,567,871,599
3#06MBE73#05062020#104827.jpg,174,28,car plate,776,502,950,530
3#06MBE73#06062020#033335.jpg,194,32,car plate,725,565,919,597
3#06MCB59#06062020#001619.jpg,193,33,car plate,744,527,937,560
3#06MCK97#06062020#034400.jpg,218,34,car plate,655,535,873,569
3#06MCN28#07062020#202406.jpg,150,26,car plate,551,551,701,577
3#06MDZ96#05062020#234922.jpg,176,29,car plate,752,481,928,510
3#06MEK75#05062020#110316.jpg,161,27,car plate,749,413,910,440
3#06MEU34#06062020#034433.jpg,215,35,car plate,660,612,875,647
3#06MG491#06062020#143641.jpg,194,28,car plate,704,590,898,618
3#06MHU44#03062020#014525.jpg,166,27,car plate,610,636,776,663
3#06MHU44#03062020#094145.jpg,161,27,car plate,614,621,775,648
3#06MJ242#05062020#101432.jpg,177,29,car plate,777,451,954,480
3#06MJ545#05062020#110321.jpg,218,35,car plate,726,617,944,652
3#06MJ665#06062020#142546.jpg,197,29,car plate,784,558,981,587
3#06MK802#06062020#025235.jpg,191,32,car plate,660,535,851,567
3#06ML572#05062020#235336.jpg,200,33,car plate,832,576,1032,609
3#06MLA77#06062020#143633.jpg,222,37,car plate,798,564,1020,601
3#06MLD10#06062020#031524.jpg,185,29,car plate,760,566,945,595
3#06MM448#05062020#110054.jpg,199,32,car plate,727,552,926,584
3#06MMC90#06062020#031245.jpg,178,29,car plate,750,517,928,546
3#06MNK03#06062020#031813.jpg,209,33,car plate,697,604,906,637
3#06MNM05#06062020#025719.jpg,207,32,car plate,530,613,737,645
3#06MOA58#06062020#025407.jpg,190,29,car plate,793,552,983,581
3#06MRZ16#06062020#122052.jpg,79,20,car plate,508,532,587,552
3#06MRZ16#06062020#141950.jpg,196,33,car plate,687,559,883,592
3#06MYB40#06062020#000850.jpg,174,28,car plate,811,499,985,527
3#06N6533#05062020#114641.jpg,146,26,car plate,518,556,664,582
3#06N6533#05062020#234929.jpg,194,33,car plate,738,498,932,531
3#06N7722#05062020#235606.jpg,193,28,car plate,739,519,932,547
3#06NA726#05062020#105645.jpg,185,29,car plate,774,535,959,564
3#06NAT38#07062020#124552.jpg,95,24,car plate,548,598,643,622
3#06NE219#06062020#031436.jpg,199,29,car plate,726,586,925,615
3#06NS292#05062020#235113.jpg,209,34,car plate,729,621,938,655
3#06NY901#06062020#032601.jpg,199,34,car plate,933,571,1132,605
3#06P0717#05062020#100141.jpg,182,29,car plate,834,534,1016,563
3#06P7393#05062020#103054.jpg,197,33,car plate,876,566,1073,599
3#06PB878#06062020#030013.jpg,212,35,car plate,837,624,1049,659
3#06PD697#05062020#234135.jpg,179,27,car plate,795,492,974,519
3#06PER77#08062020#123657.jpg,156,25,car plate,345,630,501,655
3#06PKB98#07062020#133127.jpg,91,25,car plate,652,612,743,637
3#06PKL38#07062020#203823.jpg,140,26,car plate,530,558,670,584
3#06PSE58#07062020#132752.jpg,144,33,car plate,461,625,605,658
3#06PSL56#03062020#004621.jpg,140,24,car plate,818,480,958,504
3#06PVD13#06062020#143008.jpg,179,28,car plate,822,486,1001,514
3#06RA948#06062020#032946.jpg,201,34,car plate,747,587,948,621
3#06RAZ43#05062020#234253.jpg,198,33,car plate,781,582,979,615
3#06RE190#03062020#170312.jpg,132,29,car plate,651,565,783,594
3#06REM34#05062020#104506.jpg,201,34,car plate,858,624,1059,658
3#06REY03#05062020#233837.jpg,186,28,car plate,725,618,911,646
3#06RH083#05062020#135207.jpg,148,25,car plate,360,452,508,477
3#06RJ565#05062020#104409.jpg,153,26,car plate,618,433,771,459
3#06RS426#06062020#104936.jpg,163,26,car plate,458,486,621,512
3#06RSN94#06062020#031210.jpg,193,32,car plate,678,546,871,578
3#06RVL42#03062020#111101.jpg,161,25,car plate,471,595,632,620
3#06RYR10#07062020#143245.jpg,125,27,car plate,682,605,807,632
3#06RYR92#06062020#000939.jpg,218,35,car plate,696,614,914,649
3#06RZF39#06062020#140127.jpg,199,32,car plate,685,542,884,574
3#06S0220#05062020#235755.jpg,198,32,car plate,584,571,782,603
3#06S0220#05062020#235818.jpg,193,29,car plate,588,548,781,577
3#06S2207#05062020#105421.jpg,184,29,car plate,825,517,1009,546
3#06S2528#06062020#111006.jpg,158,24,car plate,249,535,407,559
3#06S5297#06062020#033143.jpg,211,32,car plate,762,598,973,630
3#06S6376#05062020#104352.jpg,186,28,car plate,660,516,846,544
3#06SA708#05062020#200904.jpg,151,25,car plate,476,621,627,646
3#06SA708#05062020#204531.jpg,151,26,car plate,476,621,627,647
3#06SA708#06062020#011604.jpg,172,27,car plate,281,567,453,594
3#06SA797#06062020#001843.jpg,206,34,car plate,738,622,944,656
3#06SE023#06062020#024603.jpg,199,29,car plate,724,588,923,617
3#06SE641#06062020#142815.jpg,165,27,car plate,721,453,886,480
3#06SEH35#03062020#165111.jpg,126,28,car plate,749,511,875,539
3#06SEZ06#06062020#032812.jpg,210,34,car plate,661,589,871,623
3#06SF877#06062020#105354.jpg,167,28,car plate,430,528,597,556
3#06SF877#06062020#105926.jpg,174,33,car plate,727,574,901,607
3#06SHN99#06062020#000434.jpg,211,36,car plate,644,626,855,662
3#06SL100#05062020#135334.jpg,148,25,car plate,439,458,587,483
3#06SN620#05062020#112615.jpg,159,26,car plate,478,653,637,679
3#06SN620#05062020#132659.jpg,146,25,car plate,402,581,548,606
3#06SNL78#06062020#031508.jpg,109,24,car plate,803,438,912,462
3#06SSS21#06062020#001246.jpg,194,32,car plate,734,499,928,531
3#06SU725#06062020#033011.jpg,196,33,car plate,798,565,994,598
3#06SY258#06062020#033131.jpg,193,29,car plate,745,561,938,590
3#06SY808#06062020#030449.jpg,207,34,car plate,801,614,1008,648
3#06T0834#06062020#123023.jpg,157,25,car plate,555,644,712,669
3#06T2252#05062020#140329.jpg,148,24,car plate,298,438,446,462
3#06T3117#05062020#140940.jpg,165,25,car plate,314,519,479,544
3#06T6636#05062020#235441.jpg,189,28,car plate,785,591,974,619
3#06TAT17#06062020#025746.jpg,185,33,car plate,772,607,957,640
3#06TDA43#03062020#170216.jpg,134,32,car plate,699,575,833,607
3#06TH008#06062020#002828.jpg,196,28,car plate,666,569,862,597
3#06TMB64#06062020#000212.jpg,198,33,car plate,735,556,933,589
3#06TMB77#06062020#025254.jpg,210,33,car plate,722,608,932,641
3#06TNG53#06062020#002028.jpg,197,34,car plate,786,598,983,632
3#06TOJ27#08062020#115608.jpg,157,27,car plate,327,634,484,661
3#06TOU72#06062020#025029.jpg,201,33,car plate,746,593,947,626
3#06TS083#06062020#021129.jpg,102,23,car plate,343,612,445,635
3#06TS083#06062020#023557.jpg,150,25,car plate,465,625,615,650
3#06TS083#06062020#111858.jpg,156,26,car plate,322,489,478,515
3#06TS083#06062020#112247.jpg,160,26,car plate,271,520,431,546
3#06TT371#06062020#031352.jpg,189,28,car plate,708,542,897,570
3#06TTT18#06062020#002205.jpg,190,29,car plate,652,542,842,571
3#06TTT80#06062020#025126.jpg,202,33,car plate,853,515,1055,548
3#06TU003#06062020#142536.jpg,183,28,car plate,713,535,896,563
3#06U3758#06062020#000240.jpg,201,32,car plate,788,562,989,594
3#06U8755#06062020#031215.jpg,191,33,car plate,687,521,878,554
3#06UA032#06062020#141434.jpg,206,27,car plate,784,555,990,582
3#06UCA86#05062020#234702.jpg,213,32,car plate,751,624,964,656
3#06UGR34#05062020#103952.jpg,192,28,car plate,761,626,953,654
3#06UGR98#06062020#034403.jpg,211,33,car plate,640,537,851,570
3#06UK203#05062020#102901.jpg,196,29,car plate,822,564,1018,593
3#06UK203#06062020#030431.jpg,180,33,car plate,823,485,1003,518
3#06ULU48#06062020#025002.jpg,193,32,car plate,721,545,914,577
3#06UM728#05062020#101236.jpg,181,29,car plate,798,520,979,549
3#06UY227#06062020#032542.jpg,211,35,car plate,716,609,927,644
3#06UZ207#06062020#141848.jpg,184,28,car plate,721,568,905,596
3#06VAH64#03062020#165444.jpg,135,29,car plate,499,605,634,634
3#06VJZ43#03062020#170027.jpg,131,28,car plate,471,627,602,655
3#06Y6699#08062020#193455.jpg,158,26,car plate,202,653,360,679
3#06Y8232#03062020#165804.jpg,126,26,car plate,566,451,692,477
3#06Y8994#05062020#105609.jpg,200,32,car plate,712,583,912,615
3#06YA0793#05062020#233358.jpg,211,33,car plate,754,628,965,661
3#06YA5251#06062020#142453.jpg,206,35,car plate,800,598,1006,633
3#06YA5854#06062020#030114.jpg,178,28,car plate,789,491,967,519
3#06YA7766#06062020#141827.jpg,212,33,car plate,809,607,1021,640
3#06YAZ55#05062020#234736.jpg,196,28,car plate,817,616,1013,644
3#06YD263#06062020#025617.jpg,223,35,car plate,767,570,990,605
3#06YDS02#06062020#152853.jpg,180,27,car plate,316,567,496,594
3#06YG116#05062020#111958.jpg,158,27,car plate,397,645,555,672
3#06YGC52#05062020#235837.jpg,195,29,car plate,760,603,955,632
3#06YGZ36#06062020#025416.jpg,173,28,car plate,665,486,838,514
3#06YH604#06062020#030747.jpg,202,33,car plate,648,579,850,612
3#06YIU53#05062020#101032.jpg,192,28,car plate,683,524,875,552
3#06YMB24#05062020#235637.jpg,199,29,car plate,770,576,969,605
3#06YMR53#03062020#165535.jpg,141,34,car plate,527,651,668,685
3#06YNC86#05062020#234412.jpg,205,35,car plate,818,599,1023,634
3#06YNJ54#06062020#002435.jpg,198,32,car plate,614,544,812,576
3#06YOE65#06062020#000843.jpg,202,34,car plate,674,596,876,630
3#06YSV95#05062020#105454.jpg,205,35,car plate,775,608,980,643
3#06YY225#05062020#233306.jpg,175,28,car plate,770,482,945,510
3#06YZ398#05062020#102936.jpg,206,29,car plate,746,588,952,617
3#06Z2919#06062020#000909.jpg,211,33,car plate,661,579,872,612
3#06ZA187#06062020#003216.jpg,212,36,car plate,729,593,941,629
3#06ZCH48#06062020#002822.jpg,210,34,car plate,662,577,872,611
3#06ZCP22#08062020#195215.jpg,150,26,car plate,679,547,829,573
3#06ZDA34#06062020#031133.jpg,197,28,car plate,720,602,917,630
3#06ZG718#06062020#031721.jpg,193,29,car plate,744,553,937,582
3#06ZGT64#06062020#031910.jpg,198,33,car plate,688,545,886,578
3#06ZIY99#03062020#004707.jpg,109,24,car plate,726,495,835,519
3#06ZKH63#06062020#024611.jpg,207,28,car plate,728,601,935,629
3#06ZLH82#05062020#234518.jpg,199,29,car plate,720,589,919,618
3#06ZLH82#06062020#030330.jpg,200,29,car plate,763,586,963,615
3#06ZM396#06062020#025105.jpg,180,32,car plate,814,496,994,528
3#06ZPK53#05062020#105139.jpg,199,33,car plate,683,603,882,636
3#06ZSA92#05062020#105657.jpg,169,28,car plate,759,466,928,494
3#06ZSF95#05062020#110126.jpg,194,32,car plate,742,546,936,578
3#06ZTP80#03062020#171252.jpg,205,33,car plate,710,620,915,653
3#06ZZ069#05062020#110504.jpg,169,27,car plate,715,502,884,529
3#06ZZ075#06062020#024929.jpg,217,34,car plate,579,576,796,610
3#07AAN025#05062020#140758.jpg,149,25,car plate,340,441,489,466
3#07AAN025#05062020#140837.jpg,151,26,car plate,467,446,618,472
3#07AAU068#08062020#112130.jpg,91,23,car plate,499,587,590,610
3#07AAU357#06062020#142632.jpg,168,29,car plate,795,472,963,501
3#07AAZ029#05062020#105652.jpg,161,25,car plate,778,446,939,471
3#07ABE651#07062020#181642.jpg,152,28,car plate,778,599,930,627
3#07ABE651#08062020#123914.jpg,157,27,car plate,691,641,848,668
3#07ABU488#07062020#193200.jpg,146,24,car plate,717,536,863,560
3#07ACR760#06062020#030652.jpg,193,29,car plate,758,580,951,609
3#07ADF999#07062020#174816.jpg,150,26,car plate,530,563,680,589
3#07ADF999#07062020#215254.jpg,153,25,car plate,527,610,680,635
3#07ADU655#06062020#000731.jpg,206,34,car plate,834,610,1040,644
3#07AFA304#08062020#141451.jpg,146,25,car plate,975,565,1121,590
3#07AFP203#05062020#234240.jpg,194,33,car plate,763,618,957,651
3#07AFZ00#08062020#113303.jpg,135,27,car plate,472,634,607,661
3#07AGH521#07062020#144156.jpg,133,26,car plate,525,564,658,590
3#07AGH521#07062020#192020.jpg,144,25,car plate,436,494,580,519
3#07AHN061#06062020#140313.jpg,174,29,car plate,768,494,942,523
3#07AHS897#06062020#142658.jpg,178,28,car plate,624,467,802,495
3#07AHT907#08062020#171241.jpg,153,26,car plate,621,584,774,610
3#07AHT907#08062020#190657.jpg,149,26,car plate,622,538,771,564
3#07AHY519#08062020#195403.jpg,160,27,car plate,483,640,643,667
3#07AJV336#08062020#193443.jpg,156,27,car plate,760,654,916,681
3#07AKB375#07062020#172427.jpg,159,27,car plate,933,576,1092,603
3#07AKB375#07062020#212905.jpg,165,28,car plate,936,627,1101,655
3#07BBY29#08062020#114855.jpg,146,27,car plate,816,526,962,553
3#07COE86#05062020#233312.jpg,176,29,car plate,845,484,1021,513
3#07E2537#03062020#113022.jpg,164,26,car plate,736,615,900,641
3#07EJU09#03062020#175103.jpg,195,29,car plate,643,623,838,652
3#07EN927#07062020#183447.jpg,153,26,car plate,656,616,809,642
3#07ESG57#07062020#175306.jpg,152,26,car plate,506,612,658,638
3#07ESG57#07062020#215745.jpg,152,26,car plate,506,612,658,638
3#07ESK99#08062020#192033.jpg,151,26,car plate,570,599,721,625
3#07EZZ81#07062020#132151.jpg,125,25,car plate,596,626,721,651
3#07F0623#07062020#170546.jpg,158,27,car plate,765,626,923,653
3#07F0623#07062020#211024.jpg,149,26,car plate,761,540,910,566
3#07FA276#08062020#134300.jpg,133,23,car plate,549,615,682,638
3#07FET35#07062020#153212.jpg,136,26,car plate,583,612,719,638
3#07FYD20#03062020#111905.jpg,165,29,car plate,774,629,939,658
3#07GKU81#03062020#142601.jpg,202,33,car plate,538,647,740,680
3#07GLG70#03062020#211434.jpg,190,29,car plate,376,620,566,649
3#07GME44#07062020#153553.jpg,130,27,car plate,571,546,701,573
3#07GOA59#03062020#124734.jpg,191,36,car plate,540,536,731,572
3#07GS822#03062020#100346.jpg,164,29,car plate,397,632,561,661
3#07HVR08#07062020#140316.jpg,142,26,car plate,451,626,593,652
3#07LKM99#06062020#001800.jpg,183,29,car plate,772,511,955,540
3#07LMJ62#06062020#030107.jpg,167,25,car plate,759,467,926,492
3#07LRS56#08062020#145722.jpg,159,27,car plate,462,612,621,639
3#07LTY50#08062020#194926.jpg,161,24,car plate,655,651,816,675
3#07MAH68#06062020#030157.jpg,201,34,car plate,756,599,957,633
3#07MAN81#07062020#013012.jpg,129,26,car plate,705,575,834,601
3#07MIR20#07062020#202226.jpg,152,26,car plate,677,592,829,618
3#07MKS18#07062020#150915.jpg,135,27,car plate,722,603,857,630
3#07MLY74#08062020#202422.jpg,133,24,car plate,733,654,866,678
3#07N9590#07062020#012843.jpg,136,26,car plate,883,589,1019,615
3#07N9590#08062020#120943.jpg,148,26,car plate,791,524,939,550
3#07NA4153#03062020#123750.jpg,193,32,car plate,569,585,762,617
3#07NVZ82#03062020#111256.jpg,163,26,car plate,708,608,871,634
3#07PY555#08062020#191358.jpg,157,25,car plate,641,608,798,633
3#07SY699#08062020#195412.jpg,151,25,car plate,625,590,776,615
3#07T0557#07062020#132053.jpg,132,24,car plate,1096,570,1228,594
3#07YOL41#05062020#101626.jpg,190,35,car plate,959,573,1149,608
3#07ZY0561#07062020#144642.jpg,133,27,car plate,611,618,744,645
3#08BU8658#08062020#191733.jpg,156,28,car plate,501,648,657,676
3#08HB0348#03062020#004700.jpg,144,24,car plate,976,617,1120,641
3#08K8369#03062020#170012.jpg,141,36,car plate,618,554,759,590
3#08RCP93#07062020#123144.jpg,140,25,car plate,650,608,790,633
3#08T0002#05062020#105934.jpg,197,32,car plate,635,547,832,579
3#09AAK98#08062020#193129.jpg,152,26,car plate,637,566,789,592
3#09BZ386#08062020#191638.jpg,152,25,car plate,755,581,907,606
3#09ER582#03062020#130246.jpg,198,37,car plate,822,568,1020,605
3#09HE143#03062020#005057.jpg,137,23,car plate,803,498,940,521
3#09JY525#06062020#031457.jpg,206,28,car plate,807,607,1013,635
3#09K1330#08062020#123354.jpg,149,25,car plate,381,583,530,608
3#09KT711#07062020#143632.jpg,84,25,car plate,682,565,766,590
3#09KT711#07062020#175750.jpg,148,25,car plate,528,553,676,578
3#09KT711#07062020#220228.jpg,148,25,car plate,528,553,676,578
3#09KT711#08062020#123522.jpg,148,25,car plate,627,553,775,578
3#09R0551#06062020#000956.jpg,184,27,car plate,733,551,917,578
3#10AHP54#07062020#135354.jpg,134,27,car plate,660,585,794,612
3#10AY246#07062020#205215.jpg,142,25,car plate,622,570,764,595
3#10DR894#06062020#024941.jpg,193,32,car plate,795,572,988,604
3#10E7054#08062020#192240.jpg,146,26,car plate,562,585,708,611
3#10EV403#06062020#143310.jpg,189,35,car plate,792,612,981,647
3#10FA120#03062020#175311.jpg,183,38,car plate,949,631,1132,669
3#10LU936#07062020#124400.jpg,133,28,car plate,678,600,811,628
3#10PG184#03062020#211406.jpg,168,28,car plate,452,595,620,623
3#10U8378#08062020#193644.jpg,147,24,car plate,485,610,632,634
3#11AAK531#08062020#123934.jpg,145,27,car plate,680,546,825,573
3#11AT491#08062020#125931.jpg,147,28,car plate,371,614,518,642
3#11AV436#07062020#181907.jpg,151,26,car plate,788,582,939,608
3#11BA647#07062020#135608.jpg,136,28,car plate,589,633,725,661
3#11BA668#07062020#181142.jpg,143,26,car plate,560,521,703,547
3#11BA668#07062020#221621.jpg,147,27,car plate,555,580,702,607
3#11CDZ108#07062020#151847.jpg,102,25,car plate,639,629,741,654
3#11DH407#07062020#124728.jpg,131,27,car plate,438,609,569,636
3#11DH815#08062020#125132.jpg,151,25,car plate,670,602,821,627
3#11DR077#07062020#184428.jpg,150,32,car plate,1102,584,1252,616
3#11DS012#03062020#145046.jpg,144,27,car plate,666,580,810,607
3#11DT643#08062020#171605.jpg,149,27,car plate,672,580,821,607
3#11DT643#08062020#190914.jpg,156,28,car plate,670,626,826,654
3#11DV171#08062020#191628.jpg,144,26,car plate,792,663,936,689
3#11DZ113#07062020#142951.jpg,132,29,car plate,486,606,618,635
3#11DZ408#07062020#192336.jpg,145,26,car plate,597,515,742,541
3#11EC680#07062020#142447.jpg,132,27,car plate,750,584,882,611
3#11EC680#07062020#174528.jpg,149,26,car plate,558,573,707,599
3#11EC6800#07062020#215007.jpg,149,26,car plate,558,573,707,599
3#11ED426#03062020#011543.jpg,149,24,car plate,564,608,713,632
3#11EG661#07062020#180805.jpg,147,24,car plate,672,593,819,617
3#11EG661#07062020#221243.jpg,146,24,car plate,672,593,818,617
3#11EK167#08062020#123227.jpg,137,24,car plate,682,492,819,516
3#11TA103#07062020#205102.jpg,152,26,car plate,513,624,665,650
3#11TE153#07062020#172411.jpg,151,27,car plate,577,601,728,628
3#11TE153#07062020#212850.jpg,151,29,car plate,577,600,728,629
3#11TE220#08062020#123138.jpg,148,24,car plate,658,577,806,601
3#11TE281#08062020#193703.jpg,152,26,car plate,453,663,605,689
3#11TH271#08062020#193648.jpg,150,26,car plate,422,638,572,664
3#11TH304#08062020#114221.jpg,158,26,car plate,463,639,621,665
3#11TH880#08062020#195820.jpg,147,24,car plate,622,537,769,561
3#134UME26#03062020#172922.jpg,200,36,car plate,822,620,1022,656
3#13KC699#05062020#102401.jpg,192,32,car plate,679,593,871,625
3#14AAH948#05062020#110214.jpg,144,25,car plate,748,417,892,442
3#14AB442#07062020#153231.jpg,92,28,car plate,498,635,590,663
3#14LB424#08062020#122314.jpg,151,26,car plate,739,607,890,633
3#15AAD399#07062020#181537.jpg,148,28,car plate,612,563,760,591
3#15AAD399#07062020#222015.jpg,148,28,car plate,612,563,760,591
3#15AG835#07062020#193943.jpg,145,24,car plate,584,554,729,578
3#15DH680#07062020#191303.jpg,144,27,car plate,891,535,1035,562
3#15NK447#08062020#114709.jpg,157,27,car plate,387,636,544,663
3#16AAN621#07062020#172451.jpg,151,26,car plate,650,560,801,586
3#16AAN621#07062020#212929.jpg,151,26,car plate,650,560,801,586
3#16AAR630#07062020#143626.jpg,136,28,car plate,528,597,664,625
3#16AAT985#07062020#125636.jpg,126,25,car plate,714,516,840,541
3#16ABB285#08062020#131639.jpg,92,24,car plate,380,571,472,595
3#16ABB285#08062020#200943.jpg,69,24,car plate,363,547,432,571
3#16ADG227#06062020#032141.jpg,195,35,car plate,810,551,1005,586
3#16AEZ358#07062020#195010.jpg,146,26,car plate,525,539,671,565
3#16AGL784#07062020#153204.jpg,140,28,car plate,679,605,819,633
3#16AIP296#07062020#165656.jpg,153,26,car plate,630,580,783,606
3#16AIP296#07062020#210134.jpg,159,27,car plate,628,629,787,656
3#16BB732#07062020#162246.jpg,117,24,car plate,531,571,648,595
3#16BKB70#06062020#142321.jpg,201,33,car plate,694,582,895,615
3#16BMB88#06062020#034109.jpg,215,36,car plate,673,578,888,614
3#16CBA20#08062020#121901.jpg,157,27,car plate,806,615,963,642
3#16CDV07#07062020#184617.jpg,140,25,car plate,653,603,793,628
3#16CES03#07062020#230700.jpg,148,26,car plate,1105,551,1253,577
3#16CYP86#03062020#125253.jpg,207,29,car plate,565,601,772,630
3#16DAB17#07062020#162649.jpg,132,27,car plate,668,571,800,598
3#16DR701#06062020#002813.jpg,175,28,car plate,666,494,841,522
3#16DY770#08062020#195436.jpg,157,27,car plate,730,628,887,655
3#16E6604#08062020#153810.jpg,162,33,car plate,981,655,1143,688
3#16E7788#05062020#235533.jpg,189,33,car plate,885,580,1074,613
3#16EHL80#07062020#142141.jpg,93,27,car plate,695,577,788,604
3#16EHL80#07062020#170902.jpg,156,26,car plate,508,619,664,645
3#16EHL80#07062020#211341.jpg,146,24,car plate,520,537,666,561
3#16FCH99#03062020#111301.jpg,161,27,car plate,734,595,895,622
3#16GT523#03062020#003254.jpg,164,26,car plate,426,605,590,631
3#16HCM57#03062020#175204.jpg,191,32,car plate,740,594,931,626
3#16HG999#06062020#025137.jpg,191,28,car plate,762,561,953,589
3#16HY989#07062020#154514.jpg,135,27,car plate,371,571,506,598
3#16JEZ34#07062020#140417.jpg,143,29,car plate,518,609,661,638
3#16JGA26#07062020#172612.jpg,149,29,car plate,866,584,1015,613
3#16JGA26#07062020#213051.jpg,146,28,car plate,859,533,1005,561
3#16JIJ42#07062020#152424.jpg,142,25,car plate,910,623,1052,648
3#16JMG69#07062020#161515.jpg,86,24,car plate,475,600,561,624
3#16JMG69#07062020#204420.jpg,149,26,car plate,432,553,581,579
3#16JMG69#08062020#125800.jpg,153,26,car plate,405,592,558,618
3#16JSN86#07062020#151330.jpg,111,32,car plate,666,581,777,613
3#16JSV88#08062020#194829.jpg,141,28,car plate,1063,602,1204,630
3#16KEG91#07062020#155315.jpg,131,29,car plate,459,614,590,643
3#16KFP93#07062020#193430.jpg,144,26,car plate,805,558,949,584
3#16L4455#05062020#104254.jpg,151,25,car plate,755,425,906,450
3#16LBS57#07062020#143420.jpg,114,27,car plate,435,611,549,638
3#16MAB87#08062020#194617.jpg,158,27,car plate,445,641,603,668
3#16MCH20#06062020#032709.jpg,197,32,car plate,755,598,952,630
3#16MET66#07062020#154652.jpg,135,28,car plate,620,609,755,637
3#16N7661#08062020#123936.jpg,147,26,car plate,570,606,717,632
3#16NCZ51#07062020#160920.jpg,136,28,car plate,440,605,576,633
3#16SDM84#07062020#142911.jpg,137,26,car plate,849,597,986,623
3#16SHB93#05062020#235652.jpg,180,28,car plate,852,497,1032,525
3#16SJL62#07062020#142624.jpg,141,27,car plate,472,632,613,659
3#16SMD52#08062020#122307.jpg,150,26,car plate,679,521,829,547
3#16STU13#03062020#125009.jpg,190,34,car plate,495,546,685,580
3#16SYS26#03062020#100820.jpg,159,28,car plate,530,630,689,658
3#16TV801#07062020#174344.jpg,145,24,car plate,541,563,686,587
3#16TV801#07062020#214823.jpg,148,24,car plate,538,608,686,632
3#16VJ977#08062020#191250.jpg,145,24,car plate,410,556,555,580
3#16YM549#07062020#130205.jpg,119,26,car plate,376,584,495,610
3#16ZL022#05062020#234038.jpg,186,29,car plate,843,549,1029,578
3#17ABL453#07062020#195002.jpg,146,26,car plate,604,559,750,585
3#17FP624#08062020#194208.jpg,149,25,car plate,834,593,983,618
3#17KC340#07062020#154915.jpg,121,27,car plate,621,622,742,649
3#17KP630#03062020#110818.jpg,147,27,car plate,614,593,761,620
3#17RN491#07062020#160051.jpg,129,27,car plate,550,586,679,613
3#17RT454#06062020#025503.jpg,196,29,car plate,804,583,1000,612
3#18AT009#06062020#030314.jpg,180,32,car plate,765,498,945,530
3#18DY285#07062020#190931.jpg,136,26,car plate,663,556,799,582
3#18SJC62#07062020#202626.jpg,150,26,car plate,510,545,660,571
3#19ABB381#05062020#110847.jpg,175,29,car plate,856,512,1031,541
3#19SL655#05062020#102652.jpg,164,28,car plate,630,454,794,482
3#19SL655#05062020#235625.jpg,177,28,car plate,723,490,900,518
3#19SL655#06062020#141701.jpg,180,28,car plate,692,493,872,521
3#20AAB084#07062020#130756.jpg,134,26,car plate,483,577,617,603
3#20AAN616#06062020#001930.jpg,202,33,car plate,730,602,932,635
3#20ABH875#07062020#203009.jpg,150,27,car plate,951,590,1101,617
3#20ACH483#06062020#031152.jpg,185,28,car plate,815,511,1000,539
3#20ACL474#07062020#162449.jpg,117,26,car plate,588,592,705,618
3#20ADU72#08062020#115341.jpg,126,24,car plate,582,537,708,561
3#20AJV56#03062020#175455.jpg,191,29,car plate,255,621,446,650
3#20AJV56#03062020#213033.jpg,180,32,car plate,421,589,601,621
3#20ALN61#07062020#133106.jpg,115,24,car plate,560,498,675,522
3#20ANB02#07062020#222903.jpg,159,28,car plate,724,574,883,602
3#20AVC41#08062020#150950.jpg,144,25,car plate,261,595,405,620
3#20BD602#07062020#153719.jpg,140,28,car plate,549,615,689,643
3#20BH184#06062020#000841.jpg,186,28,car plate,673,540,859,568
3#20EE184#08062020#125119.jpg,149,25,car plate,659,563,808,588
3#20EM255#07062020#184129.jpg,148,25,car plate,653,538,801,563
3#20FC607#06062020#002634.jpg,194,29,car plate,754,538,948,567
3#20FM973#06062020#033559.jpg,206,29,car plate,790,596,996,625
3#20GN063#07062020#195737.jpg,147,26,car plate,800,592,947,618
3#20L6395#08062020#121641.jpg,136,25,car plate,586,555,722,580
3#20LL700#08062020#193323.jpg,152,26,car plate,443,596,595,622
3#20LL881#07062020#204224.jpg,149,27,car plate,845,599,994,626
3#20LN450#06062020#141356.jpg,196,32,car plate,799,604,995,636
3#20YN383#07062020#154938.jpg,71,25,car plate,511,618,582,643
3#21KH235#08062020#115156.jpg,150,29,car plate,923,620,1073,649
3#21SY808#08062020#193821.jpg,156,26,car plate,582,599,738,625
3#22AJ335#03062020#154114.jpg,175,35,car plate,430,630,605,665
3#22BJ730#03062020#212841.jpg,185,29,car plate,403,629,588,658
3#22NK131#03062020#165608.jpg,137,29,car plate,592,653,729,682
3#23AAL738#06062020#034557.jpg,205,33,car plate,698,581,903,614
3#23AS097#08062020#114704.jpg,150,25,car plate,438,589,588,614
3#23DV526#07062020#160300.jpg,137,29,car plate,459,596,596,625
3#23HL444#06062020#034412.jpg,201,33,car plate,764,570,965,603
3#24BZ070#08062020#193138.jpg,153,25,car plate,584,592,737,617
3#24EN694#07062020#192907.jpg,149,24,car plate,644,541,793,565
3#24MAD89#05062020#104231.jpg,183,28,car plate,711,510,894,538
3#25EU447#08062020#194800.jpg,157,26,car plate,645,625,802,651
3#25LE407#07062020#181402.jpg,150,29,car plate,946,564,1096,593
3#25LE407#07062020#221841.jpg,150,29,car plate,946,564,1096,593
3#25SK346#05062020#233844.jpg,178,29,car plate,711,472,889,501
3#25UH410#08062020#195244.jpg,143,25,car plate,330,476,473,501
3#26AA105#07062020#154809.jpg,58,24,car plate,626,582,684,606
3#26AAB677#07062020#135110.jpg,136,27,car plate,679,607,815,634
3#26AAB795#07062020#175919.jpg,147,24,car plate,463,510,610,534
3#26AAB795#07062020#220357.jpg,151,26,car plate,456,557,607,583
3#26AAC004#07062020#201507.jpg,157,27,car plate,641,619,798,646
3#26AAC064#07062020#192759.jpg,151,27,car plate,774,623,925,650
3#26AAC213#08062020#171317.jpg,112,24,car plate,851,344,963,368
3#26AAC213#08062020#190734.jpg,145,26,car plate,878,527,1023,553
3#26AAC224#07062020#200201.jpg,148,26,car plate,846,552,994,578
3#26AAC406#08062020#123629.jpg,157,27,car plate,734,639,891,666
3#26AAC82#07062020#124550.jpg,120,27,car plate,499,570,619,597
3#26AAD804#08062020#121143.jpg,157,27,car plate,581,590,738,617
3#26AAD981#07062020#140939.jpg,140,28,car plate,577,630,717,658
3#26AAD981#07062020#205443.jpg,159,27,car plate,486,617,645,644
3#26AAE149#07062020#155658.jpg,125,26,car plate,481,626,606,652
3#26AAE384#07062020#185636.jpg,156,26,car plate,808,599,964,625
3#26AAF124#07062020#153411.jpg,134,28,car plate,458,608,592,636
3#26AAF995#07062020#160508.jpg,141,28,car plate,521,601,662,629
3#26AAG696#07062020#201416.jpg,150,27,car plate,377,612,527,639
3#26AAG769#08062020#192840.jpg,151,26,car plate,543,580,694,606
3#26AAH259#07062020#174632.jpg,148,26,car plate,266,569,414,595
3#26AAH259#07062020#215111.jpg,148,26,car plate,266,569,414,595
3#26AAJ073#07062020#201458.jpg,153,26,car plate,513,589,666,615
3#26AAJ157#08062020#123710.jpg,148,27,car plate,983,546,1131,573
3#26AAJ324#08062020#193728.jpg,147,25,car plate,628,546,775,571
3#26AAJ560#07062020#183555.jpg,149,25,car plate,795,595,944,620
3#26AAJ809#07062020#183330.jpg,148,25,car plate,553,534,701,559
3#26AAJ86#07062020#151923.jpg,140,26,car plate,706,622,846,648
3#26AAL663#08062020#122952.jpg,152,26,car plate,522,595,674,621
3#26AAL820#07062020#154223.jpg,133,27,car plate,662,580,795,607
3#26AAL820#07062020#172431.jpg,149,25,car plate,474,561,623,586
3#26AAL820#07062020#212910.jpg,153,26,car plate,467,600,620,626
3#26AAL972#08062020#193104.jpg,162,28,car plate,527,670,689,698
3#26AAN853#07062020#170135.jpg,152,26,car plate,587,579,739,605
3#26AAN853#07062020#210614.jpg,158,27,car plate,583,627,741,654
3#26AAN872#07062020#202400.jpg,142,26,car plate,857,545,999,571
3#26AAN963#07062020#200110.jpg,151,26,car plate,742,607,893,633
3#26AAN978#08062020#123352.jpg,156,26,car plate,637,611,793,637
3#26AAN978#08062020#195243.jpg,157,25,car plate,537,622,694,647
3#26AAP118#07062020#144707.jpg,134,26,car plate,561,576,695,602
3#26AAP118#07062020#171425.jpg,150,25,car plate,519,569,669,594
3#26AAP118#07062020#211903.jpg,150,26,car plate,519,568,669,594
3#26AAP125#08062020#193857.jpg,149,27,car plate,844,561,993,588
3#26AAP434#08062020#131902.jpg,65,25,car plate,378,598,443,623
3#26AAP481#03062020#005336.jpg,145,23,car plate,645,595,790,618
3#26AAP554#08062020#124948.jpg,146,26,car plate,515,534,661,560
3#26AAR297#07062020#194154.jpg,148,29,car plate,1096,587,1244,616
3#26AAR875#07062020#190912.jpg,148,26,car plate,498,552,646,578
3#26AAR884#07062020#171835.jpg,152,27,car plate,445,638,597,665
3#26AAR884#07062020#212313.jpg,146,26,car plate,456,502,602,528
3#26AAR943#08062020#193421.jpg,151,26,car plate,534,590,685,616
3#26AAR993#08062020#120303.jpg,149,26,car plate,801,562,950,588
3#26AAR993#08062020#172116.jpg,156,26,car plate,679,605,835,631
3#26AAR993#08062020#191128.jpg,156,26,car plate,679,605,835,631
3#26AAS314#07062020#155852.jpg,141,28,car plate,536,595,677,623
3#26AAS314#08062020#194053.jpg,161,27,car plate,590,631,751,658
3#26AAS392#08062020#125008.jpg,160,28,car plate,575,641,735,669
3#26AAS490#08062020#111938.jpg,108,24,car plate,281,641,389,665
3#26AAS996#07062020#140250.jpg,143,25,car plate,627,594,770,619
3#26AAT429#08062020#194954.jpg,153,27,car plate,591,598,744,625
3#26AAT470#08062020#125005.jpg,145,26,car plate,611,518,756,544
3#26AAT945#07062020#205619.jpg,151,26,car plate,623,549,774,575
3#26AAU280#08062020#195401.jpg,161,26,car plate,822,638,983,664
3#26AAU398#08062020#171138.jpg,157,27,car plate,581,633,738,660
3#26AAU398#08062020#190507.jpg,151,27,car plate,586,585,737,612
3#26AAU398#08062020#190554.jpg,146,26,car plate,589,541,735,567
3#26AAU420#08062020#121850.jpg,150,25,car plate,562,559,712,584
3#26AAV049#07062020#181338.jpg,152,28,car plate,613,604,765,632
3#26AAV049#07062020#221816.jpg,152,28,car plate,613,604,765,632
3#26AAV077#07062020#125831.jpg,137,26,car plate,651,622,788,648
3#26AAV153#07062020#204518.jpg,153,26,car plate,602,591,755,617
3#26AAV281#07062020#204016.jpg,151,24,car plate,461,585,612,609
3#26AAY17#07062020#170200.jpg,153,26,car plate,516,609,669,635
3#26AAY17#07062020#210638.jpg,153,26,car plate,516,609,669,635
3#26AAY344#08062020#191205.jpg,150,25,car plate,452,574,602,599
3#26AAY549#08062020#153531.jpg,144,26,car plate,390,547,534,573
3#26AAZ034#07062020#195924.jpg,151,28,car plate,959,581,1110,609
3#26AAZ089#08062020#122552.jpg,151,26,car plate,676,565,827,591
3#26AAZ557#08062020#135422.jpg,75,23,car plate,78,530,153,553
3#26AB201#07062020#140009.jpg,146,26,car plate,669,626,815,652
3#26AB201#07062020#155138.jpg,146,27,car plate,627,608,773,635
3#26AB201#07062020#182458.jpg,165,29,car plate,497,633,662,662
3#26AB201#07062020#201826.jpg,162,29,car plate,475,587,637,616
3#26AB263#03062020#012037.jpg,146,26,car plate,569,442,715,468
3#26AB793#08062020#115306.jpg,161,28,car plate,788,640,949,668
3#26ABA115#07062020#152318.jpg,64,25,car plate,536,593,600,618
3#26ABA14#08062020#192323.jpg,151,26,car plate,510,582,661,608
3#26ABA561#08062020#114628.jpg,156,26,car plate,632,633,788,659
3#26ABA88#07062020#131011.jpg,129,24,car plate,499,551,628,575
3#26ABA888#07062020#182422.jpg,148,25,car plate,568,521,716,546
3#26ABA908#07062020#155919.jpg,141,26,car plate,586,632,727,658
3#26ABA908#07062020#183803.jpg,160,27,car plate,566,633,726,660
3#26ABB138#07062020#193157.jpg,157,27,car plate,414,612,571,639
3#26ABB166#07062020#190637.jpg,153,27,car plate,521,570,674,597
3#26ABB253#07062020#200418.jpg,149,28,car plate,982,562,1131,590
3#26ABB32#03062020#005143.jpg,124,24,car plate,686,495,810,519
3#26ABB451#08062020#193851.jpg,152,27,car plate,586,627,738,654
3#26ABC968#07062020#134344.jpg,50,23,car plate,539,550,589,573
3#26ABD158#07062020#172322.jpg,159,28,car plate,473,621,632,649
3#26ABD158#07062020#212800.jpg,158,28,car plate,473,621,631,649
3#26ABD284#08062020#193052.jpg,157,26,car plate,612,607,769,633
3#26ABD858#07062020#180056.jpg,153,29,car plate,1021,548,1174,577
3#26ABD858#07062020#220535.jpg,147,29,car plate,1005,492,1152,521
3#26ABD858#08062020#141637.jpg,149,27,car plate,582,522,731,549
3#26ABD858#08062020#142941.jpg,159,28,car plate,618,536,777,564
3#26ABD957#08062020#193534.jpg,163,27,car plate,700,670,863,697
3#26ABE006#07062020#121122.jpg,136,27,car plate,746,593,882,620
3#26ABE006#08062020#124259.jpg,149,25,car plate,737,551,886,576
3#26ABE223#08062020#121917.jpg,148,26,car plate,598,540,746,566
3#26ABE397#07062020#162315.jpg,137,28,car plate,605,601,742,629
3#26ABE397#07062020#173539.jpg,148,25,car plate,530,524,678,549
3#26ABE397#07062020#214017.jpg,153,27,car plate,524,571,677,598
3#26ABE546#07062020#184814.jpg,158,27,car plate,478,602,636,629
3#26ABE968#07062020#130647.jpg,133,27,car plate,547,570,680,597
3#26ABF128#07062020#194320.jpg,151,27,car plate,748,572,899,599
3#26ABF130#08062020#122636.jpg,148,25,car plate,394,525,542,550
3#26ABF403#07062020#144109.jpg,120,27,car plate,643,586,763,613
3#26ABF804#07062020#135322.jpg,143,27,car plate,565,627,708,654
3#26ABF804#07062020#182015.jpg,153,26,car plate,437,576,590,602
3#26ABF891#08062020#143542.jpg,127,25,car plate,1095,431,1222,456
3#26ABF997#07062020#133948.jpg,134,26,car plate,586,574,720,600
3#26ABF997#07062020#180811.jpg,157,26,car plate,455,586,612,612
3#26ABF997#07062020#221250.jpg,157,26,car plate,455,586,612,612
3#26ABF997#08062020#152416.jpg,153,27,car plate,651,616,804,643
3#26ABG578#07062020#205535.jpg,153,25,car plate,335,613,488,638
3#26ABG683#07062020#183640.jpg,150,26,car plate,655,581,805,607
3#26ABG832#08062020#122408.jpg,150,25,car plate,610,551,760,576
3#26ABG945#08062020#124132.jpg,158,27,car plate,875,639,1033,666
3#26ABH559#07062020#182240.jpg,152,27,car plate,734,572,886,599
3#26ABH778#08062020#195248.jpg,156,27,car plate,253,618,409,645
3#26ABJ574#07062020#181912.jpg,153,29,car plate,851,607,1004,636
3#26ABJ758#07062020#130447.jpg,134,25,car plate,597,554,731,579
3#26ABK149#08062020#113632.jpg,148,26,car plate,621,560,769,586
3#26ABK481#08062020#193147.jpg,137,24,car plate,310,426,447,450
3#26ABL225#07062020#205256.jpg,150,24,car plate,594,571,744,595
3#26ABL441#07062020#150407.jpg,132,28,car plate,625,606,757,634
3#26ABM083#07062020#192753.jpg,152,26,car plate,676,598,828,624
3#26ABM219#07062020#123559.jpg,141,26,car plate,630,597,771,623
3#26ABM283#08062020#122107.jpg,157,26,car plate,622,639,779,665
3#26ABM360#07062020#152925.jpg,136,27,car plate,633,609,769,636
3#26ABM360#07062020#193027.jpg,150,26,car plate,484,570,634,596
3#26ABM787#08062020#122103.jpg,150,26,car plate,574,557,724,583
3#26ABM921#08062020#191501.jpg,144,25,car plate,587,510,731,535
3#26ABN311#07062020#133747.jpg,137,28,car plate,499,610,636,638
3#26ABN311#07062020#175634.jpg,149,26,car plate,458,542,607,568
3#26ABN311#07062020#220113.jpg,153,28,car plate,451,591,604,619
3#26ABN315#08062020#121439.jpg,153,27,car plate,479,584,632,611
3#26ABN904#07062020#202220.jpg,160,27,car plate,532,625,692,652
3#26ABN919#08062020#124201.jpg,141,28,car plate,980,542,1121,570
3#26ABN924#07062020#143804.jpg,125,26,car plate,419,626,544,652
3#26ABN924#08062020#111628.jpg,133,24,car plate,361,596,494,620
3#26ABP197#07062020#191532.jpg,156,26,car plate,627,601,783,627
3#26ABP309#08062020#121109.jpg,151,27,car plate,506,580,657,607
3#26ABP842#08062020#194837.jpg,150,25,car plate,596,551,746,576
3#26ABP848#07062020#181158.jpg,147,25,car plate,472,536,619,561
3#26ABP848#07062020#221636.jpg,157,27,car plate,466,623,623,650
3#26ABP905#08062020#122731.jpg,157,27,car plate,826,619,983,646
3#26ABR588#07062020#141103.jpg,135,32,car plate,509,630,644,662
3#26ABR91#07062020#194558.jpg,147,25,car plate,650,523,797,548
3#26ABR918#08062020#125441.jpg,149,25,car plate,658,584,807,609
3#26ABR921#08062020#122543.jpg,158,27,car plate,506,632,664,659
3#26ABS165#08062020#192003.jpg,150,26,car plate,614,607,764,633
3#26ABS209#07062020#185543.jpg,153,25,car plate,688,589,841,614
3#26ABS519#07062020#142446.jpg,133,26,car plate,436,571,569,597
3#26ABS608#08062020#193201.jpg,157,25,car plate,552,640,709,665
3#26ABT051#08062020#123304.jpg,152,27,car plate,685,615,837,642
3#26ABT297#07062020#172441.jpg,152,25,car plate,662,638,814,663
3#26ABT297#07062020#212920.jpg,148,25,car plate,663,593,811,618
3#26ABT590#07062020#184837.jpg,157,25,car plate,672,612,829,637
3#26ABT830#07062020#175446.jpg,156,25,car plate,484,618,640,643
3#26ABT830#07062020#215924.jpg,149,26,car plate,489,569,638,595
3#26ABU312#08062020#194824.jpg,148,26,car plate,827,547,975,573
3#26ABU397#08062020#123027.jpg,147,26,car plate,787,523,934,549
3#26ABV174#07062020#184041.jpg,149,24,car plate,564,556,713,580
3#26ABV277#07062020#174704.jpg,148,25,car plate,556,520,704,545
3#26ABV277#07062020#215142.jpg,147,26,car plate,557,520,704,546
3#26ABV426#07062020#203555.jpg,148,25,car plate,469,555,617,580
3#26ABV550#07062020#142612.jpg,124,26,car plate,488,615,612,641
3#26ABV550#07062020#185348.jpg,151,27,car plate,495,569,646,596
3#26ABV550#07062020#193938.jpg,151,27,car plate,462,572,613,599
3#26ABV550#08062020#123155.jpg,156,26,car plate,550,608,706,634
3#26ABV550#08062020#193144.jpg,152,27,car plate,566,588,718,615
3#26ABV56#07062020#195157.jpg,152,24,car plate,438,529,590,553
3#26ABV569#08062020#120105.jpg,149,25,car plate,527,505,676,530
3#26ABV57#07062020#150434.jpg,118,26,car plate,543,534,661,560
3#26ABV57#07062020#193517.jpg,132,26,car plate,583,512,715,538
3#26ABV570#08062020#123024.jpg,153,26,car plate,607,572,760,598
3#26ABV575#07062020#132359.jpg,118,26,car plate,657,585,775,611
3#26ABV603#08062020#195626.jpg,152,25,car plate,597,603,749,628
3#26ABV916#07062020#184706.jpg,147,27,car plate,627,565,774,592
3#26ABY118#08062020#192527.jpg,152,26,car plate,611,619,763,645
3#26ABY120#08062020#121611.jpg,159,26,car plate,560,638,719,664
3#26ABY508#08062020#193341.jpg,152,27,car plate,811,599,963,626
3#26ABY591#08062020#194754.jpg,146,24,car plate,626,532,772,556
3#26ABY700#08062020#195347.jpg,157,26,car plate,503,628,660,654
3#26ABY760#07062020#231225.jpg,150,26,car plate,936,592,1086,618
3#26ABY911#07062020#170227.jpg,153,29,car plate,792,622,945,651
3#26ABY911#07062020#210705.jpg,145,28,car plate,785,519,930,547
3#26ABZ588#08062020#121844.jpg,146,25,car plate,758,540,904,565
3#26ABZ729#07062020#202608.jpg,150,24,car plate,636,535,786,559
3#26ABZ823#08062020#122450.jpg,150,25,car plate,660,551,810,576
3#26ABZ95#08062020#193132.jpg,150,26,car plate,794,589,944,615
3#26AC303#07062020#191522.jpg,159,28,car plate,599,626,758,654
3#26AC391#07062020#195230.jpg,137,23,car plate,378,446,515,469
3#26AC685#07062020#150252.jpg,142,27,car plate,481,626,623,653
3#26AC685#07062020#185017.jpg,153,25,car plate,553,556,706,581
3#26AC804#08062020#134622.jpg,129,25,car plate,534,551,663,576
3#26ACA092#07062020#180105.jpg,147,25,car plate,733,541,880,566
3#26ACA092#07062020#220543.jpg,147,26,car plate,733,541,880,567
3#26ACA610#08062020#121150.jpg,156,25,car plate,542,614,698,639
3#26ACA635#08062020#124257.jpg,148,25,car plate,502,545,650,570
3#26ACA717#07062020#162648.jpg,140,27,car plate,573,613,713,640
3#26ACA717#07062020#205037.jpg,157,26,car plate,497,579,654,605
3#26ACB177#08062020#191459.jpg,156,26,car plate,554,607,710,633
3#26ACB177#08062020#194438.jpg,157,26,car plate,386,617,543,643
3#26ACB193#07062020#180727.jpg,149,25,car plate,728,595,877,620
3#26ACB193#07062020#221205.jpg,148,26,car plate,728,595,876,621
3#26ACB63#07062020#123721.jpg,80,23,car plate,543,573,623,596
3#26ACB692#07062020#132755.jpg,141,28,car plate,486,629,627,657
3#26ACB692#07062020#185349.jpg,153,26,car plate,666,584,819,610
3#26ACB692#08062020#124714.jpg,147,26,car plate,677,526,824,552
3#26ACC236#07062020#143456.jpg,137,26,car plate,675,602,812,628
3#26ACC445#07062020#191307.jpg,148,27,car plate,992,533,1140,560
3#26ACC560#08062020#172114.jpg,152,25,car plate,366,562,518,587
3#26ACC560#08062020#191126.jpg,152,25,car plate,366,562,518,587
3#26ACC819#07062020#182615.jpg,149,27,car plate,864,567,1013,594
3#26ACC821#08062020#121026.jpg,142,25,car plate,707,453,849,478
3#26ACD048#08062020#132252.jpg,50,24,car plate,172,601,222,625
3#26ACD230#08062020#113857.jpg,158,27,car plate,618,636,776,663
3#26ACD251#07062020#183053.jpg,157,26,car plate,525,629,682,655
3#26ACD256#07062020#120829.jpg,119,25,car plate,762,574,881,599
3#26ACD799#08062020#115026.jpg,140,26,car plate,821,477,961,503
3#26ACD853#07062020#140650.jpg,137,27,car plate,563,601,700,628
3#26ACE100#08062020#125746.jpg,149,26,car plate,765,590,914,616
3#26ACE25#07062020#155242.jpg,140,27,car plate,616,631,756,658
3#26ACE259#07062020#181432.jpg,156,26,car plate,541,614,697,640
3#26ACE259#07062020#221910.jpg,150,24,car plate,548,566,698,590
3#26ACE697#07062020#173614.jpg,149,25,car plate,615,561,764,586
3#26ACE697#07062020#214053.jpg,153,26,car plate,614,596,767,622
3#26ACE936#08062020#195422.jpg,148,25,car plate,566,501,714,526
3#26ACF174#07062020#230714.jpg,149,28,car plate,971,547,1120,575
3#26ACF448#08062020#194225.jpg,150,27,car plate,527,592,677,619
3#26ACF488#08062020#191355.jpg,161,27,car plate,485,662,646,689
3#26ACF583#08062020#115444.jpg,149,26,car plate,926,578,1075,604
3#26ACG035#08062020#194609.jpg,146,28,car plate,1024,556,1170,584
3#26ACG040#08062020#123742.jpg,157,25,car plate,634,613,791,638
3#26ACG286#07062020#160011.jpg,110,26,car plate,459,607,569,633
3#26ACG286#07062020#202827.jpg,145,25,car plate,887,525,1032,550
3#26ACG327#07062020#204309.jpg,149,26,car plate,374,524,523,550
3#26ACG529#07062020#174805.jpg,158,26,car plate,693,622,851,648
3#26ACG529#07062020#215243.jpg,158,26,car plate,693,622,851,648
3#26ACG681#08062020#192415.jpg,153,27,car plate,480,609,633,636
3#26ACG699#07062020#174451.jpg,146,25,car plate,533,546,679,571
3#26ACG699#07062020#214929.jpg,148,25,car plate,530,586,678,611
3#26ACG830#07062020#173342.jpg,149,27,car plate,758,552,907,579
3#26ACG830#07062020#213820.jpg,156,28,car plate,755,607,911,635
3#26ACG974#07062020#182001.jpg,151,26,car plate,642,565,793,591
3#26ACG974#08062020#191437.jpg,149,26,car plate,610,542,759,568
3#26ACH212#08062020#115810.jpg,152,25,car plate,587,574,739,599
3#26ACH542#07062020#192404.jpg,149,27,car plate,851,561,1000,588
3#26ACH641#08062020#192809.jpg,150,25,car plate,605,588,755,613
3#26ACH690#07062020#154119.jpg,117,26,car plate,476,529,593,555
3#26ACH71#07062020#141515.jpg,39,20,car plate,657,481,696,501
3#26ACH718#07062020#184637.jpg,156,27,car plate,463,619,619,646
3#26ACH742#07062020#165544.jpg,151,25,car plate,529,575,680,600
3#26ACH742#07062020#210022.jpg,151,25,car plate,529,575,680,600
3#26ACH881#08062020#194910.jpg,142,24,car plate,596,529,738,553
3#26ACH927#08062020#114019.jpg,144,24,car plate,552,446,696,470
3#26ACH928#07062020#175716.jpg,153,25,car plate,548,541,701,566
3#26ACH928#07062020#220154.jpg,146,24,car plate,553,479,699,503
3#26ACH934#07062020#193546.jpg,95,29,car plate,571,546,666,575
3#26ACJ005#07062020#123701.jpg,136,25,car plate,757,610,893,635
3#26ACJ335#08062020#193613.jpg,156,26,car plate,143,612,299,638
3#26ACJ551#07062020#203728.jpg,141,26,car plate,519,530,660,556
3#26ACJ565#08062020#124635.jpg,145,24,car plate,571,534,716,558
3#26ACJ893#07062020#171239.jpg,161,26,car plate,461,600,622,626
3#26ACJ893#07062020#211718.jpg,161,26,car plate,461,600,622,626
3#26ACJ918#08062020#115120.jpg,145,27,car plate,538,537,683,564
3#26ACK078#07062020#180354.jpg,144,28,car plate,908,531,1052,559
3#26ACK078#07062020#220833.jpg,149,27,car plate,917,594,1066,621
3#26ACK293#08062020#192250.jpg,153,25,car plate,545,601,698,626
3#26ACK380#07062020#204022.jpg,153,26,car plate,537,622,690,648
3#26ACK485#07062020#162314.jpg,141,28,car plate,661,610,802,638
3#26ACK485#07062020#203525.jpg,153,26,car plate,605,592,758,618
3#26ACK786#08062020#195109.jpg,161,27,car plate,592,664,753,691
3#26ACK929#07062020#134923.jpg,45,24,car plate,684,566,729,590
3#26ACK929#07062020#182347.jpg,158,25,car plate,567,633,725,658
3#26ACL236#07062020#200624.jpg,116,28,car plate,1164,570,1280,598
3#26ACL247#07062020#150551.jpg,142,27,car plate,619,630,761,657
3#26ACL247#07062020#180157.jpg,152,25,car plate,487,574,639,599
3#26ACL247#07062020#220636.jpg,151,25,car plate,487,574,638,599
3#26ACL271#08062020#122827.jpg,146,26,car plate,607,591,753,617
3#26ACL320#07062020#130209.jpg,137,26,car plate,634,625,771,651
3#26ACL409#08062020#112027.jpg,64,24,car plate,573,557,637,581
3#26ACL436#07062020#132333.jpg,137,25,car plate,784,615,921,640
3#26ACL536#08062020#114308.jpg,149,24,car plate,676,539,825,563
3#26ACL623#07062020#185226.jpg,150,26,car plate,376,582,526,608
3#26ACL823#07062020#195731.jpg,156,25,car plate,636,609,792,634
3#26ACL823#08062020#115738.jpg,153,25,car plate,601,603,754,628
3#26ACL900#08062020#125858.jpg,148,27,car plate,562,563,710,590
3#26ACL908#08062020#124324.jpg,152,26,car plate,438,583,590,609
3#26ACM227#08062020#115158.jpg,147,25,car plate,606,521,753,546
3#26ACM779#08062020#125227.jpg,147,25,car plate,593,544,740,569
3#26ACM921#07062020#012952.jpg,134,28,car plate,704,635,838,663
3#26ACN238#07062020#184743.jpg,149,25,car plate,659,544,808,569
3#26ACN320#07062020#160236.jpg,143,29,car plate,499,617,642,646
3#26ACN320#07062020#192516.jpg,158,25,car plate,352,580,510,605
3#26ACN502#07062020#205652.jpg,158,26,car plate,536,624,694,650
3#26ACN853#07062020#202829.jpg,157,28,car plate,615,611,772,639
3#26ACP030#08062020#124111.jpg,152,25,car plate,609,585,761,610
3#26ACP034#07062020#170724.jpg,151,26,car plate,694,570,845,596
3#26ACP034#07062020#211203.jpg,151,26,car plate,694,570,845,596
3#26ACP097#07062020#184903.jpg,146,25,car plate,462,498,608,523
3#26ACP098#08062020#192448.jpg,146,27,car plate,853,567,999,594
3#26ACP104#07062020#133040.jpg,104,26,car plate,504,612,608,638
3#26ACP104#07062020#175344.jpg,151,25,car plate,397,569,548,594
3#26ACP104#07062020#215823.jpg,153,25,car plate,390,609,543,634
3#26ACP824#07062020#155546.jpg,135,27,car plate,528,572,663,599
3#26ACP824#08062020#204258.jpg,133,25,car plate,426,591,559,616
3#26ACR019#08062020#194504.jpg,161,27,car plate,675,638,836,665
3#26ACR168#07062020#160012.jpg,124,26,car plate,613,628,737,654
3#26ACR454#07062020#191104.jpg,159,27,car plate,402,593,561,620
3#26ACR454#08062020#130032.jpg,157,28,car plate,647,577,804,605
3#26ACR614#07062020#174210.jpg,152,27,car plate,805,578,957,605
3#26ACR614#07062020#214648.jpg,149,27,car plate,799,526,948,553
3#26ACR939#07062020#174258.jpg,148,28,car plate,587,532,735,560
3#26ACR939#07062020#214737.jpg,156,28,car plate,583,586,739,614
3#26ACS148#08062020#195306.jpg,156,26,car plate,277,604,433,630
3#26ACS386#08062020#121250.jpg,153,32,car plate,1068,626,1221,658
3#26ACS533#07062020#193749.jpg,143,25,car plate,692,567,835,592
3#26ACS872#08062020#120551.jpg,149,27,car plate,473,576,622,603
3#26ACT572#07062020#193426.jpg,150,28,car plate,802,599,952,627
3#26ACT707#07062020#140319.jpg,136,27,car plate,625,612,761,639
3#26ACT707#07062020#183410.jpg,156,26,car plate,627,601,783,627
3#26ACT808#08062020#193030.jpg,161,28,car plate,896,671,1057,699
3#26ACU030#08062020#115731.jpg,156,26,car plate,595,637,751,663
3#26ACU080#07062020#161116.jpg,79,26,car plate,464,565,543,591
3#26ACU125#08062020#125023.jpg,147,27,car plate,861,605,1008,632
3#26ACU198#03062020#005453.jpg,128,24,car plate,785,550,913,574
3#26ACU288#08062020#120026.jpg,144,25,car plate,677,492,821,517
3#26ACU417#08062020#122505.jpg,157,27,car plate,688,614,845,641
3#26ACU512#07062020#185239.jpg,151,27,car plate,625,568,776,595
3#26ACU623#08062020#193407.jpg,151,29,car plate,1068,602,1219,631
3#26ACV243#07062020#150520.jpg,136,25,car plate,944,627,1080,652
3#26ACV278#07062020#122043.jpg,132,26,car plate,561,572,693,598
3#26ACV413#08062020#120038.jpg,148,27,car plate,930,520,1078,547
3#26ACV541#08062020#114109.jpg,153,25,car plate,532,609,685,634
3#26ACV570#08062020#120901.jpg,153,25,car plate,665,582,818,607
3#26ACV767#07062020#154921.jpg,135,27,car plate,349,599,484,626
3#26ACV839#07062020#171118.jpg,151,26,car plate,684,537,835,563
3#26ACV839#07062020#211556.jpg,144,26,car plate,686,467,830,493
3#26ACV961#08062020#114401.jpg,140,29,car plate,1112,478,1252,507
3#26ACV964#07062020#191858.jpg,153,27,car plate,693,601,846,628
3#26ACV996#08062020#171343.jpg,150,26,car plate,441,565,591,591
3#26ACV996#08062020#190759.jpg,150,25,car plate,441,565,591,590
3#26ACY024#07062020#130029.jpg,135,28,car plate,622,624,757,652
3#26ACY057#07062020#153923.jpg,120,25,car plate,513,610,633,635
3#26ACY057#07062020#193823.jpg,133,26,car plate,818,622,951,648
3#26ACY181#07062020#154636.jpg,129,27,car plate,575,546,704,573
3#26ACY228#07062020#175651.jpg,156,26,car plate,660,608,816,634
3#26ACY228#07062020#220129.jpg,156,26,car plate,660,608,816,634
3#26ACY228#08062020#125337.jpg,153,26,car plate,626,607,779,633
3#26ACY458#07062020#175419.jpg,148,25,car plate,895,544,1043,569
3#26ACY458#07062020#215858.jpg,153,27,car plate,904,601,1057,628
3#26ACY487#07062020#200813.jpg,147,26,car plate,584,528,731,554
3#26ACY536#07062020#181821.jpg,147,25,car plate,606,511,753,536
3#26AD113#07062020#135056.jpg,124,26,car plate,640,634,764,660
3#26AD696#07062020#152305.jpg,108,23,car plate,851,636,959,659
3#26AD783#07062020#132628.jpg,136,27,car plate,672,611,808,638
3#26AE895#08062020#194042.jpg,160,25,car plate,533,625,693,650
3#26AF166#07062020#153309.jpg,136,27,car plate,581,586,717,613
3#26AF195#03062020#011532.jpg,148,25,car plate,650,555,798,580
3#26AF407#07062020#185909.jpg,158,26,car plate,504,612,662,638
3#26AF513#08062020#122219.jpg,150,25,car plate,494,564,644,589
3#26AG001#03062020#010643.jpg,151,25,car plate,544,560,695,585
3#26AG302#08062020#125440.jpg,148,26,car plate,477,577,625,603
3#26AG590#07062020#172156.jpg,160,27,car plate,658,627,818,654
3#26AG590#07062020#212635.jpg,157,27,car plate,660,581,817,608
3#26AG817#08062020#114150.jpg,157,26,car plate,644,608,801,634
3#26AH112#07062020#174811.jpg,156,25,car plate,624,615,780,640
3#26AH112#07062020#215250.jpg,150,24,car plate,621,569,771,593
3#26AH424#07062020#174346.jpg,156,26,car plate,711,605,867,631
3#26AH424#07062020#214825.jpg,148,25,car plate,708,521,856,546
3#26AH544#08062020#123019.jpg,151,26,car plate,687,596,838,622
3#26AJ081#07062020#195552.jpg,145,26,car plate,560,517,705,543
3#26AJ108#07062020#183138.jpg,161,27,car plate,469,627,630,654
3#26AJ267#08062020#171805.jpg,159,28,car plate,691,617,850,645
3#26AJ267#08062020#191006.jpg,152,27,car plate,690,562,842,589
3#26AJ352#07062020#184012.jpg,153,25,car plate,335,575,488,600
3#26AJ799#07062020#173327.jpg,156,26,car plate,675,590,831,616
3#26AJ799#07062020#213805.jpg,156,26,car plate,675,590,831,616
3#26AJ819#07062020#201206.jpg,159,28,car plate,588,617,747,645
3#26AK402#08062020#193326.jpg,163,26,car plate,384,666,547,692
3#26AK728#07062020#205002.jpg,135,20,car plate,574,593,709,613
3#26AL047#08062020#120616.jpg,161,27,car plate,483,620,644,647
3#26AL289#08062020#191601.jpg,153,25,car plate,868,608,1021,633
3#26AN432#07062020#161701.jpg,136,26,car plate,620,576,756,602
3#26AN475#08062020#125148.jpg,158,25,car plate,685,620,843,645
3#26ANYD#07062020#121544.jpg,140,23,car plate,862,559,1002,582
3#26AP919#07062020#200932.jpg,153,29,car plate,780,567,933,596
3#26AR366#07062020#133338.jpg,136,26,car plate,605,603,741,629
3#26AS176#07062020#125707.jpg,140,28,car plate,604,627,744,655
3#26AS252#08062020#111343.jpg,137,25,car plate,285,632,422,657
3#26AS320#08062020#193747.jpg,162,25,car plate,430,637,592,662
3#26AS373#07062020#130617.jpg,136,26,car plate,663,612,799,638
3#26AS568#08062020#192343.jpg,160,26,car plate,519,642,679,668
3#26AT750#07062020#195935.jpg,149,24,car plate,658,568,807,592
3#26AT848#08062020#125112.jpg,146,28,car plate,662,502,808,530
3#26AU416#07062020#152002.jpg,134,25,car plate,593,567,727,592
3#26AU625#07062020#204249.jpg,160,26,car plate,558,620,718,646
3#26AV093#07062020#135141.jpg,126,27,car plate,674,629,800,656
3#26AV536#08062020#194331.jpg,160,27,car plate,865,669,1025,696
3#26AV855#07062020#134659.jpg,137,26,car plate,762,606,899,632
3#26AV855#07062020#202343.jpg,158,26,car plate,335,624,493,650
3#26AY122#07062020#203812.jpg,158,25,car plate,426,611,584,636
3#26AY149#07062020#122018.jpg,47,24,car plate,627,591,674,615
3#26AY317#08062020#125450.jpg,161,26,car plate,305,593,466,619
3#26AZ234#07062020#122704.jpg,135,24,car plate,721,583,856,607
3#26AZ234#07062020#130918.jpg,136,27,car plate,684,594,820,621
3#26AZ234#07062020#172155.jpg,153,26,car plate,653,572,806,598
3#26AZ234#07062020#192505.jpg,157,26,car plate,679,603,836,629
3#26AZ234#07062020#212633.jpg,153,26,car plate,653,572,806,598
3#26AZ308#08062020#193709.jpg,158,27,car plate,415,620,573,647
3#26AZ413#08062020#122247.jpg,149,25,car plate,617,547,766,572
3#26AZ413#08062020#133855.jpg,133,23,car plate,417,591,550,614
3#26AZ853#07062020#192433.jpg,152,25,car plate,628,588,780,613
3#26AZ868#07062020#162434.jpg,136,26,car plate,675,574,811,600
3#26AZ868#07062020#193041.jpg,158,26,car plate,573,592,731,618
3#26AZ987#07062020#203044.jpg,158,26,car plate,704,611,862,637
3#26B0167#08062020#193442.jpg,143,24,car plate,740,538,883,562
3#26B0484#07062020#130953.jpg,137,29,car plate,612,607,749,636
3#26B0525#07062020#161433.jpg,145,26,car plate,684,634,829,660
3#26B0525#07062020#192205.jpg,161,27,car plate,668,622,829,649
3#26B1105#07062020#184703.jpg,157,26,car plate,400,610,557,636
3#26B1595#07062020#193643.jpg,149,25,car plate,399,581,548,606
3#26B2620#08062020#192749.jpg,152,26,car plate,358,610,510,636
3#26B3839#08062020#120613.jpg,158,26,car plate,699,625,857,651
3#26B3880#07062020#190759.jpg,163,26,car plate,451,634,614,660
3#26B4228#07062020#202724.jpg,152,26,car plate,729,593,881,619
3#26B4488#08062020#122110.jpg,157,26,car plate,463,597,620,623
3#26B4928#07062020#182842.jpg,148,26,car plate,547,536,695,562
3#26B5237#07062020#183037.jpg,152,26,car plate,452,581,604,607
3#26B5238#07062020#175118.jpg,157,26,car plate,542,586,699,612
3#26B5238#07062020#215556.jpg,158,26,car plate,542,586,700,612
3#26B5281#07062020#121031.jpg,135,24,car plate,907,605,1042,629
3#26B5281#07062020#131142.jpg,135,24,car plate,508,615,643,639
3#26B5281#07062020#153203.jpg,136,23,car plate,598,608,734,631
3#26B5281#07062020#173958.jpg,149,27,car plate,403,564,552,591
3#26B5281#07062020#195919.jpg,150,29,car plate,766,589,916,618
3#26B6433#07062020#173857.jpg,157,24,car plate,416,619,573,643
3#26B6433#07062020#214335.jpg,157,24,car plate,416,619,573,643
3#26B6534#08062020#211146.jpg,91,23,car plate,181,621,272,644
3#26B6795#08062020#122211.jpg,153,26,car plate,541,594,694,620
3#26B6851#07062020#174422.jpg,136,26,car plate,709,630,845,656
3#26B6851#07062020#195150.jpg,151,26,car plate,405,620,556,646
3#26B6851#07062020#214901.jpg,143,26,car plate,707,539,850,565
3#26B7045#07062020#200557.jpg,151,27,car plate,919,556,1070,583
3#26B7510#08062020#193157.jpg,141,28,car plate,365,663,506,691
3#26B7645#07062020#203131.jpg,151,27,car plate,584,599,735,626
3#26B7766#07062020#130211.jpg,135,26,car plate,539,598,674,624
3#26B7787#08062020#194821.jpg,151,24,car plate,412,541,563,565
3#26B7895#08062020#153600.jpg,144,24,car plate,108,515,252,539
3#26B7974#08062020#171136.jpg,156,27,car plate,692,585,848,612
3#26B7974#08062020#190506.jpg,160,27,car plate,692,634,852,661
3#26B7974#08062020#190553.jpg,159,27,car plate,692,634,851,661
3#26B8890#07062020#192426.jpg,157,26,car plate,417,608,574,634
3#26B8996#07062020#202455.jpg,156,26,car plate,787,592,943,618
3#26B9073#08062020#125238.jpg,151,27,car plate,609,577,760,604
3#26B9417#07062020#191144.jpg,152,25,car plate,461,558,613,583
3#26B9495#07062020#125301.jpg,144,27,car plate,630,634,774,661
3#26B9601#08062020#191238.jpg,151,26,car plate,355,574,506,600
3#26B9654#08062020#195826.jpg,153,27,car plate,547,572,700,599
3#26B9764#08062020#194409.jpg,159,25,car plate,636,616,795,641
3#26B9831#08062020#114335.jpg,159,26,car plate,533,636,692,662
3#26B9879#08062020#110657.jpg,136,27,car plate,572,608,708,635
3#26B9932#07062020#180252.jpg,150,27,car plate,573,555,723,582
3#26B9932#07062020#220731.jpg,150,27,car plate,573,555,723,582
3#26BA123#08062020#115539.jpg,152,26,car plate,501,594,653,620
3#26BA765#08062020#114634.jpg,152,26,car plate,424,587,576,613
3#26BA905#08062020#121031.jpg,165,29,car plate,370,639,535,668
3#26BB133#07062020#154528.jpg,142,27,car plate,709,628,851,655
3#26BB133#07062020#172313.jpg,158,27,car plate,412,608,570,635
3#26BB133#07062020#212752.jpg,156,25,car plate,417,570,573,595
3#26BB323#07062020#205537.jpg,156,26,car plate,523,617,679,643
3#26BB522#07062020#195538.jpg,163,28,car plate,548,590,711,618
3#26BB545#07062020#203436.jpg,152,27,car plate,654,588,806,615
3#26BB664#07062020#195724.jpg,158,32,car plate,891,582,1049,614
3#26BB999#07062020#131249.jpg,137,27,car plate,457,598,594,625
3#26BB999#07062020#175016.jpg,159,25,car plate,483,622,642,647
3#26BB999#07062020#215454.jpg,159,25,car plate,483,622,642,647
3#26BC175#07062020#122740.jpg,120,25,car plate,920,583,1040,608
3#26BC175#07062020#170144.jpg,151,26,car plate,514,572,665,598
3#26BC175#07062020#210623.jpg,153,26,car plate,507,612,660,638
3#26BC601#08062020#121217.jpg,148,26,car plate,680,567,828,593
3#26BC918#07062020#141319.jpg,137,26,car plate,569,602,706,628
3#26BC918#07062020#183722.jpg,152,27,car plate,472,583,624,610
3#26BD304#07062020#174524.jpg,160,26,car plate,260,570,420,596
3#26BD304#07062020#215003.jpg,159,27,car plate,260,569,419,596
3#26BE103#07062020#184633.jpg,156,33,car plate,1103,599,1259,632
3#26BE450#08062020#125156.jpg,153,25,car plate,514,552,667,577
3#26BE702#03062020#005402.jpg,142,24,car plate,894,539,1036,563
3#26BE891#07062020#170103.jpg,152,26,car plate,646,594,798,620
3#26BE891#07062020#210541.jpg,148,26,car plate,646,549,794,575
3#26BE930#07062020#174626.jpg,156,27,car plate,623,577,779,604
3#26BE930#07062020#215105.jpg,160,27,car plate,621,628,781,655
3#26BE979#03062020#011603.jpg,142,23,car plate,582,452,724,475
3#26BE979#07062020#153253.jpg,137,26,car plate,674,618,811,644
3#26BF316#07062020#194018.jpg,150,26,car plate,580,547,730,573
3#26BF316#08062020#194526.jpg,137,25,car plate,1136,449,1273,474
3#26BF449#08062020#193629.jpg,153,26,car plate,685,594,838,620
3#26BF546#08062020#195056.jpg,157,26,car plate,416,589,573,615
3#26BF630#08062020#194959.jpg,156,25,car plate,584,576,740,601
3#26BF890#07062020#203439.jpg,147,27,car plate,1020,530,1167,557
3#26BF890#08062020#121637.jpg,159,25,car plate,540,621,699,646
3#26BF917#07062020#131020.jpg,136,28,car plate,462,616,598,644
3#26BG148#07062020#142745.jpg,136,25,car plate,701,582,837,607
3#26BG328#07062020#151527.jpg,143,29,car plate,599,626,742,655
3#26BG328#07062020#181919.jpg,151,26,car plate,586,549,737,575
3#26BG473#08062020#195829.jpg,151,26,car plate,433,575,584,601
3#26BG835#07062020#182229.jpg,146,23,car plate,590,468,736,491
3#26BG837#08062020#125741.jpg,152,25,car plate,493,534,645,559
3#26BG854#08062020#171530.jpg,157,25,car plate,416,599,573,624
3#26BG854#08062020#190839.jpg,161,27,car plate,410,644,571,671
3#26BG888#07062020#184100.jpg,145,24,car plate,741,541,886,565
3#26BH218#07062020#185332.jpg,160,26,car plate,584,605,744,631
3#26BH586#07062020#130044.jpg,140,27,car plate,515,603,655,630
3#26BH586#07062020#141845.jpg,107,25,car plate,545,595,652,620
3#26BH586#07062020#170121.jpg,158,26,car plate,483,598,641,624
3#26BH586#07062020#182309.jpg,160,25,car plate,380,602,540,627
3#26BH586#07062020#210600.jpg,158,25,car plate,483,599,641,624
3#26BH586#08062020#172051.jpg,150,25,car plate,506,536,656,561
3#26BH586#08062020#191103.jpg,160,26,car plate,496,623,656,649
3#26BH591#07062020#192134.jpg,150,25,car plate,566,583,716,608
3#26BH725#07062020#205651.jpg,160,28,car plate,420,606,580,634
3#26BJ020#08062020#123930.jpg,158,28,car plate,708,573,866,601
3#26BJ077#07062020#142241.jpg,140,25,car plate,605,589,745,614
3#26BJ077#07062020#171341.jpg,160,27,car plate,457,593,617,620
3#26BJ077#07062020#211819.jpg,160,27,car plate,457,593,617,620
3#26BJ206#03062020#004357.jpg,118,24,car plate,764,618,882,642
3#26BJ243#07062020#135014.jpg,137,26,car plate,612,594,749,620
3#26BJ243#07062020#174511.jpg,147,28,car plate,1103,519,1250,547
3#26BJ243#07062020#214950.jpg,151,29,car plate,1121,584,1272,613
3#26BK026#07062020#183255.jpg,156,28,car plate,955,607,1111,635
3#26BK155#07062020#203418.jpg,153,26,car plate,509,595,662,621
3#26BK215#07062020#185604.jpg,160,27,car plate,722,618,882,645
3#26BK525#08062020#121645.jpg,158,26,car plate,678,619,836,645
3#26BK713#08062020#195352.jpg,142,24,car plate,557,489,699,513
3#26BK715#07062020#154929.jpg,140,29,car plate,635,608,775,637
3#26BK715#07062020#170009.jpg,156,27,car plate,737,586,893,613
3#26BK715#07062020#210447.jpg,157,27,car plate,737,586,894,613
3#26BL055#07062020#185337.jpg,160,27,car plate,482,628,642,655
3#26BL129#08062020#195720.jpg,151,27,car plate,440,567,591,594
3#26BL216#08062020#122903.jpg,159,26,car plate,590,624,749,650
3#26BL257#07062020#151852.jpg,137,26,car plate,516,602,653,628
3#26BM079#07062020#180845.jpg,158,25,car plate,471,616,629,641
3#26BM079#07062020#221324.jpg,159,26,car plate,471,616,630,642
3#26BM280#07062020#184030.jpg,160,26,car plate,468,626,628,652
3#26BM750#08062020#191149.jpg,159,27,car plate,541,647,700,674
3#26BM754#07062020#193526.jpg,153,25,car plate,713,524,866,549
3#26BM757#07062020#121332.jpg,144,27,car plate,808,607,952,634
3#26BN746#07062020#151855.jpg,140,25,car plate,612,589,752,614
3#26BP369#08062020#125125.jpg,158,27,car plate,619,626,777,653
3#26BP412#03062020#003904.jpg,50,23,car plate,792,536,842,559
3#26BP430#07062020#201717.jpg,152,26,car plate,863,578,1015,604
3#26BP641#08062020#120417.jpg,157,26,car plate,542,628,699,654
3#26BP655#07062020#160215.jpg,137,28,car plate,601,608,738,636
3#26BP655#07062020#193720.jpg,151,26,car plate,610,582,761,608
3#26BP706#07062020#182358.jpg,146,25,car plate,475,550,621,575
3#26BP863#07062020#012856.jpg,136,25,car plate,869,590,1005,615
3#26BP905#07062020#205836.jpg,159,27,car plate,485,607,644,634
3#26BR225#07062020#155204.jpg,140,26,car plate,693,617,833,643
3#26BR544#08062020#122616.jpg,151,27,car plate,595,537,746,564
3#26BR833#08062020#191704.jpg,159,27,car plate,426,621,585,648
3#26BR840#07062020#124051.jpg,132,25,car plate,597,484,729,509
3#26BR843#07062020#191017.jpg,165,26,car plate,503,617,668,643
3#26BS939#08062020#124233.jpg,151,25,car plate,563,554,714,579
3#26BT056#07062020#130439.jpg,137,24,car plate,621,610,758,634
3#26BT124#07062020#144645.jpg,137,27,car plate,574,613,711,640
3#26BT125#08062020#193004.jpg,151,26,car plate,485,583,636,609
3#26BT233#07062020#134105.jpg,141,24,car plate,1092,621,1233,645
3#26BT233#07062020#174749.jpg,161,27,car plate,635,620,796,647
3#26BT233#07062020#215227.jpg,161,27,car plate,635,620,796,647
3#26BT466#07062020#151256.jpg,135,25,car plate,697,581,832,606
3#26BT466#07062020#191256.jpg,149,26,car plate,686,544,835,570
3#26BU052#07062020#174654.jpg,160,27,car plate,485,616,645,643
3#26BU052#07062020#215133.jpg,159,27,car plate,486,616,645,643
3#26BU272#07062020#191947.jpg,159,27,car plate,671,635,830,662
3#26BU276#07062020#162055.jpg,142,29,car plate,476,623,618,652
3#26BU276#07062020#202644.jpg,153,27,car plate,671,579,824,606
3#26BU291#07062020#203254.jpg,151,26,car plate,633,591,784,617
3#26BU438#07062020#203549.jpg,151,26,car plate,556,597,707,623
3#26BU823#08062020#124340.jpg,157,26,car plate,476,615,633,641
3#26BU823#08062020#192648.jpg,162,27,car plate,471,661,633,688
3#26BV036#07062020#122137.jpg,76,24,car plate,404,613,480,637
3#26BV131#07062020#151732.jpg,137,32,car plate,657,625,794,657
3#26BV131#07062020#193754.jpg,146,26,car plate,837,557,983,583
3#26BV563#03062020#010847.jpg,117,25,car plate,545,505,662,530
3#26BV563#07062020#143157.jpg,142,27,car plate,507,609,649,636
3#26BV563#07062020#184622.jpg,158,25,car plate,463,589,621,614
3#26BV607#07062020#153039.jpg,102,24,car plate,634,562,736,586
3#26BV794#05062020#110444.jpg,205,32,car plate,887,596,1092,628
3#26BY049#07062020#183522.jpg,132,24,car plate,491,550,623,574
3#26BY172#07062020#205238.jpg,151,26,car plate,619,577,770,603
3#26BY220#07062020#165558.jpg,157,27,car plate,702,631,859,658
3#26BY220#07062020#210036.jpg,152,26,car plate,701,587,853,613
3#26BY316#08062020#121632.jpg,157,26,car plate,459,615,616,641
3#26BY666#07062020#195403.jpg,153,26,car plate,582,563,735,589
3#26BY666#08062020#111141.jpg,133,25,car plate,789,610,922,635
3#26BY666#08062020#193637.jpg,161,27,car plate,898,650,1059,677
3#26BY717#07062020#152353.jpg,141,27,car plate,602,612,743,639
3#26BY754#08062020#130329.jpg,149,25,car plate,683,554,832,579
3#26BY873#07062020#122030.jpg,140,27,car plate,500,581,640,608
3#26BZ859#07062020#192944.jpg,156,27,car plate,720,589,876,616
3#26CA456#07062020#173239.jpg,158,26,car plate,384,626,542,652
3#26CA456#07062020#213717.jpg,150,25,car plate,402,548,552,573
3#26CG989#07062020#201645.jpg,146,24,car plate,369,492,515,516
3#26D0647#08062020#194704.jpg,146,25,car plate,586,501,732,526
3#26DB039#07062020#181200.jpg,150,27,car plate,727,538,877,565
3#26DB039#07062020#221638.jpg,150,27,car plate,727,538,877,565
3#26DB082#07062020#134342.jpg,135,26,car plate,491,606,626,632
3#26DB153#08062020#114428.jpg,152,27,car plate,864,588,1016,615
3#26DB296#07062020#205240.jpg,151,26,car plate,477,555,628,581
3#26DB477#07062020#133043.jpg,140,26,car plate,591,599,731,625
3#26DB774#03062020#010656.jpg,159,26,car plate,514,616,673,642
3#26DB774#07062020#191531.jpg,159,27,car plate,593,605,752,632
3#26DC363#07062020#161021.jpg,75,25,car plate,438,596,513,621
3#26DC817#08062020#193656.jpg,161,26,car plate,430,662,591,688
3#26DD517#08062020#153402.jpg,158,27,car plate,1031,565,1189,592
3#26DD909#08062020#120711.jpg,142,27,car plate,599,463,741,490
3#26DF205#07062020#194051.jpg,158,26,car plate,536,619,694,645
3#26DF228#07062020#152352.jpg,137,27,car plate,637,599,774,626
3#26DF882#07062020#154936.jpg,142,28,car plate,540,636,682,664
3#26DF882#07062020#184109.jpg,156,27,car plate,638,573,794,600
3#26DG248#07062020#150721.jpg,137,27,car plate,692,623,829,650
3#26DG430#07062020#190703.jpg,150,25,car plate,566,553,716,578
3#26DG601#07062020#141305.jpg,140,26,car plate,526,613,666,639
3#26DG601#07062020#184001.jpg,156,27,car plate,610,583,766,610
3#26DG819#07062020#200429.jpg,157,25,car plate,657,586,814,611
3#26DJ236#08062020#195750.jpg,157,26,car plate,685,599,842,625
3#26DJ640#08062020#193139.jpg,156,25,car plate,541,581,697,606
3#26DK601#07062020#205731.jpg,150,27,car plate,732,563,882,590
3#26DM002#07062020#122101.jpg,102,24,car plate,589,582,691,606
3#26DM398#08062020#121340.jpg,160,27,car plate,687,636,847,663
3#26DM596#07062020#130329.jpg,104,24,car plate,577,623,681,647
3#26DM792#07062020#124007.jpg,137,27,car plate,619,565,756,592
3#26DM792#07062020#165548.jpg,157,25,car plate,604,566,761,591
3#26DM792#07062020#174806.jpg,158,26,car plate,703,596,861,622
3#26DM792#07062020#210026.jpg,161,27,car plate,601,614,762,641
3#26DM792#07062020#215245.jpg,158,26,car plate,703,596,861,622
3#26DR163#08062020#124105.jpg,158,26,car plate,575,631,733,657
3#26DR784#07062020#180647.jpg,158,27,car plate,560,603,718,630
3#26DR784#07062020#221125.jpg,158,27,car plate,560,603,718,630
3#26DS133#07062020#180950.jpg,159,26,car plate,665,614,824,640
3#26DS133#07062020#221428.jpg,156,25,car plate,667,580,823,605
3#26DS580#07062020#125310.jpg,60,20,car plate,787,610,847,630
3#26DS580#07062020#171241.jpg,152,27,car plate,628,600,780,627
3#26DS580#07062020#211720.jpg,152,27,car plate,628,600,780,627
3#26DT251#03062020#005020.jpg,145,26,car plate,755,594,900,620
3#26DT804#07062020#192959.jpg,157,25,car plate,558,616,715,641
3#26DU007#08062020#153224.jpg,160,28,car plate,1089,588,1249,616
3#26DU503#08062020#121840.jpg,150,26,car plate,559,561,709,587
3#26DU938#08062020#120250.jpg,160,25,car plate,441,627,601,652
3#26DV065#07062020#132726.jpg,134,27,car plate,637,570,771,597
3#26DV350#08062020#124327.jpg,159,27,car plate,713,627,872,654
3#26DV390#07062020#121707.jpg,142,26,car plate,687,621,829,647
3#26DV655#07062020#172330.jpg,144,25,car plate,498,461,642,486
3#26DV771#07062020#182243.jpg,152,26,car plate,721,610,873,636
3#26DV874#08062020#123405.jpg,149,26,car plate,623,560,772,586
3#26DV904#08062020#195015.jpg,143,28,car plate,1067,484,1210,512
3#26DY595#08062020#193456.jpg,153,26,car plate,686,589,839,615
3#26DY798#03062020#005429.jpg,150,20,car plate,677,622,827,642
3#26DY812#08062020#195124.jpg,161,27,car plate,345,633,506,660
3#26DZ009#08062020#105239.jpg,129,24,car plate,92,547,221,571
3#26DZ009#08062020#115343.jpg,150,28,car plate,1050,568,1200,596
3#26DZ986#07062020#185247.jpg,160,26,car plate,558,632,718,658
3#26E0094#07062020#195445.jpg,146,25,car plate,824,507,970,532
3#26E0863#07062020#141136.jpg,137,28,car plate,506,579,643,607
3#26E0863#07062020#182539.jpg,162,27,car plate,462,626,624,653
3#26E1055#07062020#144203.jpg,137,26,car plate,494,605,631,631
3#26E1055#07062020#184025.jpg,160,27,car plate,488,622,648,649
3#26E1175#07062020#150638.jpg,140,27,car plate,656,586,796,613
3#26E1247#08062020#191152.jpg,157,26,car plate,574,603,731,629
3#26E1273#07062020#181236.jpg,153,27,car plate,752,565,905,592
3#26E1273#07062020#221715.jpg,159,27,car plate,753,622,912,649
3#26E1512#08062020#115135.jpg,156,26,car plate,655,597,811,623
3#26E1515#07062020#121755.jpg,136,28,car plate,703,595,839,623
3#26E1842#07062020#192705.jpg,157,26,car plate,342,583,499,609
3#26E1883#08062020#195332.jpg,145,26,car plate,758,490,903,516
3#26E1905#07062020#144655.jpg,140,25,car plate,586,621,726,646
3#26E1905#07062020#183615.jpg,156,26,car plate,395,600,551,626
3#26E1905#08062020#114023.jpg,132,27,car plate,1097,415,1229,442
3#26E1923#07062020#142332.jpg,141,27,car plate,532,633,673,660
3#26E2272#08062020#194036.jpg,160,27,car plate,370,635,530,662
3#26E2380#08062020#192910.jpg,149,25,car plate,606,539,755,564
3#26E2623#07062020#192509.jpg,144,28,car plate,1115,556,1259,584
3#26E2751#08062020#121826.jpg,151,24,car plate,726,575,877,599
3#26E3083#08062020#192325.jpg,152,26,car plate,497,568,649,594
3#26E3166#08062020#120636.jpg,146,25,car plate,580,506,726,531
3#26E3272#07062020#125604.jpg,86,24,car plate,517,496,603,520
3#26E3272#07062020#191013.jpg,167,26,car plate,302,584,469,610
3#26E3273#07062020#123047.jpg,153,28,car plate,570,498,723,526
3#26E3407#07062020#170714.jpg,157,25,car plate,618,603,775,628
3#26E3407#07062020#211152.jpg,151,25,car plate,621,561,772,586
3#26E3446#07062020#191457.jpg,149,25,car plate,617,559,766,584
3#26E3550#07062020#171553.jpg,161,26,car plate,395,595,556,621
3#26E3550#07062020#212032.jpg,161,25,car plate,395,595,556,620
3#26E3610#08062020#191743.jpg,160,26,car plate,373,640,533,666
3#26E3809#07062020#200737.jpg,151,25,car plate,552,555,703,580
3#26E3930#07062020#170909.jpg,152,26,car plate,572,573,724,599
3#26E3930#07062020#211347.jpg,158,27,car plate,567,616,725,643
3#26E4068#07062020#203451.jpg,158,26,car plate,521,622,679,648
3#26E4669#08062020#191647.jpg,152,26,car plate,764,568,916,594
3#26E5067#08062020#193901.jpg,152,25,car plate,562,565,714,590
3#26E5327#08062020#192909.jpg,157,26,car plate,460,612,617,638
3#26E5680#07062020#140505.jpg,142,27,car plate,430,610,572,637
3#26E5680#07062020#182741.jpg,150,27,car plate,874,545,1024,572
3#26E5735#07062020#170153.jpg,152,25,car plate,342,574,494,599
3#26E5735#07062020#210632.jpg,159,26,car plate,329,621,488,647
3#26E6122#08062020#192353.jpg,159,27,car plate,628,605,787,632
3#26E6948#07062020#185817.jpg,157,26,car plate,352,576,509,602
3#26E7286#07062020#134055.jpg,140,26,car plate,640,603,780,629
3#26E7436#07062020#152804.jpg,124,26,car plate,611,601,735,627
3#26E7940#03062020#011422.jpg,152,27,car plate,348,566,500,593
3#26E9458#08062020#192712.jpg,153,26,car plate,246,590,399,616
3#26E9458#08062020#205520.jpg,133,27,car plate,86,614,219,641
3#26E9645#07062020#191136.jpg,150,26,car plate,885,541,1035,567
3#26EA599#08062020#125323.jpg,157,26,car plate,593,594,750,620
3#26EA821#07062020#125243.jpg,132,27,car plate,624,616,756,643
3#26EB551#08062020#171151.jpg,149,27,car plate,677,572,826,599
3#26EB551#08062020#190520.jpg,152,27,car plate,670,603,822,630
3#26EB551#08062020#190607.jpg,152,27,car plate,670,603,822,630
3#26EB969#07062020#172949.jpg,143,26,car plate,539,505,682,531
3#26EB969#07062020#213428.jpg,147,27,car plate,532,549,679,576
3#26EC512#07062020#204726.jpg,143,25,car plate,630,476,773,501
3#26EC747#07062020#181739.jpg,149,26,car plate,632,558,781,584
3#26EC849#08062020#123440.jpg,157,26,car plate,285,605,442,631
3#26EC999#03062020#005547.jpg,146,26,car plate,824,566,970,592
3#26ED252#07062020#123346.jpg,60,24,car plate,715,571,775,595
3#26ED252#07062020#180046.jpg,148,25,car plate,930,566,1078,591
3#26ED252#07062020#220525.jpg,148,25,car plate,930,566,1078,591
3#26ED642#07062020#192603.jpg,157,27,car plate,693,602,850,629
3#26EE415#08062020#122128.jpg,144,29,car plate,1062,530,1206,559
3#26EF204#07062020#132648.jpg,118,26,car plate,670,567,788,593
3#26EF326#08062020#122222.jpg,157,26,car plate,592,630,749,656
3#26EF408#08062020#195838.jpg,148,25,car plate,217,565,365,590
3#26EF883#07062020#171915.jpg,150,26,car plate,488,555,638,581
3#26EF883#07062020#212354.jpg,157,27,car plate,476,607,633,634
3#26EG021#07062020#190650.jpg,157,26,car plate,246,615,403,641
3#26EG277#07062020#190747.jpg,158,27,car plate,565,597,723,624
3#26EG277#08062020#123609.jpg,151,26,car plate,530,550,681,576
3#26EG486#07062020#180641.jpg,157,27,car plate,428,597,585,624
3#26EG486#07062020#221119.jpg,151,25,car plate,437,564,588,589
3#26EG614#08062020#194332.jpg,151,26,car plate,727,548,878,574
3#26EH626#08062020#192207.jpg,160,26,car plate,49,646,209,672
3#26EJ101#07062020#123026.jpg,134,26,car plate,803,594,937,620
3#26EJ157#08062020#203843.jpg,135,25,car plate,365,620,500,645
3#26EJ665#07062020#202514.jpg,153,27,car plate,609,625,762,652
3#26EJ879#07062020#120953.jpg,136,25,car plate,1038,554,1174,579
3#26EJ879#07062020#183151.jpg,156,25,car plate,549,559,705,584
3#26EK281#08062020#171623.jpg,148,26,car plate,731,560,879,586
3#26EK281#08062020#190933.jpg,149,27,car plate,730,559,879,586
3#26EL199#08062020#203415.jpg,137,24,car plate,202,626,339,650
3#26EL956#08062020#192427.jpg,137,26,car plate,482,605,619,631
3#26EL957#07062020#155702.jpg,134,25,car plate,573,560,707,585
3#26EM079#08062020#105422.jpg,86,24,car plate,624,618,710,642
3#26EM317#08062020#125956.jpg,157,27,car plate,614,585,771,612
3#26EM701#07062020#152938.jpg,133,26,car plate,648,580,781,606
3#26EM727#07062020#154812.jpg,141,27,car plate,532,620,673,647
3#26EM727#07062020#191756.jpg,158,29,car plate,1100,623,1258,652
3#26EM989#06062020#143250.jpg,197,29,car plate,662,582,859,611
3#26EN159#08062020#192650.jpg,147,25,car plate,614,519,761,544
3#26EN740#08062020#194017.jpg,148,25,car plate,618,521,766,546
3#26EN795#08062020#114426.jpg,156,25,car plate,662,587,818,612
3#26EP937#07062020#151126.jpg,132,26,car plate,420,579,552,605
3#26ER027#08062020#192434.jpg,153,26,car plate,642,578,795,604
3#26ER102#08062020#194415.jpg,162,27,car plate,439,659,601,686
3#26ER224#07062020#190544.jpg,152,25,car plate,646,576,798,601
3#26ER668#08062020#124644.jpg,147,25,car plate,656,539,803,564
3#26ER700#07062020#184541.jpg,151,26,car plate,551,611,702,637
3#26ET087#07062020#125909.jpg,142,26,car plate,616,619,758,645
3#26ET089#07062020#202658.jpg,156,25,car plate,404,599,560,624
3#26EU153#07062020#173543.jpg,150,25,car plate,439,592,589,617
3#26EU153#07062020#214022.jpg,150,25,car plate,439,592,589,617
3#26EU161#07062020#125743.jpg,126,26,car plate,478,605,604,631
3#26EY043#07062020#174226.jpg,158,26,car plate,549,612,707,638
3#26EY043#07062020#214705.jpg,158,25,car plate,550,613,708,638
3#26EY045#07062020#124603.jpg,140,26,car plate,584,630,724,656
3#26EY045#07062020#165601.jpg,152,26,car plate,571,580,723,606
3#26EY045#07062020#210039.jpg,157,27,car plate,567,622,724,649
3#26EZ888#07062020#174341.jpg,158,25,car plate,526,630,684,655
3#26EZ888#07062020#214820.jpg,152,25,car plate,531,589,683,614
3#26FA281#08062020#113651.jpg,150,26,car plate,645,562,795,588
3#26FAC413#07062020#202556.jpg,146,27,car plate,617,515,763,542
3#26FB287#08062020#114004.jpg,157,27,car plate,583,598,740,625
3#26FB392#07062020#143732.jpg,141,27,car plate,722,612,863,639
3#26FB392#07062020#170351.jpg,158,25,car plate,529,593,687,618
3#26FB392#07062020#210829.jpg,151,25,car plate,535,542,686,567
3#26FC297#07062020#132614.jpg,144,26,car plate,568,627,712,653
3#26FC545#08062020#191658.jpg,172,29,car plate,458,655,630,684
3#26FC659#03062020#011545.jpg,152,26,car plate,583,533,735,559
3#26FC670#08062020#122638.jpg,157,27,car plate,433,590,590,617
3#26FC818#08062020#124116.jpg,169,28,car plate,517,622,686,650
3#26FC818#08062020#191626.jpg,169,28,car plate,499,656,668,684
3#26FD186#07062020#201857.jpg,158,27,car plate,734,608,892,635
3#26FE291#08062020#114638.jpg,152,26,car plate,435,597,587,623
3#26FF093#07062020#155131.jpg,59,23,car plate,774,567,833,590
3#26FF093#07062020#200422.jpg,153,26,car plate,561,596,714,622
3#26FF428#07062020#132805.jpg,140,26,car plate,615,622,755,648
3#26FF590#08062020#194803.jpg,150,26,car plate,655,550,805,576
3#26FH108#08062020#125615.jpg,157,25,car plate,591,613,748,638
3#26FH256#07062020#184028.jpg,153,25,car plate,857,624,1010,649
3#26FH260#07062020#193918.jpg,147,26,car plate,691,568,838,594
3#26FH457#07062020#161613.jpg,135,26,car plate,564,584,699,610
3#26FH457#07062020#180908.jpg,151,27,car plate,543,555,694,582
3#26FH457#07062020#221346.jpg,157,27,car plate,537,605,694,632
3#26FJ151#07062020#143758.jpg,134,27,car plate,525,610,659,637
3#26FJ379#07062020#134700.jpg,137,27,car plate,528,581,665,608
3#26FJ745#07062020#131118.jpg,141,27,car plate,642,622,783,649
3#26FJ745#07062020#182249.jpg,152,27,car plate,1082,581,1234,608
3#26FJ775#07062020#202958.jpg,151,26,car plate,511,573,662,599
3#26FK438#07062020#202654.jpg,149,26,car plate,683,545,832,571
3#26FL339#07062020#124441.jpg,75,25,car plate,649,590,724,615
3#26FM023#08062020#204754.jpg,60,23,car plate,161,563,221,586
3#26FM160#08062020#123838.jpg,152,27,car plate,726,572,878,599
3#26FM290#07062020#155009.jpg,137,27,car plate,617,616,754,643
3#26FN094#07062020#140653.jpg,135,25,car plate,523,606,658,631
3#26FN259#07062020#121508.jpg,135,26,car plate,780,563,915,589
3#26FN457#08062020#194344.jpg,159,27,car plate,443,632,602,659
3#26FP958#07062020#132054.jpg,103,27,car plate,560,619,663,646
3#26FR103#08062020#203229.jpg,133,25,car plate,372,568,505,593
3#26FR173#08062020#194051.jpg,160,27,car plate,740,651,900,678
3#26FR260#07062020#182757.jpg,151,26,car plate,507,622,658,648
3#26FR989#07062020#160404.jpg,136,24,car plate,1092,600,1228,624
3#26FR989#07062020#172201.jpg,157,27,car plate,703,605,860,632
3#26FR989#07062020#212640.jpg,150,26,car plate,702,551,852,577
3#26FS970#08062020#114039.jpg,153,27,car plate,516,608,669,635
3#26FT280#07062020#125837.jpg,141,26,car plate,577,598,718,624
3#26FU243#08062020#124049.jpg,156,25,car plate,362,623,518,648
3#26FU386#08062020#124026.jpg,151,24,car plate,535,601,686,625
3#26FU500#08062020#122850.jpg,153,24,car plate,436,600,589,624
3#26FV306#08062020#194043.jpg,152,25,car plate,648,567,800,592
3#26FY524#08062020#193946.jpg,163,25,car plate,398,635,561,660
3#26GA064#07062020#192748.jpg,157,26,car plate,476,615,633,641
3#26GA348#07062020#195856.jpg,160,28,car plate,566,602,726,630
3#26GA462#07062020#143949.jpg,142,27,car plate,637,606,779,633
3#26GA513#07062020#174724.jpg,157,26,car plate,605,603,762,629
3#26GA513#07062020#215202.jpg,157,26,car plate,605,603,762,629
3#26GA878#07062020#135808.jpg,146,28,car plate,624,620,770,648
3#26GA878#07062020#154741.jpg,145,28,car plate,602,601,747,629
3#26GA878#07062020#182502.jpg,160,26,car plate,602,574,762,600
3#26GA878#07062020#201617.jpg,164,27,car plate,536,612,700,639
3#26GA913#07062020#192816.jpg,148,26,car plate,670,565,818,591
3#26GB080#08062020#123515.jpg,160,25,car plate,613,635,773,660
3#26GB817#08062020#124504.jpg,156,27,car plate,754,600,910,627
3#26GB848#08062020#192653.jpg,147,25,car plate,663,551,810,576
3#26GC370#08062020#195749.jpg,151,25,car plate,420,619,571,644
3#26GC761#07062020#194531.jpg,147,27,car plate,701,536,848,563
3#26GC830#08062020#191322.jpg,148,25,car plate,751,527,899,552
3#26GD295#08062020#172108.jpg,159,25,car plate,676,620,835,645
3#26GD295#08062020#191120.jpg,159,25,car plate,676,620,835,645
3#26GD614#07062020#144129.jpg,42,23,car plate,672,569,714,592
3#26GD683#07062020#172824.jpg,157,25,car plate,378,625,535,650
3#26GD683#07062020#213303.jpg,148,24,car plate,390,549,538,573
3#26GD705#08062020#194241.jpg,148,26,car plate,710,486,858,512
3#26GE350#08062020#195550.jpg,159,27,car plate,700,615,859,642
3#26GE646#07062020#190512.jpg,153,26,car plate,441,587,594,613
3#26GE646#08062020#194554.jpg,148,25,car plate,396,511,544,536
3#26GE724#07062020#160412.jpg,136,28,car plate,481,601,617,629
3#26GE724#07062020#173204.jpg,149,26,car plate,636,553,785,579
3#26GE724#07062020#213642.jpg,156,27,car plate,633,606,789,633
3#26GF351#03062020#011910.jpg,146,25,car plate,602,510,748,535
3#26GH194#07062020#160507.jpg,137,27,car plate,507,583,644,610
3#26GH194#07062020#204244.jpg,153,25,car plate,337,594,490,619
3#26GH394#07062020#184021.jpg,158,26,car plate,825,605,983,631
3#26GH654#08062020#171333.jpg,145,27,car plate,752,513,897,540
3#26GH654#08062020#190749.jpg,151,29,car plate,758,619,909,648
3#26GH736#08062020#120042.jpg,159,28,car plate,659,621,818,649
3#26GH883#08062020#105639.jpg,136,25,car plate,125,638,261,663
3#26GH891#07062020#205524.jpg,150,27,car plate,689,579,839,606
3#26GH994#08062020#122041.jpg,158,27,car plate,561,633,719,660
3#26GJ180#08062020#121450.jpg,165,28,car plate,426,632,591,660
3#26GJ594#07062020#121003.jpg,136,28,car plate,694,576,830,604
3#26GJ594#07062020#181704.jpg,159,27,car plate,490,599,649,626
3#26GJ618#07062020#171910.jpg,157,27,car plate,670,603,827,630
3#26GJ618#07062020#212349.jpg,157,26,car plate,670,603,827,629
3#26GJ780#07062020#200710.jpg,152,25,car plate,538,557,690,582
3#26GJ848#07062020#135523.jpg,136,27,car plate,590,608,726,635
3#26GK239#08062020#120845.jpg,157,26,car plate,809,609,966,635
3#26GK603#07062020#134542.jpg,131,25,car plate,457,517,588,542
3#26GK603#08062020#120621.jpg,151,26,car plate,713,537,864,563
3#26GK893#07062020#171743.jpg,153,26,car plate,575,580,728,606
3#26GK893#07062020#212221.jpg,153,26,car plate,575,580,728,606
3#26GL070#08062020#125659.jpg,160,26,car plate,398,635,558,661
3#26GL479#08062020#120153.jpg,156,25,car plate,704,614,860,639
3#26GL529#08062020#125755.jpg,157,27,car plate,570,627,727,654
3#26GM367#07062020#172829.jpg,153,27,car plate,552,589,705,616
3#26GM367#07062020#213308.jpg,150,26,car plate,557,541,707,567
3#26GM595#07062020#193403.jpg,147,25,car plate,489,490,636,515
3#26GM775#07062020#154118.jpg,134,28,car plate,556,569,690,597
3#26GM775#07062020#180551.jpg,159,25,car plate,606,634,765,659
3#26GM775#07062020#221029.jpg,156,26,car plate,609,591,765,617
3#26GM997#07062020#172837.jpg,153,26,car plate,663,607,816,633
3#26GM997#07062020#213316.jpg,153,26,car plate,663,607,816,633
3#26GN354#07062020#181126.jpg,157,26,car plate,817,584,974,610
3#26GN373#07062020#122135.jpg,136,25,car plate,608,580,744,605
3#26GN610#07062020#200330.jpg,151,26,car plate,572,530,723,556
3#26GN910#07062020#154309.jpg,142,27,car plate,727,599,869,626
3#26GN910#07062020#183753.jpg,161,27,car plate,661,634,822,661
3#26GP318#07062020#200220.jpg,152,27,car plate,646,571,798,598
3#26GP571#08062020#195718.jpg,157,26,car plate,427,625,584,651
3#26GP648#07062020#180521.jpg,149,25,car plate,675,549,824,574
3#26GP648#07062020#221000.jpg,149,25,car plate,675,549,824,574
3#26GP931#08062020#130023.jpg,153,29,car plate,866,623,1019,652
3#26GR125#07062020#204504.jpg,153,26,car plate,516,602,669,628
3#26GR220#07062020#190558.jpg,153,25,car plate,367,609,520,634
3#26GR442#08062020#191242.jpg,153,27,car plate,50,592,203,619
3#26GR712#07062020#205114.jpg,146,25,car plate,666,517,812,542
3#26GR852#07062020#193729.jpg,153,27,car plate,443,595,596,622
3#26GS001#07062020#174515.jpg,124,25,car plate,578,431,702,456
3#26GS001#07062020#214954.jpg,125,25,car plate,577,431,702,456
3#26GS229#07062020#230342.jpg,162,29,car plate,718,624,880,653
3#26GS269#08062020#120112.jpg,153,25,car plate,433,512,586,537
3#26GS377#07062020#193707.jpg,153,25,car plate,644,590,797,615
3#26GS498#08062020#194319.jpg,150,26,car plate,820,560,970,586
3#26HC242#07062020#181401.jpg,148,26,car plate,444,590,592,616
3#26HC242#07062020#221839.jpg,148,26,car plate,444,590,592,616
3#26HE002#07062020#194540.jpg,159,26,car plate,423,586,582,612
3#26HG031#07062020#200752.jpg,152,27,car plate,606,619,758,646
3#26HN070#07062020#180944.jpg,152,29,car plate,709,583,861,612
3#26HN070#07062020#221422.jpg,158,29,car plate,709,625,867,654
3#26HN070#08062020#121406.jpg,150,27,car plate,809,568,959,595
3#26HS272#08062020#131903.jpg,134,25,car plate,456,623,590,648
3#26HS517#07062020#161838.jpg,129,27,car plate,414,621,543,648
3#26HS617#07062020#170814.jpg,145,27,car plate,529,609,674,636
3#26HS617#07062020#211252.jpg,142,26,car plate,534,568,676,594
3#26JAA040#07062020#203519.jpg,152,24,car plate,536,596,688,620
3#26KA085#07062020#141211.jpg,120,27,car plate,577,608,697,635
3#26KA534#07062020#134111.jpg,141,28,car plate,579,635,720,663
3#26KAK756#08062020#122829.jpg,152,23,car plate,508,630,660,653
3#26KC970#07062020#202848.jpg,145,24,car plate,454,506,599,530
3#26KD099#07062020#124249.jpg,78,25,car plate,533,614,611,639
3#26KD453#07062020#195054.jpg,159,26,car plate,527,615,686,641
3#26KD576#07062020#151858.jpg,134,24,car plate,1006,575,1140,599
3#26KE011#07062020#184007.jpg,151,25,car plate,778,609,929,634
3#26KH484#07062020#191823.jpg,158,27,car plate,672,612,830,639
3#26KK489#08062020#120908.jpg,146,27,car plate,1122,479,1268,506
3#26KK580#08062020#194436.jpg,153,26,car plate,455,589,608,615
3#26KK703#07062020#171844.jpg,151,25,car plate,244,599,395,624
3#26KK703#07062020#212323.jpg,151,25,car plate,244,599,395,624
3#26KL806#08062020#194740.jpg,149,25,car plate,487,530,636,555
3#26KN616#07062020#181344.jpg,159,27,car plate,727,626,886,653
3#26KN616#07062020#221823.jpg,149,25,car plate,725,542,874,567
3#26KN789#07062020#171957.jpg,159,27,car plate,620,607,779,634
3#26KN789#07062020#212436.jpg,149,27,car plate,625,553,774,580
3#26KN809#08062020#192617.jpg,162,26,car plate,738,646,900,672
3#26KN810#07062020#194015.jpg,148,26,car plate,694,549,842,575
3#26KN969#07062020#204656.jpg,153,24,car plate,419,600,572,624
3#26KP273#07062020#130847.jpg,124,26,car plate,707,597,831,623
3#26KP689#08062020#193149.jpg,158,24,car plate,349,649,507,673
3#26KP832#07062020#200749.jpg,158,27,car plate,554,594,712,621
3#26KR476#08062020#124656.jpg,153,26,car plate,546,612,699,638
3#26KR660#07062020#140405.jpg,142,27,car plate,578,626,720,653
3#26KR660#07062020#181533.jpg,158,26,car plate,459,589,617,615
3#26KR660#07062020#222011.jpg,152,26,car plate,467,554,619,580
3#26KR958#07062020#202123.jpg,153,26,car plate,292,589,445,615
3#26KS030#07062020#171353.jpg,161,26,car plate,499,625,660,651
3#26KS030#07062020#211831.jpg,156,25,car plate,504,586,660,611
3#26KS369#07062020#205737.jpg,151,25,car plate,595,567,746,592
3#26KS570#07062020#160436.jpg,135,27,car plate,490,582,625,609
3#26KT355#08062020#205707.jpg,136,26,car plate,373,633,509,659
3#26KU876#07062020#132227.jpg,137,26,car plate,849,634,986,660
3#26KU876#07062020#201707.jpg,151,26,car plate,694,581,845,607
3#26KV021#07062020#160403.jpg,135,27,car plate,418,611,553,638
3#26KY189#07062020#204525.jpg,179,37,car plate,378,569,557,606
3#26KY529#08062020#120839.jpg,158,26,car plate,614,620,772,646
3#26KY736#07062020#141916.jpg,140,27,car plate,575,613,715,640
3#26KY986#07062020#195243.jpg,157,25,car plate,514,601,671,626
3#26KY986#08062020#130231.jpg,146,24,car plate,625,581,771,605
3#26LA562#07062020#140733.jpg,142,28,car plate,719,619,861,647
3#26LA838#07062020#153312.jpg,135,27,car plate,413,606,548,633
3#26LA859#08062020#114621.jpg,153,25,car plate,700,583,853,608
3#26LA919#07062020#203025.jpg,163,28,car plate,362,608,525,636
3#26LA919#07062020#203025.jpg,115,36,car plate,219,515,334,551
3#26LC201#07062020#121655.jpg,134,25,car plate,632,614,766,639
3#26LC227#07062020#013220.jpg,38,23,car plate,954,567,992,590
3#26LC374#07062020#171418.jpg,151,26,car plate,455,559,606,585
3#26LC374#07062020#211856.jpg,151,26,car plate,455,559,606,585
3#26LC616#08062020#195302.jpg,162,27,car plate,515,656,677,683
3#26LC702#07062020#131824.jpg,134,28,car plate,568,578,702,606
3#26LC730#08062020#122305.jpg,156,28,car plate,349,583,505,611
3#26LC795#08062020#195320.jpg,153,24,car plate,413,621,566,645
3#26LD332#07062020#204158.jpg,158,27,car plate,695,606,853,633
3#26LD335#07062020#134117.jpg,135,25,car plate,787,564,922,589
3#26LD344#07062020#195947.jpg,143,26,car plate,584,490,727,516
3#26LD813#07062020#182912.jpg,153,26,car plate,725,588,878,614
3#26LD989#07062020#123516.jpg,140,29,car plate,445,609,585,638
3#26LE300#08062020#125831.jpg,157,25,car plate,584,612,741,637
3#26LE326#07062020#132737.jpg,131,25,car plate,735,564,866,589
3#26LE361#07062020#194413.jpg,157,26,car plate,387,599,544,625
3#26LE690#07062020#144250.jpg,135,25,car plate,739,577,874,602
3#26LE826#07062020#170228.jpg,148,26,car plate,890,537,1038,563
3#26LE826#07062020#210706.jpg,156,28,car plate,895,589,1051,617
3#26LE863#08062020#124033.jpg,150,24,car plate,475,552,625,576
3#26LF136#07062020#181626.jpg,158,26,car plate,559,558,717,584
3#26LF145#07062020#194850.jpg,159,28,car plate,676,617,835,645
3#26LF223#07062020#135622.jpg,136,24,car plate,564,581,700,605
3#26LF223#07062020#204817.jpg,152,27,car plate,535,569,687,596
3#26LF345#07062020#132147.jpg,141,28,car plate,442,616,583,644
3#26LF398#07062020#153315.jpg,144,28,car plate,589,613,733,641
3#26LF543#07062020#152704.jpg,143,26,car plate,588,607,731,633
3#26LF728#07062020#195454.jpg,150,26,car plate,589,573,739,599
3#26LF777#07062020#140406.jpg,140,26,car plate,692,604,832,630
3#26LF777#07062020#203114.jpg,158,26,car plate,634,616,792,642
3#26LF822#03062020#004633.jpg,146,24,car plate,808,586,954,610
3#26LF822#07062020#143115.jpg,136,26,car plate,544,592,680,618
3#26LF829#07062020#173137.jpg,152,26,car plate,493,567,645,593
3#26LF829#07062020#213616.jpg,142,24,car plate,507,439,649,463
3#26LF875#07062020#135726.jpg,137,26,car plate,576,630,713,656
3#26LF888#08062020#124206.jpg,150,27,car plate,529,588,679,615
3#26LF899#07062020#133914.jpg,133,28,car plate,463,582,596,610
3#26LF987#07062020#222558.jpg,153,25,car plate,626,575,779,600
3#26LG014#07062020#183844.jpg,156,28,car plate,996,623,1152,651
3#26LG023#07062020#152700.jpg,76,24,car plate,593,583,669,607
3#26LG034#07062020#132656.jpg,141,26,car plate,748,618,889,644
3#26LG112#07062020#151506.jpg,140,27,car plate,632,617,772,644
3#26LG112#07062020#180124.jpg,153,26,car plate,511,582,664,608
3#26LG112#07062020#220603.jpg,156,26,car plate,510,582,666,608
3#26MA0380#07062020#184915.jpg,157,28,car plate,608,619,765,647
3#26MA268#07062020#181210.jpg,158,26,car plate,374,578,532,604
3#26MA268#07062020#221649.jpg,160,26,car plate,369,615,529,641
3#26NA005#07062020#205534.jpg,157,26,car plate,772,609,929,635
3#26NA527#07062020#190832.jpg,156,27,car plate,724,621,880,648
3#26NA612#07062020#201033.jpg,156,26,car plate,470,587,626,613
3#26NA855#07062020#204719.jpg,156,27,car plate,624,609,780,636
3#26NA928#07062020#192447.jpg,150,29,car plate,1047,618,1197,647
3#26NC169#07062020#193946.jpg,157,26,car plate,560,607,717,633
3#26NC245#08062020#145852.jpg,161,27,car plate,821,622,982,649
3#26NC630#03062020#011245.jpg,147,24,car plate,501,546,648,570
3#26ND112#07062020#160827.jpg,134,29,car plate,538,589,672,618
3#26ND112#07062020#185507.jpg,152,26,car plate,707,613,859,639
3#26ND215#07062020#174303.jpg,153,27,car plate,621,588,774,615
3#26ND215#07062020#214742.jpg,153,27,car plate,621,588,774,615
3#26NE059#07062020#193610.jpg,150,26,car plate,728,569,878,595
3#26NE321#08062020#144824.jpg,158,25,car plate,1055,619,1213,644
3#26NE604#07062020#121559.jpg,142,27,car plate,770,622,912,649
3#26NE604#07062020#183050.jpg,153,25,car plate,492,557,645,582
3#26NE771#07062020#191108.jpg,156,25,car plate,557,630,713,655
3#26NF020#07062020#155739.jpg,140,26,car plate,524,623,664,649
3#26NF321#07062020#204716.jpg,156,27,car plate,451,624,607,651
3#26NF372#07062020#191557.jpg,159,26,car plate,469,632,628,658
3#26NK106#07062020#173344.jpg,161,27,car plate,380,557,541,584
3#26NK106#07062020#213823.jpg,167,27,car plate,370,596,537,623
3#26NK173#07062020#171826.jpg,151,26,car plate,380,583,531,609
3#26NK173#07062020#212304.jpg,153,26,car plate,380,583,533,609
3#26NK353#07062020#160156.jpg,50,23,car plate,673,623,723,646
3#26NK353#07062020#204245.jpg,157,26,car plate,363,606,520,632
3#26NL451#07062020#155421.jpg,134,28,car plate,498,590,632,618
3#26NL451#07062020#201223.jpg,148,26,car plate,663,555,811,581
3#26NL451#07062020#204606.jpg,152,26,car plate,653,586,805,612
3#26NL538#07062020#183726.jpg,152,26,car plate,638,575,790,601
3#26NL538#08062020#114108.jpg,160,26,car plate,539,639,699,665
3#26NL598#08062020#194002.jpg,159,26,car plate,356,652,515,678
3#26NN239#08062020#120415.jpg,153,27,car plate,522,595,675,622
3#26NN397#07062020#130448.jpg,136,26,car plate,718,615,854,641
3#26NP045#08062020#111142.jpg,134,23,car plate,700,598,834,621
3#26NP048#07062020#200735.jpg,156,25,car plate,870,583,1026,608
3#26NP083#07062020#142019.jpg,83,24,car plate,653,613,736,637
3#26NP228#08062020#115641.jpg,157,27,car plate,599,613,756,640
3#26NR299#08062020#192655.jpg,164,28,car plate,604,650,768,678
3#26NR609#08062020#195239.jpg,157,26,car plate,454,610,611,636
3#26NR757#07062020#173816.jpg,159,26,car plate,718,628,877,654
3#26NR757#07062020#214254.jpg,151,26,car plate,717,582,868,608
3#26NS517#08062020#171303.jpg,156,27,car plate,459,609,615,636
3#26NS517#08062020#190719.jpg,160,28,car plate,454,647,614,675
3#26NT014#07062020#194039.jpg,153,26,car plate,585,592,738,618
3#26NT173#07062020#202104.jpg,150,26,car plate,577,545,727,571
3#26NT180#08062020#192616.jpg,156,26,car plate,446,609,602,635
3#26NT741#08062020#194944.jpg,151,27,car plate,548,593,699,620
3#26NT880#07062020#160914.jpg,137,26,car plate,583,615,720,641
3#26NT880#07062020#183050.jpg,153,29,car plate,721,584,874,613
3#26NT919#07062020#124607.jpg,120,25,car plate,737,625,857,650
3#26NU225#08062020#122853.jpg,151,25,car plate,559,590,710,615
3#26NU225#08062020#194520.jpg,159,25,car plate,664,670,823,695
3#26NU243#08062020#125744.jpg,146,24,car plate,463,548,609,572
3#26NU357#07062020#175347.jpg,156,28,car plate,456,596,612,624
3#26NU357#07062020#215826.jpg,156,28,car plate,456,596,612,624
3#26NU389#07062020#141218.jpg,135,23,car plate,1091,579,1226,602
3#26NU389#07062020#225837.jpg,145,23,car plate,100,528,245,551
3#26NU544#08062020#193039.jpg,149,25,car plate,325,565,474,590
3#26NV621#08062020#193941.jpg,158,27,car plate,447,630,605,657
3#26NY468#07062020#204740.jpg,150,26,car plate,404,525,554,551
3#26NY561#08062020#121903.jpg,151,27,car plate,604,583,755,610
3#26NZ099#08062020#121332.jpg,152,27,car plate,724,558,876,585
3#26NZ147#07062020#155733.jpg,125,25,car plate,558,545,683,570
3#26NZ147#07062020#202500.jpg,161,27,car plate,660,583,821,610
3#26NZ254#07062020#155811.jpg,137,27,car plate,530,610,667,637
3#26NZ254#07062020#194327.jpg,149,25,car plate,350,565,499,590
3#26NZ443#07062020#183253.jpg,152,24,car plate,493,576,645,600
3#26NZ626#07062020#152024.jpg,107,25,car plate,750,576,857,601
3#26NZ955#08062020#130100.jpg,159,29,car plate,547,634,706,663
3#26PA653#07062020#173729.jpg,157,26,car plate,446,590,603,616
3#26PA653#07062020#214207.jpg,157,26,car plate,446,590,603,616
3#26PA909#07062020#124359.jpg,140,26,car plate,656,598,796,624
3#26PA931#07062020#141553.jpg,134,28,car plate,570,598,704,626
3#26PA931#07062020#175622.jpg,151,25,car plate,476,589,627,614
3#26PA931#07062020#220101.jpg,151,25,car plate,476,589,627,614
3#26PC176#07062020#202009.jpg,159,27,car plate,547,622,706,649
3#26PC474#07062020#205036.jpg,156,23,car plate,432,583,588,606
3#26PC639#07062020#194842.jpg,158,25,car plate,775,620,933,645
3#26PC900#07062020#193142.jpg,157,26,car plate,429,527,586,553
3#26PD207#07062020#122452.jpg,135,27,car plate,527,576,662,603
3#26PF103#07062020#200920.jpg,151,26,car plate,519,593,670,619
3#26PF412#07062020#205545.jpg,146,25,car plate,696,497,842,522
3#26PF412#08062020#124110.jpg,144,27,car plate,958,489,1102,516
3#26PF623#07062020#135925.jpg,140,26,car plate,546,611,686,637
3#26PF623#07062020#172113.jpg,150,27,car plate,653,550,803,577
3#26PF623#07062020#212551.jpg,149,27,car plate,653,550,802,577
3#26PF957#07062020#172543.jpg,153,26,car plate,338,601,491,627
3#26PF957#07062020#213022.jpg,153,26,car plate,338,601,491,627
3#26PH511#07062020#205350.jpg,149,26,car plate,652,583,801,609
3#26PH677#07062020#121458.jpg,140,24,car plate,823,623,963,647
3#26PK589#08062020#114847.jpg,156,27,car plate,622,625,778,652
3#26PK909#07062020#183613.jpg,152,25,car plate,434,607,586,632
3#26PL545#08062020#212633.jpg,133,24,car plate,763,585,896,609
3#26PN387#08062020#125832.jpg,158,25,car plate,621,607,779,632
3#26PN460#07062020#200253.jpg,149,24,car plate,437,555,586,579
3#26PN749#08062020#195341.jpg,158,27,car plate,694,605,852,632
3#26PP208#07062020#173829.jpg,153,26,car plate,643,609,796,635
3#26PP208#07062020#214307.jpg,153,26,car plate,643,609,796,635
3#26PP636#07062020#135816.jpg,137,26,car plate,796,598,933,624
3#26PP742#07062020#201418.jpg,151,25,car plate,695,561,846,586
3#26PP825#08062020#124308.jpg,158,25,car plate,653,620,811,645
3#26PP924#07062020#201648.jpg,156,27,car plate,438,587,594,614
3#26PR516#07062020#205328.jpg,160,26,car plate,472,616,632,642
3#26PR871#08062020#171554.jpg,156,26,car plate,584,649,740,675
3#26PR871#08062020#190903.jpg,151,26,car plate,585,609,736,635
3#26PS042#07062020#203251.jpg,149,34,car plate,1079,530,1228,564
3#26PS346#07062020#142026.jpg,143,29,car plate,544,615,687,644
3#26PT149#07062020#134945.jpg,141,28,car plate,519,623,660,651
3#26PT177#07062020#194048.jpg,150,26,car plate,623,552,773,578
3#26PT177#08062020#120544.jpg,156,27,car plate,801,581,957,608
3#26PT489#08062020#193547.jpg,153,27,car plate,656,579,809,606
3#26PT740#08062020#192224.jpg,157,25,car plate,500,610,657,635
3#26PU241#08062020#193318.jpg,144,27,car plate,649,613,793,640
3#26PU445#07062020#180250.jpg,153,27,car plate,553,578,706,605
3#26PU445#07062020#220728.jpg,150,26,car plate,555,536,705,562
3#26PU707#07062020#145607.jpg,133,26,car plate,562,572,695,598
3#26PV350#07062020#193521.jpg,146,27,car plate,986,519,1132,546
3#26PV359#07062020#141026.jpg,76,24,car plate,545,580,621,604
3#26PV664#07062020#182758.jpg,158,27,car plate,591,628,749,655
3#26PV830#07062020#130423.jpg,137,26,car plate,622,595,759,621
3#26PY103#07062020#140915.jpg,146,29,car plate,563,605,709,634
3#26PY103#07062020#161050.jpg,146,32,car plate,533,595,679,627
3#26PY103#07062020#183755.jpg,165,27,car plate,622,607,787,634
3#26PY103#07062020#203843.jpg,161,27,car plate,485,589,646,616
3#26PY1031#07062020#013123.jpg,147,27,car plate,801,603,948,630
3#26PZ525#08062020#194443.jpg,151,26,car plate,442,573,593,599
3#26RA317#08062020#194532.jpg,147,26,car plate,952,545,1099,571
3#26RA361#08062020#193025.jpg,157,26,car plate,925,663,1082,689
3#26RA450#08062020#123356.jpg,152,26,car plate,344,586,496,612
3#26RC730#07062020#130201.jpg,136,26,car plate,761,603,897,629
3#26RD051#07062020#182549.jpg,153,26,car plate,631,599,784,625
3#26RD326#08062020#130056.jpg,157,26,car plate,619,575,776,601
3#26RD768#07062020#152556.jpg,136,25,car plate,629,597,765,622
3#26RD781#08062020#115413.jpg,148,24,car plate,733,576,881,600
3#26RD902#03062020#005952.jpg,157,25,car plate,213,617,370,642
3#26RE040#07062020#143418.jpg,76,25,car plate,545,572,621,597
3#26RE040#07062020#183733.jpg,157,26,car plate,440,587,597,613
3#26RE354#07062020#180324.jpg,152,24,car plate,588,573,740,597
3#26RE354#07062020#220803.jpg,152,24,car plate,588,573,740,597
3#26RE639#08062020#123302.jpg,149,26,car plate,548,548,697,574
3#26RF160#07062020#202956.jpg,152,24,car plate,564,565,716,589
3#26RF243#07062020#184557.jpg,157,25,car plate,260,624,417,649
3#26RF243#08062020#120356.jpg,156,25,car plate,475,611,631,636
3#26RF454#08062020#130129.jpg,153,26,car plate,547,568,700,594
3#26RF529#08062020#115434.jpg,145,24,car plate,554,486,699,510
3#26RF563#08062020#120520.jpg,160,26,car plate,467,625,627,651
3#26RF572#08062020#152026.jpg,158,29,car plate,526,630,684,659
3#26RH009#08062020#202146.jpg,121,26,car plate,523,621,644,647
3#26RH113#07062020#122828.jpg,133,25,car plate,792,576,925,601
3#26RH216#07062020#182016.jpg,151,27,car plate,1010,590,1161,617
3#26RH930#08062020#125906.jpg,156,27,car plate,591,601,747,628
3#26RK550#07062020#192523.jpg,151,27,car plate,1118,607,1269,634
3#26RK970#07062020#180621.jpg,158,25,car plate,496,612,654,637
3#26RK970#07062020#221059.jpg,150,25,car plate,502,567,652,592
3#26RL008#07062020#170953.jpg,150,24,car plate,467,552,617,576
3#26RL008#07062020#211431.jpg,151,24,car plate,467,552,618,576
3#26RL327#07062020#195041.jpg,153,25,car plate,244,608,397,633
3#26RL399#07062020#172528.jpg,158,24,car plate,553,603,711,627
3#26RL399#07062020#213006.jpg,158,24,car plate,553,603,711,627
3#26RL483#08062020#193227.jpg,160,25,car plate,594,650,754,675
3#26RL575#07062020#172429.jpg,153,26,car plate,563,610,716,636
3#26RL575#07062020#212908.jpg,153,25,car plate,563,610,716,635
3#26RL742#07062020#201525.jpg,157,32,car plate,913,588,1070,620
3#26RL956#07062020#180241.jpg,157,25,car plate,511,597,668,622
3#26RL956#07062020#220720.jpg,156,25,car plate,511,597,667,622
3#26RN075#07062020#182430.jpg,159,26,car plate,372,604,531,630
3#26RN169#07062020#175930.jpg,152,26,car plate,586,593,738,619
3#26RN169#07062020#220409.jpg,152,26,car plate,586,593,738,619
3#26RN525#07062020#131535.jpg,142,26,car plate,635,631,777,657
3#26RN525#07062020#191036.jpg,157,27,car plate,406,598,563,625
3#26RN807#03062020#175626.jpg,190,32,car plate,800,583,990,615
3#26RP347#08062020#192023.jpg,158,26,car plate,596,636,754,662
3#26RP675#07062020#202840.jpg,157,25,car plate,515,605,672,630
3#26RR489#07062020#204124.jpg,152,27,car plate,948,590,1100,617
3#26RS240#08062020#194212.jpg,167,33,car plate,789,640,956,673
3#26RS317#08062020#193152.jpg,160,28,car plate,650,660,810,688
3#26RS417#07062020#190940.jpg,150,24,car plate,453,554,603,578
3#26RS435#07062020#173032.jpg,157,26,car plate,557,616,714,642
3#26RS435#07062020#213510.jpg,158,26,car plate,557,616,715,642
3#26RS439#07062020#201135.jpg,157,26,car plate,502,613,659,639
3#26RS944#07062020#154009.jpg,137,24,car plate,947,609,1084,633
3#26RS944#07062020#201835.jpg,153,26,car plate,619,604,772,630
3#26RT310#05062020#102832.jpg,181,27,car plate,764,515,945,542
3#26RT384#08062020#125724.jpg,157,25,car plate,725,608,882,633
3#26RT471#07062020#161010.jpg,135,29,car plate,428,578,563,607
3#26RT900#07062020#201749.jpg,158,26,car plate,732,617,890,643
3#26RU007#07062020#201644.jpg,156,25,car plate,544,606,700,631
3#26RU493#07062020#201704.jpg,163,28,car plate,675,592,838,620
3#26RU508#08062020#115308.jpg,153,26,car plate,568,604,721,630
3#26RU802#08062020#125443.jpg,157,25,car plate,793,631,950,656
3#26RU895#07062020#204006.jpg,157,28,car plate,884,601,1041,629
3#26RV083#08062020#124331.jpg,151,25,car plate,708,576,859,601
3#26RV847#08062020#195246.jpg,158,27,car plate,137,631,295,658
3#26RY044#07062020#175333.jpg,150,25,car plate,561,561,711,586
3#26RY044#07062020#215811.jpg,150,25,car plate,561,561,711,586
3#26RY559#07062020#182227.jpg,156,25,car plate,630,591,786,616
3#26RZ101#08062020#123615.jpg,144,29,car plate,1071,526,1215,555
3#26RZ879#07062020#203425.jpg,153,25,car plate,528,570,681,595
3#26S0046#07062020#185901.jpg,151,25,car plate,420,555,571,580
3#26S0067#07062020#193211.jpg,146,25,car plate,587,513,733,538
3#26S0143#07062020#182230.jpg,159,25,car plate,661,615,820,640
3#26S0932#07062020#191319.jpg,152,26,car plate,509,577,661,603
3#26S1129#07062020#195848.jpg,146,27,car plate,732,538,878,565
3#26S1322#07062020#193640.jpg,156,27,car plate,612,594,768,621
3#26S1351#07062020#193053.jpg,151,26,car plate,467,603,618,629
3#26S6060#08062020#203318.jpg,134,25,car plate,80,604,214,629
3#26S6090#08062020#204131.jpg,141,26,car plate,215,648,356,674
3#26SA416#07062020#171525.jpg,151,26,car plate,739,574,890,600
3#26SA416#07062020#212003.jpg,151,26,car plate,739,574,890,600
3#26SA510#08062020#114821.jpg,159,26,car plate,574,631,733,657
3#26SA579#08062020#122856.jpg,157,26,car plate,589,585,746,611
3#26SA722#07062020#184919.jpg,147,25,car plate,614,544,761,569
3#26SC251#07062020#204759.jpg,152,28,car plate,851,592,1003,620
3#26SC332#07062020#171402.jpg,151,25,car plate,592,554,743,579
3#26SC332#07062020#211840.jpg,157,25,car plate,587,598,744,623
3#26SC359#07062020#210001.jpg,160,25,car plate,263,622,423,647
3#26SC376#08062020#120610.jpg,135,25,car plate,615,586,750,611
3#26SC541#07062020#173226.jpg,148,26,car plate,517,558,665,584
3#26SC541#07062020#213705.jpg,135,25,car plate,534,431,669,456
3#26SD265#07062020#140954.jpg,144,26,car plate,517,634,661,660
3#26SD265#07062020#174319.jpg,152,28,car plate,796,522,948,550
3#26SD265#07062020#214758.jpg,157,28,car plate,800,563,957,591
3#26SE080#08062020#124003.jpg,151,26,car plate,732,600,883,626
3#26SE262#07062020#162538.jpg,140,26,car plate,660,583,800,609
3#26SE340#07062020#123927.jpg,134,25,car plate,615,571,749,596
3#26SE343#08062020#192659.jpg,153,24,car plate,470,605,623,629
3#26SE879#08062020#192055.jpg,148,24,car plate,660,548,808,572
3#26SF059#07062020#184843.jpg,157,26,car plate,612,590,769,616
3#26SF173#07062020#171242.jpg,158,27,car plate,660,631,818,658
3#26SF173#07062020#211721.jpg,152,25,car plate,661,586,813,611
3#26SF413#08062020#193414.jpg,149,27,car plate,572,538,721,565
3#26SF925#07062020#191511.jpg,151,26,car plate,761,632,912,658
3#26SH152#07062020#134457.jpg,135,26,car plate,663,603,798,629
3#26SH152#07062020#201145.jpg,153,27,car plate,441,606,594,633
3#26SH300#05062020#102500.jpg,201,29,car plate,621,578,822,607
3#26SH717#07062020#175231.jpg,158,28,car plate,692,624,850,652
3#26SH717#07062020#215709.jpg,147,28,car plate,694,521,841,549
3#26SH926#07062020#123241.jpg,79,24,car plate,580,630,659,654
3#26SH926#07062020#180559.jpg,152,26,car plate,501,556,653,582
3#26SH926#07062020#221038.jpg,152,26,car plate,501,556,653,582
3#26SK113#07062020#195050.jpg,151,25,car plate,557,567,708,592
3#26SK218#07062020#182750.jpg,149,25,car plate,302,563,451,588
3#26SK688#08062020#121748.jpg,160,27,car plate,633,646,793,673
3#26SK918#07062020#151633.jpg,136,25,car plate,602,576,738,601
3#26SL191#07062020#183710.jpg,150,25,car plate,412,607,562,632
3#26SL299#07062020#140055.jpg,144,27,car plate,558,578,702,605
3#26SL299#07062020#160352.jpg,113,26,car plate,646,572,759,598
3#26SL299#07062020#182520.jpg,162,26,car plate,713,594,875,620
3#26SL299#07062020#202930.jpg,166,26,car plate,381,619,547,645
3#26SL685#07062020#181239.jpg,158,25,car plate,464,622,622,647
3#26SL685#07062020#221717.jpg,158,25,car plate,464,622,622,647
3#26SN084#08062020#121337.jpg,148,24,car plate,575,526,723,550
3#26SN717#08062020#115023.jpg,153,26,car plate,448,572,601,598
3#26SP154#07062020#171747.jpg,147,35,car plate,337,454,484,489
3#26SP154#07062020#212226.jpg,147,35,car plate,337,454,484,489
3#26SP171#08062020#122851.jpg,153,27,car plate,793,621,946,648
3#26SP579#08062020#193930.jpg,151,28,car plate,701,570,852,598
3#26SR722#07062020#122345.jpg,137,25,car plate,505,610,642,635
3#26SR722#07062020#133622.jpg,137,24,car plate,495,612,632,636
3#26SR722#07062020#220923.jpg,153,27,car plate,572,599,725,626
3#26SR7220#07062020#180444.jpg,153,27,car plate,572,599,725,626
3#26SR882#08062020#195542.jpg,152,25,car plate,643,563,795,588
3#26SS102#07062020#172656.jpg,152,25,car plate,479,569,631,594
3#26SS102#07062020#213135.jpg,156,25,car plate,473,606,629,631
3#26SS587#07062020#174800.jpg,156,25,car plate,446,561,602,586
3#26SS587#07062020#215239.jpg,159,25,car plate,440,602,599,627
3#26SS768#08062020#192307.jpg,159,29,car plate,1054,658,1213,687
3#26SS875#07062020#152425.jpg,144,26,car plate,667,660,811,686
3#26SS875#07062020#183248.jpg,157,25,car plate,562,592,719,617
3#26ST569#07062020#175002.jpg,150,26,car plate,468,546,618,572
3#26ST569#07062020#215440.jpg,157,27,car plate,458,602,615,629
3#26ST646#08062020#123207.jpg,152,29,car plate,648,584,800,613
3#26ST672#08062020#120347.jpg,159,25,car plate,609,634,768,659
3#26ST724#03062020#011428.jpg,150,24,car plate,503,573,653,597
3#26ST724#07062020#192732.jpg,156,26,car plate,478,603,634,629
3#26SU050#07062020#135409.jpg,143,26,car plate,685,624,828,650
3#26SU050#07062020#180818.jpg,157,27,car plate,479,578,636,605
3#26SU050#07062020#221257.jpg,157,27,car plate,479,578,636,605
3#26SU116#08062020#125846.jpg,153,24,car plate,438,582,591,606
3#26SU513#08062020#192429.jpg,153,26,car plate,1031,582,1184,608
3#26SU527#08062020#124935.jpg,159,26,car plate,619,620,778,646
3#26SV107#03062020#012059.jpg,162,26,car plate,437,618,599,644
3#26SV307#07062020#193221.jpg,147,26,car plate,718,523,865,549
3#26SV831#08062020#130424.jpg,147,25,car plate,679,573,826,598
3#26SY061#08062020#191141.jpg,153,27,car plate,435,605,588,632
3#26SY544#08062020#193637.jpg,156,26,car plate,326,571,482,597
3#26SY612#07062020#173953.jpg,159,25,car plate,415,612,574,637
3#26SY612#07062020#214432.jpg,158,25,car plate,415,612,573,637
3#26SY867#08062020#193120.jpg,158,26,car plate,173,624,331,650
3#26SZ180#08062020#130008.jpg,153,25,car plate,638,584,791,609
3#26SZ211#07062020#131541.jpg,134,26,car plate,567,615,701,641
3#26T0042#07062020#160000.jpg,140,26,car plate,624,626,764,652
3#26T0042#07062020#202819.jpg,151,25,car plate,752,579,903,604
3#26T0096#08062020#124658.jpg,150,25,car plate,328,549,478,574
3#26TA292#07062020#193348.jpg,157,26,car plate,402,597,559,623
3#26TA448#07062020#190026.jpg,149,29,car plate,747,523,896,552
3#26TC048#07062020#124720.jpg,133,26,car plate,500,559,633,585
3#26TC697#07062020#124717.jpg,62,25,car plate,432,603,494,628
3#26TC801#08062020#205720.jpg,134,25,car plate,552,638,686,663
3#26TE099#07062020#194348.jpg,151,26,car plate,812,568,963,594
3#26TE099#08062020#114015.jpg,157,26,car plate,734,618,891,644
3#26TE314#07062020#200719.jpg,157,27,car plate,476,586,633,613
3#26TE376#08062020#123757.jpg,159,26,car plate,478,640,637,666
3#26TE505#07062020#195524.jpg,149,25,car plate,787,561,936,586
3#26TE516#07062020#131028.jpg,142,27,car plate,600,631,742,658
3#26TF105#07062020#180952.jpg,153,26,car plate,445,558,598,584
3#26TF105#07062020#221430.jpg,153,25,car plate,445,558,598,583
3#26TF294#07062020#204557.jpg,160,26,car plate,514,588,674,614
3#26TF889#08062020#195405.jpg,156,25,car plate,568,629,724,654
3#26TF952#07062020#165723.jpg,149,25,car plate,736,536,885,561
3#26TF952#07062020#210202.jpg,149,25,car plate,736,536,885,561
3#26TH387#08062020#171558.jpg,150,25,car plate,608,556,758,581
3#26TH387#08062020#190907.jpg,150,25,car plate,608,556,758,581
3#26TH623#08062020#192458.jpg,131,25,car plate,785,547,916,572
3#26TH627#08062020#194720.jpg,152,24,car plate,500,602,652,626
3#26TH650#07062020#183802.jpg,150,26,car plate,508,548,658,574
3#26TK410#07062020#141324.jpg,142,27,car plate,532,631,674,658
3#26TK605#07062020#142356.jpg,137,27,car plate,511,606,648,633
3#26TK991#07062020#183044.jpg,149,27,car plate,725,572,874,599
3#26TL054#07062020#165949.jpg,153,26,car plate,710,588,863,614
3#26TL054#07062020#210428.jpg,159,27,car plate,706,628,865,655
3#26TL657#07062020#182046.jpg,156,28,car plate,1115,623,1271,651
3#26TL919#07062020#200716.jpg,165,29,car plate,507,615,672,644
3#26TL953#08062020#120430.jpg,156,24,car plate,747,581,903,605
3#26TN432#07062020#204014.jpg,153,26,car plate,563,598,716,624
3#26TP530#08062020#113646.jpg,151,24,car plate,686,570,837,594
3#26TP539#08062020#122207.jpg,148,26,car plate,587,550,735,576
3#26TR181#08062020#195339.jpg,156,26,car plate,572,626,728,652
3#26TR279#07062020#175444.jpg,157,26,car plate,593,623,750,649
3#26TR279#07062020#215923.jpg,157,26,car plate,593,623,750,649
3#26TS072#08062020#193049.jpg,158,27,car plate,489,630,647,657
3#26TS088#07062020#131614.jpg,109,27,car plate,575,585,684,612
3#26TS416#07062020#133943.jpg,136,27,car plate,460,587,596,614
3#26TS416#07062020#141208.jpg,77,25,car plate,447,630,524,655
3#26TS416#07062020#184125.jpg,158,25,car plate,597,620,755,645
3#26TS857#07062020#133440.jpg,120,25,car plate,537,565,657,590
3#26TS857#07062020#190506.jpg,157,27,car plate,465,622,622,649
3#26TT062#07062020#192145.jpg,157,25,car plate,595,611,752,636
3#26TT618#07062020#151636.jpg,140,27,car plate,490,613,630,640
3#26TT618#07062020#182532.jpg,158,26,car plate,496,616,654,642
3#26TT927#07062020#185451.jpg,158,26,car plate,511,613,669,639
3#26TU013#08062020#194204.jpg,146,24,car plate,669,531,815,555
3#26TV036#08062020#120707.jpg,158,27,car plate,732,632,890,659
3#26TV349#08062020#125632.jpg,152,26,car plate,407,579,559,605
3#26TV432#08062020#123819.jpg,149,25,car plate,597,528,746,553
3#26TV453#07062020#193108.jpg,148,26,car plate,585,543,733,569
3#26TV724#08062020#195724.jpg,153,25,car plate,340,603,493,628
3#26TY092#07062020#202641.jpg,151,25,car plate,406,549,557,574
3#26TY295#03062020#010840.jpg,159,27,car plate,294,626,453,653
3#26TY384#08062020#192054.jpg,153,28,car plate,728,577,881,605
3#26TY652#08062020#192935.jpg,158,28,car plate,679,624,837,652
3#26TY704#07062020#203038.jpg,158,26,car plate,395,604,553,630
3#26TY881#07062020#181659.jpg,156,26,car plate,399,620,555,646
3#26TZ309#08062020#123250.jpg,148,24,car plate,641,542,789,566
3#26TZ374#03062020#004508.jpg,140,23,car plate,824,501,964,524
3#26TZ457#07062020#182848.jpg,150,26,car plate,475,556,625,582
3#26TZ502#07062020#193834.jpg,158,26,car plate,560,621,718,647
3#26UA110#07062020#194405.jpg,159,27,car plate,611,608,770,635
3#26UA560#07062020#170220.jpg,161,27,car plate,609,605,770,632
3#26UA560#07062020#210658.jpg,161,27,car plate,609,605,770,632
3#26UA625#07062020#194633.jpg,156,27,car plate,582,608,738,635
3#26UC462#07062020#202423.jpg,152,25,car plate,580,584,732,609
3#26UC725#07062020#145916.jpg,142,26,car plate,471,602,613,628
3#26UC725#07062020#191807.jpg,150,25,car plate,161,528,311,553
3#26UD260#08062020#130125.jpg,152,27,car plate,938,571,1090,598
3#26UE409#07062020#183943.jpg,130,25,car plate,790,527,920,552
3#26UE489#07062020#185959.jpg,150,25,car plate,798,537,948,562
3#26UE759#07062020#133016.jpg,141,28,car plate,488,624,629,652
3#26UE759#07062020#171659.jpg,158,27,car plate,615,623,773,650
3#26UE759#07062020#212137.jpg,158,27,car plate,615,623,773,650
3#26UH608#08062020#172058.jpg,150,25,car plate,670,562,820,587
3#26UH608#08062020#191110.jpg,162,26,car plate,672,651,834,677
3#26UK117#08062020#195241.jpg,157,26,car plate,620,612,777,638
3#26UK749#07062020#175149.jpg,153,24,car plate,418,583,571,607
3#26UK749#07062020#215628.jpg,152,24,car plate,418,582,570,606
3#26UL016#07062020#140510.jpg,148,29,car plate,498,632,646,661
3#26UL016#07062020#153736.jpg,142,28,car plate,480,570,622,598
3#26UL016#07062020#200456.jpg,162,27,car plate,506,580,668,607
3#26UL212#08062020#192224.jpg,164,26,car plate,524,652,688,678
3#26UL225#08062020#121642.jpg,152,25,car plate,643,589,795,614
3#26UL505#08062020#193559.jpg,152,25,car plate,667,596,819,621
3#26UN840#08062020#193651.jpg,156,25,car plate,234,610,390,635
3#26UP383#07062020#181627.jpg,151,26,car plate,753,550,904,576
3#26UR840#07062020#171917.jpg,160,25,car plate,530,619,690,644
3#26UR840#07062020#212356.jpg,160,26,car plate,530,619,690,645
3#26UR971#07062020#142422.jpg,134,26,car plate,748,591,882,617
3#26UR971#07062020#182635.jpg,152,27,car plate,580,601,732,628
3#26UR971#07062020#203857.jpg,144,25,car plate,466,504,610,529
3#26US674#03062020#005509.jpg,142,25,car plate,937,563,1079,588
3#26US761#07062020#174848.jpg,153,26,car plate,516,604,669,630
3#26US761#07062020#215327.jpg,151,26,car plate,520,570,671,596
3#26UT474#08062020#131906.jpg,46,23,car plate,597,527,643,550
3#26UT740#07062020#124525.jpg,141,28,car plate,357,613,498,641
3#26UT744#07062020#125605.jpg,144,25,car plate,682,630,826,655
3#26UU002#07062020#205628.jpg,157,29,car plate,816,608,973,637
3#26UU122#08062020#114129.jpg,157,25,car plate,642,612,799,637
3#26UU269#07062020#182909.jpg,156,25,car plate,605,571,761,596
3#26UU269#08062020#121824.jpg,157,27,car plate,676,596,833,623
3#26UU847#07062020#134336.jpg,140,26,car plate,696,611,836,637
3#26UV225#07062020#152600.jpg,143,27,car plate,701,603,844,630
3#26UV668#08062020#194052.jpg,162,27,car plate,640,659,802,686
3#26UV764#07062020#205421.jpg,157,26,car plate,719,608,876,634
3#26UV803#07062020#203414.jpg,151,24,car plate,244,567,395,591
3#26UV871#07062020#141347.jpg,137,27,car plate,673,612,810,639
3#26UY057#07062020#181738.jpg,153,26,car plate,324,550,477,576
3#26UY154#07062020#161101.jpg,143,27,car plate,386,631,529,658
3#26UY350#07062020#200451.jpg,161,26,car plate,608,608,769,634
3#26UY712#07062020#144905.jpg,130,25,car plate,772,580,902,605
3#26UZ186#07062020#160741.jpg,141,26,car plate,710,632,851,658
3#26VA259#03062020#010845.jpg,162,26,car plate,431,618,593,644
3#26VA316#07062020#124242.jpg,141,25,car plate,570,613,711,638
3#26VD274#07062020#193625.jpg,152,26,car plate,774,576,926,602
3#26VD827#08062020#121733.jpg,160,27,car plate,513,598,673,625
3#26VE010#07062020#124527.jpg,140,24,car plate,869,597,1009,621
3#26VE010#07062020#192143.jpg,150,25,car plate,503,545,653,570
3#26VE675#08062020#130005.jpg,151,26,car plate,698,535,849,561
3#26VE954#07062020#192947.jpg,149,25,car plate,785,548,934,573
3#26VF184#08062020#195519.jpg,156,26,car plate,420,602,576,628
3#26VF530#07062020#162325.jpg,140,25,car plate,738,601,878,626
3#26VF948#07062020#132049.jpg,141,26,car plate,555,593,696,619
3#26VH790#07062020#131227.jpg,104,26,car plate,703,574,807,600
3#26VH790#07062020#173141.jpg,146,26,car plate,900,536,1046,562
3#26VH790#07062020#213619.jpg,147,26,car plate,900,536,1047,562
3#26VH832#07062020#140747.jpg,121,26,car plate,748,611,869,637
3#26VH907#07062020#190821.jpg,135,23,car plate,687,577,822,600
3#26VK268#07062020#184853.jpg,158,27,car plate,573,560,731,587
3#26VK498#08062020#114908.jpg,149,24,car plate,500,529,649,553
3#26VK884#08062020#114319.jpg,148,26,car plate,624,521,772,547
3#26VL019#07062020#154538.jpg,76,25,car plate,640,606,716,631
3#26VL110#08062020#192249.jpg,152,25,car plate,379,575,531,600
3#26VL143#07062020#192423.jpg,153,27,car plate,448,615,601,642
3#26VL144#07062020#160758.jpg,136,24,car plate,687,596,823,620
3#26VL144#07062020#185526.jpg,153,28,car plate,551,608,704,636
3#26VL199#08062020#125628.jpg,157,25,car plate,475,633,632,658
3#26VL325#08062020#114156.jpg,160,29,car plate,745,638,905,667
3#26VL422#07062020#134658.jpg,142,29,car plate,567,622,709,651
3#26VL422#07062020#161208.jpg,140,28,car plate,619,595,759,623
3#26VL422#07062020#201020.jpg,149,25,car plate,716,550,865,575
3#26VL4510#07062020#182815.jpg,164,33,car plate,546,594,710,627
3#26VL510#07062020#140536.jpg,141,25,car plate,596,537,737,562
3#26VL5101#07062020#153639.jpg,145,26,car plate,551,588,696,614
3#26VL639#07062020#135934.jpg,103,25,car plate,599,605,702,630
3#26VL802#08062020#120801.jpg,162,29,car plate,503,664,665,693
3#26VN204#08062020#191207.jpg,151,25,car plate,456,544,607,569
3#26VN633#08062020#122632.jpg,158,26,car plate,447,610,605,636
3#26VN659#07062020#161256.jpg,140,26,car plate,622,590,762,616
3#26VN659#07062020#200051.jpg,156,26,car plate,678,601,834,627
3#26VN688#07062020#173218.jpg,157,24,car plate,415,592,572,616
3#26VN688#07062020#213657.jpg,157,25,car plate,415,592,572,617
3#26VN720#08062020#134403.jpg,134,24,car plate,542,597,676,621
3#26VP451#07062020#170606.jpg,140,26,car plate,714,631,854,657
3#26VP451#07062020#211045.jpg,135,25,car plate,715,581,850,606
3#26VP498#07062020#141807.jpg,108,24,car plate,684,621,792,645
3#26VP572#08062020#195501.jpg,166,28,car plate,483,665,649,693
3#26VP789#08062020#192640.jpg,150,25,car plate,577,534,727,559
3#26VR052#07062020#191622.jpg,159,26,car plate,611,626,770,652
3#26VR163#07062020#195802.jpg,158,27,car plate,731,618,889,645
3#26VR244#07062020#123538.jpg,137,26,car plate,568,599,705,625
3#26VR252#07062020#140126.jpg,147,28,car plate,633,599,780,627
3#26VR252#07062020#161902.jpg,148,27,car plate,781,611,929,638
3#26VR252#07062020#182519.jpg,167,27,car plate,635,626,802,653
3#26VR252#07062020#204247.jpg,158,28,car plate,618,542,776,570
3#26VR263#07062020#175147.jpg,157,28,car plate,850,601,1007,629
3#26VR263#07062020#215625.jpg,157,27,car plate,850,601,1007,628
3#26VR495#08062020#130305.jpg,150,26,car plate,530,544,680,570
3#26VR631#07062020#190303.jpg,146,25,car plate,515,528,661,553
3#26VR631#08062020#114320.jpg,156,27,car plate,583,623,739,650
3#26VR735#07062020#130612.jpg,119,25,car plate,442,594,561,619
3#26VS068#07062020#160300.jpg,133,25,car plate,1093,597,1226,622
3#26VS603#08062020#114601.jpg,147,26,car plate,591,534,738,560
3#26VT024#07062020#195938.jpg,152,26,car plate,652,591,804,617
3#26VT317#08062020#192026.jpg,163,27,car plate,605,645,768,672
3#26VT557#07062020#172741.jpg,159,25,car plate,746,620,905,645
3#26VT557#07062020#213220.jpg,150,25,car plate,744,535,894,560
3#26VU024#07062020#191734.jpg,149,26,car plate,652,565,801,591
3#26VU229#08062020#191357.jpg,145,24,car plate,271,513,416,537
3#26VU504#07062020#124916.jpg,136,26,car plate,784,592,920,618
3#26VU780#03062020#212620.jpg,184,28,car plate,416,579,600,607
3#26VV134#07062020#202211.jpg,147,26,car plate,574,589,721,615
3#26VV345#07062020#193134.jpg,152,26,car plate,656,606,808,632
3#26VV425#07062020#125251.jpg,91,24,car plate,591,596,682,620
3#26VV425#07062020#142158.jpg,136,25,car plate,598,607,734,632
3#26VV425#07062020#182554.jpg,157,27,car plate,648,620,805,647
3#26VV425#07062020#204000.jpg,144,25,car plate,541,494,685,519
3#26VV446#07062020#124341.jpg,141,27,car plate,613,620,754,647
3#26VV446#07062020#201715.jpg,159,26,car plate,510,600,669,626
3#26VV530#08062020#113929.jpg,160,27,car plate,572,642,732,669
3#26VV539#08062020#194111.jpg,152,26,car plate,496,574,648,600
3#26VV743#07062020#125309.jpg,124,27,car plate,625,623,749,650
3#26VV820#08062020#194819.jpg,157,27,car plate,536,610,693,637
3#26VY388#07062020#173751.jpg,149,27,car plate,802,527,951,554
3#26VY388#07062020#214229.jpg,158,27,car plate,808,585,966,612
3#26VY491#07062020#145219.jpg,141,27,car plate,597,622,738,649
3#26VY606#08062020#194614.jpg,158,28,car plate,606,636,764,664
3#26VY950#07062020#204011.jpg,150,29,car plate,680,536,830,565
3#26VZ104#08062020#120412.jpg,150,25,car plate,653,547,803,572
3#26VZ159#07062020#131847.jpg,140,27,car plate,629,610,769,637
3#26VZ159#07062020#170113.jpg,152,26,car plate,203,569,355,595
3#26VZ159#07062020#210551.jpg,157,26,car plate,189,615,346,641
3#26VZ221#08062020#130641.jpg,128,26,car plate,163,607,291,633
3#26VZ839#07062020#191813.jpg,156,26,car plate,568,596,724,622
3#26YA329#07062020#151859.jpg,76,23,car plate,468,592,544,615
3#26YA961#07062020#182104.jpg,147,25,car plate,448,556,595,581
3#26YD978#07062020#150724.jpg,75,25,car plate,569,588,644,613
3#26YR123#08062020#191445.jpg,158,25,car plate,508,614,666,639
3#26ZD516#07062020#182946.jpg,150,26,car plate,485,565,635,591
3#26ZE352#07062020#205415.jpg,150,25,car plate,557,567,707,592
3#26ZF727#08062020#201319.jpg,135,26,car plate,471,644,606,670
3#26ZH364#08062020#191934.jpg,156,25,car plate,146,637,302,662
3#26ZH384#08062020#171256.jpg,149,28,car plate,529,554,678,582
3#26ZH384#08062020#190712.jpg,158,27,car plate,523,629,681,656
3#27ATB53#03062020#170017.jpg,126,32,car plate,621,526,747,558
3#27BRZ12#07062020#172008.jpg,148,25,car plate,669,518,817,543
3#27BRZ12#07062020#212446.jpg,148,24,car plate,669,518,817,542
3#27C7544#03062020#123800.jpg,199,36,car plate,521,560,720,596
3#27D8815#03062020#170353.jpg,133,32,car plate,590,550,723,582
3#27DH157#06062020#025219.jpg,199,34,car plate,735,587,934,621
3#27HU831#07062020#175916.jpg,152,24,car plate,685,533,837,557
3#27HU831#07062020#220355.jpg,156,25,car plate,688,587,844,612
3#27LM369#07062020#191117.jpg,156,26,car plate,558,592,714,618
3#27PB164#08062020#192904.jpg,142,29,car plate,1103,504,1245,533
3#27VR191#03062020#165957.jpg,141,32,car plate,472,572,613,604
3#27VT131#03062020#212909.jpg,189,27,car plate,410,612,599,639
3#28AAL071#06062020#140938.jpg,181,29,car plate,769,508,950,537
3#28AE060#06062020#140243.jpg,206,34,car plate,727,581,933,615
3#28BF077#07062020#145410.jpg,135,25,car plate,685,574,820,599
3#28DD775#07062020#174952.jpg,149,23,car plate,581,623,730,646
3#28DD775#07062020#215430.jpg,149,23,car plate,581,623,730,646
3#28EH100#07062020#200227.jpg,160,27,car plate,414,613,574,640
3#28EP409#08062020#191731.jpg,158,23,car plate,486,654,644,677
3#28ES600#03062020#190146.jpg,192,33,car plate,642,588,834,621
3#28NR707#05062020#233708.jpg,208,33,car plate,667,613,875,646
3#28UN006#08062020#192936.jpg,145,26,car plate,656,478,801,504
3#28UV228#07062020#230554.jpg,162,32,car plate,730,562,892,594
3#28VY809#08062020#171604.jpg,159,26,car plate,587,620,746,646
3#28VY809#08062020#190913.jpg,152,26,car plate,589,570,741,596
3#29AN484#07062020#132826.jpg,140,28,car plate,664,631,804,659
3#2F33683#08062020#192735.jpg,133,23,car plate,511,378,644,401
3#31AC232#07062020#195315.jpg,145,27,car plate,595,544,740,571
3#31B7123#06062020#025308.jpg,200,28,car plate,760,586,960,614
3#31EE430#03062020#212550.jpg,191,32,car plate,434,617,625,649
3#31KEU32#05062020#100223.jpg,198,32,car plate,708,550,906,582
3#31L6816#03062020#211557.jpg,181,29,car plate,359,570,540,599
3#31LL008#05062020#114042.jpg,151,26,car plate,299,638,450,664
3#31PAZ04#06062020#000427.jpg,211,34,car plate,739,622,950,656
3#31SY808#07062020#165951.jpg,145,24,car plate,311,512,456,536
3#31SY808#07062020#210430.jpg,151,26,car plate,290,592,441,618
3#326VL51#07062020#200416.jpg,165,29,car plate,506,609,671,638
3#32AAZ932#08062020#171643.jpg,159,26,car plate,519,659,678,685
3#32AAZ932#08062020#190953.jpg,157,26,car plate,522,620,679,646
3#32ABG233#08062020#191304.jpg,158,26,car plate,539,613,697,639
3#32ABH64#07062020#191004.jpg,142,24,car plate,704,487,846,511
3#32DD303#06062020#002533.jpg,196,32,car plate,736,545,932,577
3#32HK176#07062020#130653.jpg,133,27,car plate,703,611,836,638
3#32HS551#07062020#194725.jpg,151,25,car plate,800,610,951,635
3#32K0170#07062020#134419.jpg,38,24,car plate,575,545,613,569
3#32LH555#07062020#203807.jpg,148,25,car plate,512,501,660,526
3#32LH555#08062020#123638.jpg,146,24,car plate,590,499,736,523
3#32PF922#07062020#191146.jpg,148,26,car plate,579,594,727,620
3#33AAB33#06062020#000021.jpg,209,33,car plate,781,595,990,628
3#33AEJ85#07062020#143904.jpg,131,25,car plate,607,620,738,645
3#33AEJ85#07062020#200042.jpg,143,27,car plate,434,538,577,565
3#33AZS54#06062020#143136.jpg,165,28,car plate,742,482,907,510
3#33DDD53#08062020#194918.jpg,156,27,car plate,512,664,668,691
3#33DRM09#08062020#193753.jpg,150,27,car plate,406,567,556,594
3#33DYJ22#08062020#191210.jpg,145,25,car plate,661,554,806,579
3#33EEM44#08062020#192248.jpg,142,26,car plate,299,594,441,620
3#33EEN33#06062020#141237.jpg,165,27,car plate,730,476,895,503
3#33L2223#03062020#212641.jpg,195,32,car plate,451,623,646,655
3#33NER11#06062020#030442.jpg,159,25,car plate,709,497,868,522
3#33NZF30#08062020#115106.jpg,129,26,car plate,703,544,832,570
3#33TS287#03062020#211427.jpg,179,29,car plate,488,639,667,668
3#33TZ101#03062020#011525.jpg,75,23,car plate,699,493,774,516
3#34AAD015#03062020#111841.jpg,156,27,car plate,604,623,760,650
3#34AAN663#03062020#180134.jpg,189,29,car plate,588,603,777,632
3#34AAP205#03062020#100906.jpg,156,25,car plate,631,601,787,626
3#34AAP494#06062020#031233.jpg,194,32,car plate,857,561,1051,593
3#34AAZ228#03062020#211640.jpg,175,28,car plate,478,523,653,551
3#34AAZ605#03062020#104028.jpg,169,29,car plate,696,642,865,671
3#34AB419#03062020#153441.jpg,179,33,car plate,550,635,729,668
3#34ABA323#03062020#211252.jpg,186,29,car plate,438,628,624,657
3#34ABA535#03062020#213059.jpg,196,32,car plate,423,636,619,668
3#34ABD088#05062020#105447.jpg,191,32,car plate,758,523,949,555
3#34ABG287#03062020#211847.jpg,189,29,car plate,462,588,651,617
3#34ABL127#03062020#001935.jpg,158,27,car plate,462,588,620,615
3#34ABL137#03062020#142953.jpg,184,33,car plate,548,612,732,645
3#34ABN471#03062020#095815.jpg,151,26,car plate,507,585,658,611
3#34ABS999#08062020#192755.jpg,148,25,car plate,541,581,689,606
3#34ABT729#07062020#182732.jpg,150,27,car plate,448,592,598,619
3#34ABY530#03062020#174253.jpg,189,29,car plate,467,581,656,610
3#34ABZ605#03062020#213014.jpg,176,28,car plate,391,549,567,577
3#34AC0038#03062020#002842.jpg,158,24,car plate,368,590,526,614
3#34ACA377#03062020#112706.jpg,149,27,car plate,741,588,890,615
3#34ACD320#03062020#213540.jpg,189,33,car plate,226,624,415,657
3#34ACD474#03062020#125311.jpg,185,36,car plate,790,562,975,598
3#34ACG917#05062020#234850.jpg,206,34,car plate,779,598,985,632
3#34ACJ900#03062020#213230.jpg,189,29,car plate,390,620,579,649
3#34AD0587#03062020#154442.jpg,161,27,car plate,745,639,906,666
3#34AD0879#03062020#111258.jpg,158,27,car plate,608,582,766,609
3#34AD8680#03062020#124335.jpg,183,32,car plate,493,480,676,512
3#34AE1810#03062020#111302.jpg,162,26,car plate,628,604,790,630
3#34AEA830#05062020#110532.jpg,201,34,car plate,671,560,872,594
3#34AEB450#06062020#034151.jpg,200,34,car plate,699,601,899,635
3#34AEC003#06062020#030736.jpg,197,33,car plate,668,560,865,593
3#34AEC715#06062020#000712.jpg,159,26,car plate,686,462,845,488
3#34AEP045#06062020#135139.jpg,189,33,car plate,722,567,911,600
3#34AER433#05062020#135620.jpg,151,26,car plate,297,484,448,510
3#34AER433#05062020#200337.jpg,126,25,car plate,421,576,547,601
3#34AEV288#05062020#110856.jpg,206,32,car plate,699,602,905,634
3#34AEV869#06062020#031047.jpg,174,27,car plate,684,487,858,514
3#34AEZ569#06062020#030250.jpg,196,36,car plate,843,614,1039,650
3#34AF0347#03062020#141202.jpg,197,28,car plate,631,633,828,661
3#34AFD807#06062020#032844.jpg,191,28,car plate,753,595,944,623
3#34AFE296#03062020#124043.jpg,206,35,car plate,652,582,858,617
3#34AFE392#06062020#143325.jpg,181,29,car plate,712,507,893,536
3#34AFR361#03062020#172012.jpg,195,34,car plate,747,563,942,597
3#34AFR490#03062020#104004.jpg,165,29,car plate,752,613,917,642
3#34AG0706#08062020#125235.jpg,157,27,car plate,645,628,802,655
3#34AG231#03062020#125615.jpg,209,38,car plate,666,594,875,632
3#34AG7453#03062020#125444.jpg,195,32,car plate,400,586,595,618
3#34AGL124#03062020#212940.jpg,195,32,car plate,360,619,555,651
3#34AGL330#03062020#141619.jpg,199,32,car plate,599,611,798,643
3#34AGS50#03062020#212547.jpg,193,32,car plate,360,600,553,632
3#34AH5354#03062020#130007.jpg,194,32,car plate,649,564,843,596
3#34AHH755#06062020#030342.jpg,194,29,car plate,756,621,950,650
3#34AHL288#03062020#111702.jpg,158,25,car plate,631,626,789,651
3#34AHL324#08062020#194618.jpg,151,27,car plate,391,588,542,615
3#34AHN252#03062020#174239.jpg,199,29,car plate,410,644,609,673
3#34AHN528#06062020#025638.jpg,178,27,car plate,702,535,880,562
3#34AHN942#03062020#211810.jpg,186,32,car plate,435,611,621,643
3#34AHP194#03062020#174407.jpg,201,33,car plate,508,652,709,685
3#34AHP395#03062020#100816.jpg,153,26,car plate,533,593,686,619
3#34AHP459#03062020#100703.jpg,157,26,car plate,628,590,785,616
3#34AHP697#03062020#185831.jpg,202,33,car plate,568,626,770,659
3#34AHP813#03062020#125949.jpg,196,36,car plate,425,569,621,605
3#34AHP815#03062020#214214.jpg,189,32,car plate,396,617,585,649
3#34AHP944#03062020#125322.jpg,195,38,car plate,815,540,1010,578
3#34AIB376#03062020#111038.jpg,157,28,car plate,664,569,821,597
3#34AIB674#03062020#095554.jpg,158,26,car plate,498,628,656,654
3#34AIE514#03062020#112159.jpg,162,26,car plate,633,618,795,644
3#34AIG608#03062020#190122.jpg,183,28,car plate,670,557,853,585
3#34AIV282#03062020#212322.jpg,167,27,car plate,594,507,761,534
3#34AJ0437#03062020#132319.jpg,161,27,car plate,402,620,563,647
3#34AJ0730#03062020#180152.jpg,193,33,car plate,159,618,352,651
3#34AJ7964#03062020#213848.jpg,190,29,car plate,580,566,770,595
3#34AJB171#03062020#110930.jpg,163,28,car plate,713,620,876,648
3#34AJB236#03062020#110929.jpg,163,27,car plate,725,620,888,647
3#34AJD326#03062020#112453.jpg,158,28,car plate,685,581,843,609
3#34AJP113#03062020#123810.jpg,190,33,car plate,385,589,575,622
3#34AK0977#06062020#025059.jpg,197,29,car plate,822,564,1019,593
3#34AK1658#03062020#174600.jpg,185,28,car plate,211,576,396,604
3#34AK755#05062020#110557.jpg,193,29,car plate,823,581,1016,610
3#34AKC523#03062020#112224.jpg,162,27,car plate,584,608,746,635
3#34AKL70#06062020#025832.jpg,202,34,car plate,767,606,969,640
3#34AL0024#03062020#143033.jpg,185,29,car plate,608,572,793,601
3#34AL6788#03062020#213057.jpg,189,28,car plate,370,614,559,642
3#34AN1979#03062020#174315.jpg,161,25,car plate,578,390,739,415
3#34AN4224#03062020#140943.jpg,198,35,car plate,596,648,794,683
3#34AN8805#03062020#212832.jpg,182,29,car plate,495,594,677,623
3#34ANA862#03062020#124945.jpg,201,36,car plate,561,573,762,609
3#34ANH825#06062020#141349.jpg,157,26,car plate,722,461,879,487
3#34AOK08#05062020#110000.jpg,210,33,car plate,661,640,871,673
3#34AR1992#03062020#111315.jpg,159,27,car plate,576,578,735,605
3#34AR436#07062020#175028.jpg,150,27,car plate,435,599,585,626
3#34AR436#07062020#215507.jpg,150,27,car plate,435,599,585,626
3#34AS6626#03062020#211859.jpg,186,29,car plate,548,589,734,618
3#34AT4032#03062020#175152.jpg,192,27,car plate,506,563,698,590
3#34AY1378#03062020#213658.jpg,185,32,car plate,298,601,483,633
3#34AY2491#03062020#112630.jpg,163,27,car plate,637,644,800,671
3#34AY588#03062020#094856.jpg,172,28,car plate,474,610,646,638
3#34AY731#03062020#141021.jpg,194,32,car plate,550,620,744,652
3#34BA325#05062020#105442.jpg,180,32,car plate,636,520,816,552
3#34BA9392#03062020#185540.jpg,190,32,car plate,511,573,701,605
3#34BA9392#03062020#212538.jpg,189,32,car plate,406,585,595,617
3#34BAF677#03062020#211905.jpg,184,32,car plate,348,601,532,633
3#34BAN616#06062020#030209.jpg,209,35,car plate,724,616,933,651
3#34BAP80#07062020#145109.jpg,140,26,car plate,696,633,836,659
3#34BAP808#07062020#175956.jpg,158,26,car plate,647,624,805,650
3#34BAP808#07062020#220434.jpg,158,26,car plate,647,624,805,650
3#34BAR750#03062020#104313.jpg,167,27,car plate,581,629,748,656
3#34BAS888#03062020#095956.jpg,167,25,car plate,496,635,663,660
3#34BAT999#07062020#152233.jpg,133,27,car plate,616,575,749,602
3#34BAZ397#03062020#190125.jpg,194,32,car plate,476,595,670,627
3#34BB3424#03062020#190042.jpg,148,24,car plate,620,391,768,415
3#34BBA942#03062020#123956.jpg,211,34,car plate,505,603,716,637
3#34BBC647#03062020#111518.jpg,161,27,car plate,577,597,738,624
3#34BBD144#03062020#111638.jpg,161,27,car plate,508,609,669,636
3#34BBE116#08062020#192024.jpg,145,26,car plate,822,540,967,566
3#34BBF939#03062020#112750.jpg,164,26,car plate,635,615,799,641
3#34BBG393#03062020#172958.jpg,183,34,car plate,630,546,813,580
3#34BBK938#08062020#121247.jpg,148,25,car plate,791,571,939,596
3#34BBM975#05062020#234635.jpg,197,34,car plate,715,592,912,626
3#34BBP975#07062020#175524.jpg,151,26,car plate,694,528,845,554
3#34BBP975#07062020#220003.jpg,151,26,car plate,694,528,845,554
3#34BBY534#07062020#193204.jpg,142,25,car plate,561,518,703,543
3#34BC0494#03062020#100244.jpg,161,26,car plate,569,614,730,640
3#34BC2452#06062020#001747.jpg,210,33,car plate,632,583,842,616
3#34BCB321#03062020#174341.jpg,186,28,car plate,562,633,748,661
3#34BCD887#03062020#095630.jpg,157,25,car plate,435,631,592,656
3#34BCK926#03062020#141252.jpg,184,32,car plate,629,623,813,655
3#34BD5102#03062020#104045.jpg,167,28,car plate,787,630,954,658
3#34BDD590#03062020#140614.jpg,198,34,car plate,575,622,773,656
3#34BDD590#03062020#143240.jpg,200,34,car plate,574,622,774,656
3#34BDD590#03062020#214025.jpg,190,29,car plate,372,591,562,620
3#34BDE655#03062020#124742.jpg,199,34,car plate,516,575,715,609
3#34BDG862#06062020#032658.jpg,202,32,car plate,797,602,999,634
3#34BDH120#08062020#171829.jpg,153,27,car plate,613,641,766,668
3#34BDH120#08062020#191030.jpg,153,27,car plate,613,641,766,668
3#34BDT40#07062020#150137.jpg,92,24,car plate,614,589,706,613
3#34BDT40#07062020#181019.jpg,152,26,car plate,512,593,664,619
3#34BDT402#07062020#221457.jpg,149,25,car plate,515,557,664,582
3#34BE0682#03062020#211816.jpg,184,28,car plate,439,577,623,605
3#34BE2790#03062020#142930.jpg,198,32,car plate,577,628,775,660
3#34BE3724#03062020#211813.jpg,186,29,car plate,467,606,653,635
3#34BE3727#03062020#190143.jpg,181,32,car plate,521,560,702,592
3#34BEB604#03062020#125033.jpg,199,29,car plate,592,594,791,623
3#34BEG459#03062020#101052.jpg,131,25,car plate,648,518,779,543
3#34BEH418#06062020#032416.jpg,201,33,car plate,725,589,926,622
3#34BET131#03062020#125342.jpg,199,33,car plate,438,614,637,647
3#34BEU097#03062020#130217.jpg,206,32,car plate,618,578,824,610
3#34BEU743#07062020#205128.jpg,144,25,car plate,262,517,406,542
3#34BEZ325#03062020#211324.jpg,189,29,car plate,332,632,521,661
3#34BF6171#05062020#101122.jpg,206,34,car plate,747,540,953,574
3#34BF6171#06062020#140748.jpg,216,34,car plate,749,581,965,615
3#34BFE878#06062020#143236.jpg,180,29,car plate,752,494,932,523
3#34BFG319#07062020#172342.jpg,156,28,car plate,711,628,867,656
3#34BFG319#07062020#212821.jpg,144,27,car plate,710,523,854,550
3#34BFN230#06062020#031728.jpg,185,28,car plate,753,574,938,602
3#34BFT963#03062020#124030.jpg,195,35,car plate,665,604,860,639
3#34BFV716#03062020#190229.jpg,196,32,car plate,560,609,756,641
3#34BG0247#07062020#135153.jpg,144,29,car plate,532,581,676,610
3#34BG0247#08062020#120820.jpg,161,27,car plate,744,570,905,597
3#34BG0247#08062020#125536.jpg,166,28,car plate,625,620,791,648
3#34BG5740#08062020#120202.jpg,159,27,car plate,499,544,658,571
3#34BG5740#08062020#130043.jpg,158,26,car plate,389,547,547,573
3#34BG6221#08062020#123807.jpg,165,28,car plate,523,631,688,659
3#34BG6221#08062020#134546.jpg,134,25,car plate,805,579,939,604
3#34BG7639#08062020#123959.jpg,165,26,car plate,360,620,525,646
3#34BGE484#03062020#123732.jpg,190,42,car plate,957,604,1147,646
3#34BGL045#03062020#190018.jpg,198,33,car plate,612,637,810,670
3#34BGS528#03062020#211947.jpg,172,26,car plate,497,510,669,536
3#34BGU978#08062020#194530.jpg,161,27,car plate,588,643,749,670
3#34BGV242#05062020#100651.jpg,198,32,car plate,732,547,930,579
3#34BGY029#03062020#175818.jpg,192,28,car plate,548,592,740,620
3#34BH3973#03062020#002851.jpg,159,27,car plate,503,588,662,615
3#34BH8619#03062020#211753.jpg,194,32,car plate,533,612,727,644
3#34BHA671#08062020#124322.jpg,147,26,car plate,423,595,570,621
3#34BHC487#03062020#211339.jpg,180,26,car plate,546,545,726,571
3#34BHD098#07062020#132741.jpg,140,26,car plate,437,636,577,662
3#34BHJ982#06062020#003232.jpg,217,33,car plate,644,627,861,660
3#34BHU475#05062020#235750.jpg,165,27,car plate,728,457,893,484
3#34BHU475#05062020#235811.jpg,147,25,car plate,722,412,869,437
3#34BHV041#05062020#110326.jpg,162,26,car plate,731,455,893,481
3#34BIA05#03062020#212310.jpg,177,28,car plate,318,579,495,607
3#34BIK146#06062020#030053.jpg,161,26,car plate,751,468,912,494
3#34BIM956#06062020#032008.jpg,194,33,car plate,717,605,911,638
3#34BIN780#05062020#203218.jpg,149,25,car plate,446,604,595,629
3#34BIS907#05062020#234111.jpg,191,29,car plate,720,561,911,590
3#34BIV168#06062020#021534.jpg,117,25,car plate,449,564,566,589
3#34BIV168#06062020#110446.jpg,181,28,car plate,389,587,570,615
3#34BJ3410#03062020#125301.jpg,159,34,car plate,842,396,1001,430
3#34BJ5222#03062020#130243.jpg,201,34,car plate,487,586,688,620
3#34BJ7470#03062020#212143.jpg,183,32,car plate,374,583,557,615
3#34BJN142#08062020#115025.jpg,146,25,car plate,631,518,777,543
3#34BK2529#03062020#211611.jpg,198,34,car plate,813,631,1011,665
3#34BK4823#03062020#095552.jpg,163,27,car plate,540,637,703,664
3#34BK6643#03062020#185746.jpg,210,32,car plate,561,644,771,676
3#34BKB418#08062020#194410.jpg,156,26,car plate,594,643,750,669
3#34BKH841#06062020#000140.jpg,191,29,car plate,737,623,928,652
3#34BKL164#05062020#201016.jpg,132,24,car plate,410,605,542,629
3#34BKL164#06062020#011624.jpg,175,28,car plate,394,583,569,611
3#34BKM910#06062020#141510.jpg,179,28,car plate,765,559,944,587
3#34BKV687#06062020#032213.jpg,192,32,car plate,610,585,802,617
3#34BKY634#06062020#021108.jpg,153,26,car plate,439,619,592,645
3#34BKY634#06062020#110840.jpg,176,29,car plate,396,562,572,591
3#34BLD712#06062020#022122.jpg,150,25,car plate,515,605,665,630
3#34BLD712#06062020#030350.jpg,199,32,car plate,772,591,971,623
3#34BLD712#06062020#111024.jpg,166,26,car plate,327,547,493,573
3#34BM9805#03062020#211850.jpg,191,32,car plate,425,602,616,634
3#34BMB773#05062020#235127.jpg,177,28,car plate,630,497,807,525
3#34BMC552#05062020#110627.jpg,197,29,car plate,785,582,982,611
3#34BMJ304#07062020#204315.jpg,145,24,car plate,485,518,630,542
3#34BMM561#06062020#025115.jpg,189,29,car plate,842,588,1031,617
3#34BMT103#08062020#122613.jpg,150,25,car plate,675,587,825,612
3#34BMT103#08062020#171818.jpg,153,25,car plate,551,611,704,636
3#34BMT103#08062020#191019.jpg,143,25,car plate,553,513,696,538
3#34BN9268#03062020#013550.jpg,163,27,car plate,581,612,744,639
3#34BNA386#06062020#142259.jpg,181,33,car plate,795,557,976,590
3#34BNE397#07062020#153905.jpg,131,26,car plate,545,570,676,596
3#34BNE397#07062020#183737.jpg,151,26,car plate,601,572,752,598
3#34BNF859#06062020#031037.jpg,205,36,car plate,875,616,1080,652
3#34BNT51#06062020#142249.jpg,192,32,car plate,629,568,821,600
3#34BNU498#05062020#105028.jpg,201,35,car plate,735,610,936,645
3#34BOA440#05062020#110028.jpg,166,27,car plate,791,456,957,483
3#34BOH860#08062020#192940.jpg,150,26,car plate,680,573,830,599
3#34BOM94#03062020#130029.jpg,185,29,car plate,481,523,666,552
3#34BP7205#03062020#125018.jpg,201,35,car plate,588,575,789,610
3#34BP8600#03062020#112837.jpg,168,28,car plate,616,629,784,657
3#34BPM586#08062020#121404.jpg,151,25,car plate,369,549,520,574
3#34BPN215#07062020#145550.jpg,136,26,car plate,666,606,802,632
3#34BRM852#06062020#140957.jpg,176,29,car plate,699,484,875,513
3#34BRY12#03062020#153038.jpg,181,33,car plate,569,643,750,676
3#34BS3420#07062020#201642.jpg,152,27,car plate,533,564,685,591
3#34BSE506#06062020#002034.jpg,186,29,car plate,641,580,827,609
3#34BT3046#03062020#174715.jpg,186,32,car plate,675,588,861,620
3#34BTS048#06062020#000805.jpg,179,32,car plate,757,499,936,531
3#34BTY445#05062020#105111.jpg,194,29,car plate,796,613,990,642
3#34BTY445#06062020#001600.jpg,179,27,car plate,804,530,983,557
3#34BTZ050#05062020#110735.jpg,178,28,car plate,664,533,842,561
3#34BU1421#03062020#094853.jpg,161,27,car plate,463,634,624,661
3#34BU2590#03062020#212140.jpg,180,28,car plate,403,554,583,582
3#34BUG176#06062020#030810.jpg,193,33,car plate,745,614,938,647
3#34BUM87#05062020#234327.jpg,179,27,car plate,783,502,962,529
3#34BUU109#06062020#142409.jpg,196,32,car plate,774,533,970,565
3#34BUU289#08062020#123131.jpg,169,29,car plate,591,539,760,568
3#34BUV076#07062020#205039.jpg,156,25,car plate,408,591,564,616
3#34BUV076#08062020#194246.jpg,148,25,car plate,490,523,638,548
3#34BVB20#03062020#111344.jpg,163,27,car plate,574,641,737,668
3#34BVG023#08062020#121049.jpg,143,24,car plate,599,489,742,513
3#34BYN226#05062020#104758.jpg,150,26,car plate,775,453,925,479
3#34BZ7029#03062020#212957.jpg,174,27,car plate,459,544,633,571
3#34BZU24#06062020#025022.jpg,178,28,car plate,741,524,919,552
3#34CAC77#07062020#152828.jpg,133,25,car plate,629,577,762,602
3#34CAK34#05062020#131402.jpg,141,28,car plate,374,512,515,540
3#34CAL849#07062020#181556.jpg,152,25,car plate,564,573,716,598
3#34CBF907#05062020#104329.jpg,194,34,car plate,754,561,948,595
3#34CBU951#08062020#195007.jpg,158,27,car plate,433,656,591,683
3#34CCD505#05062020#105337.jpg,175,28,car plate,791,552,966,580
3#34CCR970#05062020#105524.jpg,205,33,car plate,649,578,854,611
3#34CDA067#07062020#143735.jpg,99,25,car plate,501,537,600,562
3#34CDR673#07062020#124949.jpg,128,25,car plate,652,552,780,577
3#34CED822#08062020#195114.jpg,150,26,car plate,757,560,907,586
3#34CET150#06062020#030804.jpg,193,29,car plate,809,621,1002,650
3#34CFV327#05062020#105143.jpg,205,33,car plate,721,601,926,634
3#34CGN273#08062020#153653.jpg,156,28,car plate,552,647,708,675
3#34CGP382#03062020#005444.jpg,148,27,car plate,830,591,978,618
3#34CGT630#07062020#175145.jpg,146,24,car plate,671,508,817,532
3#34CGT630#07062020#215624.jpg,150,25,car plate,669,547,819,572
3#34CIL530#05062020#102128.jpg,184,28,car plate,777,537,961,565
3#34CIR49#08062020#124545.jpg,143,26,car plate,938,521,1081,547
3#34CJM289#07062020#154238.jpg,136,25,car plate,567,568,703,593
3#34CJM289#07062020#193111.jpg,146,24,car plate,611,498,757,522
3#34CJM289#08062020#121233.jpg,143,25,car plate,677,469,820,494
3#34CJR447#07062020#170538.jpg,144,25,car plate,574,560,718,585
3#34CJR447#07062020#211017.jpg,144,25,car plate,574,560,718,585
3#34CJS079#05062020#202706.jpg,151,28,car plate,333,633,484,661
3#34CKL450#06062020#000708.jpg,183,29,car plate,769,479,952,508
3#34CKN205#07062020#142053.jpg,130,27,car plate,610,562,740,589
3#34CKN205#07062020#172647.jpg,152,27,car plate,544,604,696,631
3#34CKN205#07062020#213126.jpg,148,26,car plate,549,555,697,581
3#34CKY662#07062020#174622.jpg,151,26,car plate,485,608,636,634
3#34CKY662#07062020#215100.jpg,146,26,car plate,492,557,638,583
3#34CMC311#07062020#173723.jpg,148,28,car plate,897,631,1045,659
3#34CMC311#07062020#214201.jpg,137,26,car plate,880,523,1017,549
3#34CND686#08062020#114816.jpg,157,27,car plate,541,614,698,641
3#34COA067#07062020#230240.jpg,151,26,car plate,620,530,771,556
3#34COM290#07062020#153300.jpg,141,26,car plate,547,631,688,657
3#34COM290#07062020#180809.jpg,157,25,car plate,385,608,542,633
3#34COM290#07062020#221247.jpg,152,25,car plate,393,574,545,599
3#34COR673#07062020#202217.jpg,152,26,car plate,628,607,780,633
3#34CPA817#07062020#140329.jpg,136,28,car plate,509,627,645,655
3#34CVK467#08062020#191847.jpg,145,25,car plate,491,539,636,564
3#34D8588#03062020#125925.jpg,209,43,car plate,812,593,1021,636
3#34DB5451#08062020#211014.jpg,131,25,car plate,697,619,828,644
3#34DB8727#03062020#174944.jpg,195,28,car plate,591,603,786,631
3#34DC9049#03062020#142800.jpg,199,32,car plate,624,610,823,642
3#34DC9802#03062020#174619.jpg,184,33,car plate,189,612,373,645
3#34DD0844#07062020#212305.jpg,146,26,car plate,575,509,721,535
3#34DD6557#03062020#103924.jpg,164,28,car plate,681,602,845,630
3#34DD6557#03062020#110723.jpg,166,29,car plate,688,620,854,649
3#34DD6557#03062020#111548.jpg,166,29,car plate,688,620,854,649
3#34DE0201#06062020#024905.jpg,189,32,car plate,673,550,862,582
3#34DG9280#03062020#174609.jpg,191,28,car plate,410,597,601,625
3#34DH0386#03062020#125904.jpg,202,33,car plate,503,577,705,610
3#34DH5488#03062020#180339.jpg,186,28,car plate,574,598,760,626
3#34DH6378#03062020#213534.jpg,189,33,car plate,238,621,427,654
3#34DK9006#03062020#141211.jpg,201,34,car plate,455,613,656,647
3#34DM3327#03062020#094706.jpg,161,28,car plate,459,599,620,627
3#34DM3615#03062020#190012.jpg,179,29,car plate,564,590,743,619
3#34DM4166#03062020#212336.jpg,194,32,car plate,391,612,585,644
3#34DM5180#03062020#174541.jpg,194,32,car plate,344,616,538,648
3#34DM5695#03062020#213609.jpg,197,29,car plate,393,645,590,674
3#34DM6879#03062020#141801.jpg,192,33,car plate,569,590,761,623
3#34DM6879#03062020#211348.jpg,184,29,car plate,381,575,565,604
3#34DM7335#07062020#204215.jpg,131,27,car plate,1143,440,1274,467
3#34DMY71#03062020#111008.jpg,167,28,car plate,783,632,950,660
3#34DN7850#03062020#212150.jpg,192,29,car plate,401,600,593,629
3#34DP0345#03062020#211530.jpg,183,27,car plate,444,587,627,614
3#34DP3855#03062020#212525.jpg,190,32,car plate,381,610,571,642
3#34DR0042#03062020#111539.jpg,162,26,car plate,655,589,817,615
3#34DR7706#03062020#094446.jpg,161,26,car plate,493,581,654,607
3#34DR7788#03062020#014215.jpg,111,25,car plate,563,501,674,526
3#34DS3800#03062020#171502.jpg,184,35,car plate,695,542,879,577
3#34DS6766#05062020#234614.jpg,201,32,car plate,793,606,994,638
3#34DT0115#03062020#174739.jpg,195,33,car plate,598,607,793,640
3#34DT0289#03062020#175201.jpg,186,34,car plate,900,607,1086,641
3#34DT0701#03062020#142652.jpg,194,34,car plate,673,620,867,654
3#34DT2998#03062020#184828.jpg,198,34,car plate,391,599,589,633
3#34DT3808#03062020#213915.jpg,194,29,car plate,432,609,626,638
3#34DT4236#03062020#211554.jpg,180,28,car plate,482,601,662,629
3#34DT7747#03062020#211712.jpg,193,35,car plate,393,637,586,672
3#34DT7895#03062020#174505.jpg,189,34,car plate,183,588,372,622
3#34DT8662#03062020#125959.jpg,193,34,car plate,598,519,791,553
3#34DT9112#03062020#111935.jpg,174,27,car plate,679,654,853,681
3#34DT9220#03062020#142947.jpg,199,32,car plate,515,620,714,652
3#34DU0893#03062020#125711.jpg,196,38,car plate,828,563,1024,601
3#34DV7094#03062020#111435.jpg,165,29,car plate,671,642,836,671
3#34DV9101#03062020#141624.jpg,192,33,car plate,642,601,834,634
3#34DY2119#03062020#211320.jpg,193,32,car plate,345,631,538,663
3#34EA7225#03062020#141054.jpg,200,35,car plate,519,634,719,669
3#34EA7225#03062020#185029.jpg,198,33,car plate,621,613,819,646
3#34EA7901#03062020#112259.jpg,172,29,car plate,563,634,735,663
3#34EA9704#03062020#014242.jpg,157,26,car plate,619,578,776,604
3#34EA9704#03062020#014400.jpg,166,27,car plate,605,634,771,661
3#34EBA31#03062020#140513.jpg,200,33,car plate,551,630,751,663
3#34EBA31#03062020#143140.jpg,201,34,car plate,551,641,752,675
3#34EC8141#03062020#175711.jpg,183,36,car plate,1034,589,1217,625
3#34EE6765#03062020#165007.jpg,134,29,car plate,597,597,731,626
3#34EF8259#03062020#212706.jpg,193,33,car plate,352,611,545,644
3#34EH2096#03062020#174353.jpg,194,32,car plate,787,640,981,672
3#34EJ0083#03062020#123614.jpg,202,34,car plate,615,595,817,629
3#34EJ0089#03062020#110846.jpg,153,26,car plate,530,564,683,590
3#34EJ0560#03062020#174457.jpg,191,35,car plate,251,636,442,671
3#34EJ1670#03062020#130005.jpg,195,38,car plate,875,564,1070,602
3#34EJ1907#03062020#095607.jpg,163,27,car plate,508,614,671,641
3#34EJ4002#03062020#212927.jpg,194,32,car plate,357,622,551,654
3#34EJ4257#03062020#212501.jpg,192,33,car plate,441,624,633,657
3#34EJ4603#03062020#125014.jpg,206,35,car plate,377,597,583,632
3#34EJ8087#03062020#154048.jpg,176,32,car plate,589,640,765,672
3#34EJV19#07062020#133125.jpg,140,27,car plate,531,600,671,627
3#34EJV19#07062020#172803.jpg,156,25,car plate,583,569,739,594
3#34EJV19#07062020#202814.jpg,148,26,car plate,545,510,693,536
3#34EJV19#07062020#213242.jpg,156,26,car plate,583,569,739,595
3#34EK6010#06062020#032505.jpg,200,35,car plate,755,553,955,588
3#34EK6049#03062020#212936.jpg,179,27,car plate,317,567,496,594
3#34EM0459#03062020#212430.jpg,199,29,car plate,373,639,572,668
3#34EN3943#03062020#104256.jpg,182,27,car plate,526,641,708,668
3#34EP2779#03062020#125620.jpg,189,34,car plate,622,581,811,615
3#34ES8673#03062020#214219.jpg,184,32,car plate,477,602,661,634
3#34ES9786#03062020#185948.jpg,199,33,car plate,702,632,901,665
3#34ET1529#06062020#034915.jpg,189,29,car plate,706,548,895,577
3#34EU1808#03062020#174759.jpg,199,29,car plate,496,624,695,653
3#34EU2308#03062020#124908.jpg,184,32,car plate,620,552,804,584
3#34EU2943#03062020#213314.jpg,193,32,car plate,537,624,730,656
3#34EU3237#03062020#123754.jpg,199,35,car plate,412,600,611,635
3#34EU4412#03062020#142351.jpg,185,32,car plate,570,585,755,617
3#34EU6232#03062020#125740.jpg,183,36,car plate,886,518,1069,554
3#34EU7979#03062020#003133.jpg,159,27,car plate,481,591,640,618
3#34EU8610#03062020#124719.jpg,196,33,car plate,559,547,755,580
3#34EU9613#03062020#212357.jpg,179,28,car plate,469,548,648,576
3#34EV2777#03062020#100359.jpg,150,26,car plate,706,604,856,630
3#34EV5355#03062020#125921.jpg,208,43,car plate,767,596,975,639
3#34EV6322#03062020#211531.jpg,190,32,car plate,356,621,546,653
3#34EY1698#03062020#112845.jpg,162,27,car plate,734,597,896,624
3#34EY2174#03062020#094636.jpg,157,27,car plate,551,615,708,642
3#34EY2760#03062020#213121.jpg,199,29,car plate,482,644,681,673
3#34EY3272#03062020#101612.jpg,166,33,car plate,907,602,1073,635
3#34EY8490#03062020#123717.jpg,200,33,car plate,308,596,508,629
3#34EYJ41#03062020#212433.jpg,189,29,car plate,434,564,623,593
3#34EZ2281#03062020#212026.jpg,190,32,car plate,375,609,565,641
3#34EZ7295#03062020#124820.jpg,207,29,car plate,412,618,619,647
3#34F6532#03062020#180200.jpg,198,34,car plate,353,613,551,647
3#34FA0754#03062020#125116.jpg,201,33,car plate,424,607,625,640
3#34FA1149#03062020#111710.jpg,166,28,car plate,680,635,846,663
3#34FA8285#03062020#124204.jpg,198,34,car plate,384,598,582,632
3#34FB4110#03062020#213441.jpg,192,29,car plate,454,618,646,647
3#34FBZ70#03062020#185550.jpg,205,33,car plate,496,632,701,665
3#34FD0622#03062020#174516.jpg,192,33,car plate,576,606,768,639
3#34FD9915#05062020#235153.jpg,197,29,car plate,776,562,973,591
3#34FE0579#03062020#142949.jpg,186,29,car plate,539,561,725,590
3#34FE3212#03062020#213600.jpg,195,29,car plate,381,641,576,670
3#34FE3212#03062020#214103.jpg,192,32,car plate,428,626,620,658
3#34FE534#03062020#124352.jpg,198,34,car plate,609,566,807,600
3#34FE9446#03062020#112607.jpg,163,26,car plate,534,605,697,631
3#34FEL11#03062020#130302.jpg,197,33,car plate,310,604,507,637
3#34FG2130#03062020#212121.jpg,194,29,car plate,402,625,596,654
3#34FG2697#03062020#124345.jpg,196,36,car plate,655,556,851,592
3#34FG9080#03062020#003411.jpg,159,26,car plate,575,580,734,606
3#34FH2325#03062020#102128.jpg,168,29,car plate,801,608,969,637
3#34FH3600#03062020#213712.jpg,185,28,car plate,554,574,739,602
3#34FH4461#03062020#125929.jpg,197,33,car plate,446,612,643,645
3#34FH8561#03062020#211508.jpg,199,34,car plate,549,628,748,662
3#34FIA81#03062020#111132.jpg,162,27,car plate,676,611,838,638
3#34FIB65#03062020#211314.jpg,184,29,car plate,421,595,605,624
3#34FJ1452#03062020#125830.jpg,194,33,car plate,317,577,511,610
3#34FK1288#03062020#100408.jpg,158,26,car plate,691,602,849,628
3#34FK4074#03062020#212210.jpg,173,28,car plate,428,537,601,565
3#34FM0910#05062020#101639.jpg,197,32,car plate,840,594,1037,626
3#34FM977#03062020#175108.jpg,186,37,car plate,903,611,1089,648
3#34FN3277#03062020#214117.jpg,192,27,car plate,858,612,1050,639
3#34FN8551#03062020#174839.jpg,190,29,car plate,445,594,635,623
3#34FP4053#03062020#110949.jpg,166,27,car plate,642,638,808,665
3#34FP6706#03062020#190111.jpg,191,29,car plate,542,607,733,636
3#34FP8971#03062020#125552.jpg,184,29,car plate,587,538,771,567
3#34FR7777#03062020#213708.jpg,178,28,car plate,601,538,779,566
3#34FR8290#03062020#175416.jpg,186,37,car plate,1033,608,1219,645
3#34FR8824#06062020#002535.jpg,215,35,car plate,818,624,1033,659
3#34FRE24#05062020#113242.jpg,151,25,car plate,354,631,505,656
3#34FS5574#03062020#112119.jpg,162,27,car plate,686,614,848,641
3#34FT0366#03062020#174244.jpg,191,28,car plate,415,582,606,610
3#34FT0606#03062020#141130.jpg,197,32,car plate,597,648,794,680
3#34FT8938#03062020#212509.jpg,180,28,car plate,403,613,583,641
3#34FU0264#07062020#154433.jpg,137,27,car plate,457,610,594,637
3#34FU2183#03062020#175356.jpg,194,33,car plate,521,638,715,671
3#34FU3925#03062020#212519.jpg,181,29,car plate,421,578,602,607
3#34FU6891#03062020#125451.jpg,192,28,car plate,579,603,771,631
3#34FU6995#03062020#002201.jpg,160,27,car plate,467,560,627,587
3#34FU8985#03062020#140709.jpg,200,34,car plate,584,645,784,679
3#34FU8985#03062020#143336.jpg,198,34,car plate,586,634,784,668
3#34FV118#03062020#153133.jpg,164,32,car plate,471,569,635,601
3#34FV9008#08062020#121755.jpg,156,26,car plate,576,602,732,628
3#34FVA25#03062020#125454.jpg,186,37,car plate,704,497,890,534
3#34FZ6763#03062020#124841.jpg,193,35,car plate,599,534,792,569
3#34FZ6873#03062020#124403.jpg,199,38,car plate,692,567,891,605
3#34GA4704#08062020#195106.jpg,150,26,car plate,591,585,741,611
3#34GB930#03062020#214051.jpg,196,32,car plate,494,621,690,653
3#34GC4194#03062020#190023.jpg,210,35,car plate,570,634,780,669
3#34GC4220#03062020#112240.jpg,145,41,car plate,797,601,942,642
3#34GC4375#03062020#213419.jpg,180,28,car plate,460,559,640,587
3#34GC5211#03062020#112123.jpg,163,27,car plate,715,619,878,646
3#34GD5756#03062020#132834.jpg,148,24,car plate,551,535,699,559
3#34GD6422#03062020#172912.jpg,207,36,car plate,767,622,974,658
3#34GE0788#03062020#125545.jpg,166,41,car plate,926,429,1092,470
3#34GE2471#03062020#125423.jpg,199,44,car plate,815,543,1014,587
3#34GF5498#03062020#125435.jpg,206,38,car plate,866,565,1072,603
3#34GF8149#03062020#212037.jpg,176,29,car plate,392,542,568,571
3#34GF8630#03062020#141356.jpg,200,32,car plate,518,650,718,682
3#34GG3279#07062020#222634.jpg,151,26,car plate,437,538,588,564
3#34GH1977#03062020#165328.jpg,135,28,car plate,573,588,708,616
3#34GH1977#03062020#170425.jpg,131,25,car plate,573,515,704,540
3#34GHY26#03062020#174921.jpg,191,28,car plate,552,597,743,625
3#34GHY26#03062020#211454.jpg,179,27,car plate,443,559,622,586
3#34GIT84#03062020#014517.jpg,163,29,car plate,583,621,746,650
3#34GK1301#03062020#002825.jpg,161,25,car plate,542,593,703,618
3#34GL0998#06062020#143243.jpg,205,36,car plate,876,604,1081,640
3#34GL1316#03062020#212838.jpg,179,29,car plate,429,569,608,598
3#34GL2562#03062020#174416.jpg,199,36,car plate,895,654,1094,690
3#34GL9284#03062020#211749.jpg,183,28,car plate,446,569,629,597
3#34GL9425#06062020#032245.jpg,161,26,car plate,765,445,926,471
3#34GM280#03062020#094254.jpg,162,25,car plate,591,611,753,636
3#34GN1884#03062020#095700.jpg,156,27,car plate,619,568,775,595
3#34GN5398#03062020#124142.jpg,196,33,car plate,678,551,874,584
3#34GN6929#03062020#111307.jpg,162,26,car plate,528,581,690,607
3#34GN7102#03062020#125704.jpg,200,32,car plate,587,562,787,594
3#34GN7184#03062020#111409.jpg,157,27,car plate,662,574,819,601
3#34GN7534#03062020#141756.jpg,206,35,car plate,524,648,730,683
3#34GN9229#03062020#213048.jpg,194,32,car plate,448,635,642,667
3#34GP1368#03062020#180833.jpg,189,33,car plate,436,608,625,641
3#34GP6998#03062020#124513.jpg,197,33,car plate,415,596,612,629
3#34GR115#03062020#125256.jpg,167,34,car plate,602,444,769,478
3#34GR1625#03062020#124654.jpg,201,33,car plate,523,583,724,616
3#34GR1787#03062020#104142.jpg,165,29,car plate,587,632,752,661
3#34GR2500#03062020#211440.jpg,185,27,car plate,569,576,754,603
3#34GR3319#07062020#154242.jpg,111,26,car plate,576,610,687,636
3#34GR3319#07062020#201442.jpg,159,25,car plate,900,601,1059,626
3#34GR3319#08062020#121715.jpg,160,25,car plate,449,595,609,620
3#34GR3920#03062020#111041.jpg,167,27,car plate,641,619,808,646
3#34GR4533#03062020#212844.jpg,195,32,car plate,350,642,545,674
3#34GR4907#03062020#180621.jpg,195,33,car plate,559,607,754,640
3#34GR7406#03062020#110844.jpg,162,28,car plate,427,609,589,637
3#34GR8656#03062020#111100.jpg,164,27,car plate,634,612,798,639
3#34GR9858#03062020#124543.jpg,181,32,car plate,498,551,679,583
3#34GS2477#03062020#112903.jpg,164,27,car plate,727,618,891,645
3#34GS9232#03062020#175217.jpg,185,28,car plate,436,569,621,597
3#34GT3363#03062020#211936.jpg,196,29,car plate,308,636,504,665
3#34GT5479#03062020#212602.jpg,178,29,car plate,448,633,626,662
3#34GT7048#05062020#234350.jpg,198,35,car plate,790,591,988,626
3#34GUJ05#03062020#211934.jpg,185,28,car plate,472,582,657,610
3#34GV3829#07062020#155327.jpg,134,29,car plate,351,596,485,625
3#34GV5937#05062020#134526.jpg,163,29,car plate,338,462,501,491
3#34GY5920#03062020#014245.jpg,159,24,car plate,526,626,685,650
3#34GY5920#03062020#014406.jpg,159,24,car plate,526,626,685,650
3#34GZ0069#03062020#212559.jpg,192,33,car plate,387,639,579,672
3#34GZ5980#03062020#180553.jpg,194,28,car plate,605,626,799,654
3#34HA1321#03062020#174349.jpg,196,34,car plate,456,619,652,653
3#34HA2975#03062020#184918.jpg,195,32,car plate,608,620,803,652
3#34HA7164#03062020#100935.jpg,159,27,car plate,568,608,727,635
3#34HB7700#03062020#213924.jpg,186,32,car plate,432,598,618,630
3#34HC1292#03062020#142609.jpg,196,32,car plate,633,621,829,653
3#34HE0746#06062020#000342.jpg,197,32,car plate,686,570,883,602
3#34HE1176#03062020#141724.jpg,196,32,car plate,579,629,775,661
3#34HE9980#03062020#211802.jpg,192,29,car plate,449,627,641,656
3#34HF1228#03062020#211958.jpg,185,28,car plate,512,573,697,601
3#34HF6788#07062020#194828.jpg,143,26,car plate,608,511,751,537
3#34HG0724#03062020#124122.jpg,198,32,car plate,588,584,786,616
3#34HH7839#07062020#190726.jpg,151,26,car plate,519,583,670,609
3#34HJ0575#03062020#140745.jpg,205,35,car plate,603,648,808,683
3#34HJ0575#03062020#143411.jpg,198,34,car plate,607,622,805,656
3#34HJ5099#06062020#000706.jpg,209,32,car plate,607,621,816,653
3#34HJ6824#03062020#140718.jpg,185,29,car plate,592,646,777,675
3#34HJ6824#03062020#143345.jpg,181,29,car plate,597,624,778,653
3#34HJ9202#03062020#125340.jpg,207,34,car plate,585,593,792,627
3#34HK5362#03062020#111901.jpg,164,28,car plate,653,629,817,657
3#34HK9245#03062020#100828.jpg,161,26,car plate,541,619,702,645
3#34HL0317#08062020#125151.jpg,166,28,car plate,116,624,282,652
3#34HL6029#08062020#124455.jpg,163,27,car plate,526,579,689,606
3#34HL6351#03062020#212209.jpg,191,29,car plate,416,605,607,634
3#34HL8486#03062020#213834.jpg,180,32,car plate,399,570,579,602
3#34HM2032#03062020#211417.jpg,192,29,car plate,456,641,648,670
3#34HM6069#03062020#174549.jpg,189,32,car plate,150,641,339,673
3#34HM9051#03062020#212948.jpg,181,32,car plate,366,622,547,654
3#34HN3982#03062020#102806.jpg,165,29,car plate,814,594,979,623
3#34HN5691#03062020#003015.jpg,153,27,car plate,589,578,742,605
3#34HN6275#05062020#101843.jpg,173,28,car plate,752,517,925,545
3#34HN6275#06062020#135124.jpg,197,33,car plate,720,600,917,633
3#34HP6843#03062020#185944.jpg,198,34,car plate,790,638,988,672
3#34HR1277#03062020#125943.jpg,165,38,car plate,1037,428,1202,466
3#34HR5275#07062020#155142.jpg,135,28,car plate,454,609,589,637
3#34HR5275#07062020#195052.jpg,150,26,car plate,358,564,508,590
3#34HR6836#06062020#032021.jpg,202,29,car plate,718,583,920,612
3#34HT3302#03062020#153556.jpg,172,35,car plate,415,626,587,661
3#34HT4376#07062020#151115.jpg,135,26,car plate,510,621,645,647
3#34HU1034#07062020#145624.jpg,133,28,car plate,425,602,558,630
3#34HYC23#03062020#002045.jpg,162,28,car plate,504,590,666,618
3#34HZ0976#03062020#143031.jpg,194,32,car plate,602,610,796,642
3#34HZ1734#03062020#212747.jpg,191,28,car plate,420,595,611,623
3#34HZ5815#03062020#095736.jpg,161,27,car plate,315,635,476,662
3#34HZ9206#03062020#212511.jpg,168,28,car plate,321,627,489,655
3#34J5946#03062020#014438.jpg,162,28,car plate,578,579,740,607
3#34JA0082#03062020#180706.jpg,186,29,car plate,532,615,718,644
3#34JA2943#03062020#141524.jpg,209,34,car plate,591,646,800,680
3#34JA4570#03062020#125205.jpg,193,33,car plate,238,603,431,636
3#34JA5902#03062020#154917.jpg,175,33,car plate,510,636,685,669
3#34JA7283#03062020#212145.jpg,186,28,car plate,418,606,604,634
3#34JA7510#03062020#124148.jpg,198,32,car plate,394,577,592,609
3#34JA7814#03062020#014505.jpg,164,28,car plate,624,632,788,660
3#34JA8208#03062020#211826.jpg,185,27,car plate,560,581,745,608
3#34JA9279#03062020#213839.jpg,194,29,car plate,421,639,615,668
3#34JA9312#03062020#213112.jpg,189,29,car plate,399,605,588,634
3#34JA9849#03062020#123747.jpg,200,33,car plate,742,566,942,599
3#34JB4896#03062020#211650.jpg,179,28,car plate,318,627,497,655
3#34JD6531#03062020#130109.jpg,192,33,car plate,521,613,713,646
3#34JD7339#07062020#153644.jpg,132,24,car plate,1110,602,1242,626
3#34JD7339#07062020#222656.jpg,144,24,car plate,93,570,237,594
3#34JE7521#07062020#121752.jpg,133,24,car plate,1138,612,1271,636
3#34JG0763#03062020#214150.jpg,194,29,car plate,336,617,530,646
3#34JG1873#03062020#190029.jpg,199,33,car plate,661,644,860,677
3#34JH1903#03062020#142645.jpg,205,33,car plate,638,651,843,684
3#34JH3099#03062020#175957.jpg,190,32,car plate,583,588,773,620
3#34JH6084#03062020#211645.jpg,186,33,car plate,346,619,532,652
3#34JJ6898#03062020#103830.jpg,160,25,car plate,463,588,623,613
3#34JJ6898#03062020#132044.jpg,164,25,car plate,463,616,627,641
3#34JK8277#03062020#174815.jpg,199,29,car plate,562,621,761,650
3#34JM0106#03062020#213916.jpg,194,29,car plate,432,606,626,635
3#34JM1121#03062020#212344.jpg,182,29,car plate,526,593,708,622
3#34JM3964#07062020#185904.jpg,149,27,car plate,669,601,818,628
3#34JM3997#05062020#203440.jpg,144,25,car plate,389,617,533,642
3#34JM6385#03062020#175917.jpg,193,29,car plate,654,617,847,646
3#34JN5509#03062020#212714.jpg,182,28,car plate,515,577,697,605
3#34JN9398#03062020#214212.jpg,192,32,car plate,371,622,563,654
3#34JP6873#03062020#155142.jpg,165,37,car plate,414,608,579,645
3#34JR2135#03062020#100638.jpg,161,27,car plate,527,615,688,642
3#34JS0395#03062020#212534.jpg,185,27,car plate,468,570,653,597
3#34JS0675#05062020#235614.jpg,205,34,car plate,653,569,858,603
3#34JS3567#03062020#213343.jpg,197,32,car plate,362,627,559,659
3#34JS4568#06062020#000918.jpg,190,33,car plate,687,551,877,584
3#34JS8925#03062020#175623.jpg,192,29,car plate,185,585,377,614
3#34JT6177#07062020#153419.jpg,96,26,car plate,676,600,772,626
3#34JU0292#03062020#111330.jpg,165,28,car plate,707,627,872,655
3#34JU1306#03062020#111220.jpg,168,26,car plate,592,598,760,624
3#34JU1486#03062020#094616.jpg,156,29,car plate,442,561,598,590
3#34JU1571#03062020#111324.jpg,172,28,car plate,583,641,755,669
3#34JU2736#03062020#212705.jpg,181,29,car plate,368,583,549,612
3#34JV190#03062020#212710.jpg,177,32,car plate,390,554,567,586
3#34JV6247#06062020#034524.jpg,224,34,car plate,704,575,928,609
3#34JY2025#08062020#193126.jpg,152,26,car plate,540,609,692,635
3#34JYA46#03062020#111403.jpg,163,28,car plate,593,597,756,625
3#34KA1256#03062020#143114.jpg,190,32,car plate,616,597,806,629
3#34KA1724#03062020#212154.jpg,185,29,car plate,446,591,631,620
3#34KA2631#03062020#112742.jpg,167,29,car plate,557,636,724,665
3#34KA3646#03062020#213536.jpg,190,32,car plate,258,639,448,671
3#34KA3813#03062020#124700.jpg,205,34,car plate,624,594,829,628
3#34KA4555#03062020#101705.jpg,172,33,car plate,812,632,984,665
3#34KA4885#03062020#212327.jpg,189,29,car plate,402,570,591,599
3#34KA5353#03062020#103023.jpg,167,29,car plate,902,575,1069,604
3#34KA5570#03062020#212613.jpg,189,29,car plate,484,569,673,598
3#34KA5703#03062020#213801.jpg,159,25,car plate,465,468,624,493
3#34KA6236#03062020#124348.jpg,189,37,car plate,752,515,941,552
3#34KA7331#03062020#213237.jpg,192,32,car plate,422,643,614,675
3#34KA7955#03062020#125002.jpg,207,32,car plate,794,587,1001,619
3#34KA9738#03062020#100247.jpg,159,27,car plate,460,628,619,655
3#34KB3052#07062020#184652.jpg,149,26,car plate,769,584,918,610
3#34KB5689#07062020#194703.jpg,153,25,car plate,363,607,516,632
3#34KD6273#07062020#200405.jpg,156,26,car plate,653,612,809,638
3#34KES49#03062020#142627.jpg,193,32,car plate,619,615,812,647
3#34KF5923#08062020#130312.jpg,159,26,car plate,410,640,569,666
3#34KF9868#03062020#133105.jpg,163,26,car plate,401,620,564,646
3#34KG4157#07062020#202405.jpg,158,26,car plate,495,621,653,647
3#34KH9033#06062020#031017.jpg,199,33,car plate,700,566,899,599
3#34KH9929#07062020#203137.jpg,152,25,car plate,518,557,670,582
3#34KJ0603#03062020#211307.jpg,193,32,car plate,425,618,618,650
3#34KK5088#03062020#174258.jpg,195,32,car plate,674,613,869,645
3#34KK9468#03062020#140929.jpg,206,35,car plate,728,641,934,676
3#34KK9468#03062020#185702.jpg,185,32,car plate,542,551,727,583
3#34KK9468#03062020#212757.jpg,197,33,car plate,311,641,508,674
3#34KM2683#03062020#101245.jpg,162,26,car plate,547,626,709,652
3#34KM9284#05062020#235117.jpg,194,29,car plate,758,551,952,580
3#34KM9446#03062020#102135.jpg,165,33,car plate,957,622,1122,655
3#34KN6383#05062020#100311.jpg,205,37,car plate,659,576,864,613
3#34KN6383#05062020#234042.jpg,196,37,car plate,713,551,909,588
3#34KN6383#06062020#140022.jpg,194,35,car plate,699,530,893,565
3#34KPR16#03062020#185221.jpg,191,33,car plate,549,600,740,633
3#34KR2519#05062020#104836.jpg,180,29,car plate,818,522,998,551
3#34KR7299#03062020#214258.jpg,181,28,car plate,450,571,631,599
3#34KRD98#08062020#191641.jpg,160,27,car plate,483,603,643,630
3#34KS2035#03062020#013448.jpg,172,28,car plate,525,629,697,657
3#34KS6571#03062020#180447.jpg,192,32,car plate,277,638,469,670
3#34KS7952#03062020#003249.jpg,145,27,car plate,432,512,577,539
3#34KS9376#07062020#204329.jpg,159,26,car plate,585,613,744,639
3#34KS9611#03062020#124407.jpg,197,35,car plate,498,576,695,611
3#34KT1961#06062020#031024.jpg,200,33,car plate,703,610,903,643
3#34KT4806#07062020#142759.jpg,121,26,car plate,562,609,683,635
3#34KT4806#07062020#171903.jpg,157,28,car plate,541,631,698,659
3#34KT4806#07062020#200409.jpg,156,28,car plate,555,620,711,648
3#34KT4806#07062020#212341.jpg,146,25,car plate,556,515,702,540
3#34KTY28#03062020#111014.jpg,164,28,car plate,661,608,825,636
3#34KU1521#03062020#175030.jpg,179,34,car plate,192,567,371,601
3#34KU2486#06062020#151349.jpg,176,28,car plate,173,597,349,625
3#34KU2486#06062020#153939.jpg,175,28,car plate,185,590,360,618
3#34KU3163#07062020#191323.jpg,147,26,car plate,807,539,954,565
3#34KU3163#08062020#150806.jpg,149,28,car plate,487,575,636,603
3#34KV6728#06062020#034615.jpg,190,29,car plate,837,552,1027,581
3#34KY1201#03062020#180218.jpg,194,32,car plate,546,617,740,649
3#34KZ9526#05062020#234831.jpg,178,29,car plate,688,492,866,521
3#34LA1239#03062020#213506.jpg,192,28,car plate,366,635,558,663
3#34LA2791#03062020#211310.jpg,192,33,car plate,326,622,518,655
3#34LA4154#03062020#011333.jpg,152,24,car plate,607,572,759,596
3#34LA4154#07062020#134043.jpg,125,25,car plate,622,588,747,613
3#34LA4154#07062020#180607.jpg,158,28,car plate,467,607,625,635
3#34LA4154#07062020#221046.jpg,158,27,car plate,467,607,625,634
3#34LA4154#08062020#192710.jpg,158,27,car plate,306,604,464,631
3#34LA7291#03062020#142014.jpg,177,29,car plate,544,590,721,619
3#34LA7636#03062020#102829.jpg,174,29,car plate,878,609,1052,638
3#34LA8355#03062020#211922.jpg,194,29,car plate,492,591,686,620
3#34LA9839#03062020#132844.jpg,159,26,car plate,534,598,693,624
3#34LA9974#07062020#124103.jpg,136,25,car plate,562,592,698,617
3#34LBY54#03062020#111404.jpg,151,26,car plate,598,550,749,576
3#34LD1079#05062020#101115.jpg,200,33,car plate,758,604,958,637
3#34LD8490#03062020#012843.jpg,162,27,car plate,482,619,644,646
3#34LE1145#03062020#112533.jpg,168,28,car plate,573,634,741,662
3#34LE8648#07062020#201722.jpg,151,25,car plate,499,607,650,632
3#34LG2665#03062020#111343.jpg,160,29,car plate,695,592,855,621
3#34LG2930#03062020#185305.jpg,191,33,car plate,580,607,771,640
3#34LH2356#03062020#005354.jpg,143,26,car plate,627,577,770,603
3#34LH6278#03062020#125346.jpg,199,36,car plate,697,601,896,637
3#34LHE39#03062020#175930.jpg,183,34,car plate,946,575,1129,609
3#34LJ4930#03062020#214246.jpg,192,33,car plate,513,595,705,628
3#34LJ8587#03062020#184905.jpg,189,33,car plate,603,588,792,621
3#34LJB27#03062020#213635.jpg,190,28,car plate,437,606,627,634
3#34LK6458#03062020#112001.jpg,166,27,car plate,740,628,906,655
3#34LK8390#03062020#111724.jpg,160,25,car plate,543,635,703,660
3#34LL4599#07062020#133403.jpg,140,25,car plate,935,618,1075,643
3#34LL4599#07062020#181249.jpg,158,26,car plate,590,622,748,648
3#34LL4599#07062020#205419.jpg,148,26,car plate,504,550,652,576
3#34LL4599#07062020#221727.jpg,152,25,car plate,597,578,749,603
3#34LL4715#03062020#212815.jpg,190,29,car plate,433,616,623,645
3#34LL7051#03062020#013610.jpg,166,29,car plate,464,634,630,663
3#34LL8814#03062020#125319.jpg,195,42,car plate,923,601,1118,643
3#34LL9590#03062020#095845.jpg,158,27,car plate,516,613,674,640
3#34LL9845#03062020#124824.jpg,166,38,car plate,939,461,1105,499
3#34LL9863#03062020#010739.jpg,143,24,car plate,365,490,508,514
3#34LL9863#07062020#174619.jpg,153,27,car plate,703,616,856,643
3#34LL9863#07062020#215058.jpg,148,27,car plate,700,562,848,589
3#34LM3011#07062020#154805.jpg,145,29,car plate,492,607,637,636
3#34LM3011#07062020#202030.jpg,160,27,car plate,413,570,573,597
3#34LM3714#05062020#234435.jpg,169,27,car plate,777,483,946,510
3#34LM8465#03062020#095848.jpg,158,26,car plate,479,570,637,596
3#34LN6041#03062020#211949.jpg,189,32,car plate,409,610,598,642
3#34LOZ97#03062020#211336.jpg,180,32,car plate,327,570,507,602
3#34LP7993#03062020#124957.jpg,201,34,car plate,407,605,608,639
3#34LP8589#06062020#001549.jpg,211,33,car plate,661,620,872,653
3#34LP8953#06062020#143450.jpg,146,26,car plate,755,403,901,429
3#34LS0107#07062020#204326.jpg,152,28,car plate,611,593,763,621
3#34LS0987#06062020#001134.jpg,195,32,car plate,675,618,870,650
3#34LS1098#03062020#102823.jpg,164,27,car plate,805,612,969,639
3#34LS8398#06062020#030256.jpg,200,33,car plate,707,575,907,608
3#34LV8142#03062020#211757.jpg,189,29,car plate,439,624,628,653
3#34LV9201#03062020#112154.jpg,168,26,car plate,624,615,792,641
3#34LZ0046#07062020#172417.jpg,145,26,car plate,867,544,1012,570
3#34LZ0046#07062020#212856.jpg,149,27,car plate,875,588,1024,615
3#34LZ3134#03062020#095424.jpg,166,29,car plate,507,625,673,654
3#34LZ6764#03062020#141733.jpg,183,28,car plate,701,637,884,665
3#34LZ8716#03062020#141217.jpg,186,35,car plate,648,637,834,672
3#34MD5181#05062020#234335.jpg,186,29,car plate,722,556,908,585
3#34MF320#03062020#095413.jpg,153,25,car plate,647,550,800,575
3#34MFA66#05062020#103849.jpg,199,34,car plate,940,601,1139,635
3#34MH679#03062020#123912.jpg,162,33,car plate,808,409,970,442
3#34MJ0108#03062020#190233.jpg,149,24,car plate,642,388,791,412
3#34MJ0108#03062020#213747.jpg,195,32,car plate,340,625,535,657
3#34MLH60#03062020#124059.jpg,199,29,car plate,375,612,574,641
3#34MN0411#03062020#112531.jpg,161,26,car plate,646,632,807,658
3#34MZA19#06062020#030729.jpg,211,34,car plate,782,609,993,643
3#34NAV43#03062020#213509.jpg,197,33,car plate,459,631,656,664
3#34NB011#03062020#213027.jpg,191,33,car plate,384,625,575,658
3#34NB1024#08062020#192847.jpg,144,27,car plate,722,551,866,578
3#34NB7393#03062020#101136.jpg,164,28,car plate,501,610,665,638
3#34NC5405#03062020#213736.jpg,186,33,car plate,412,618,598,651
3#34NC8427#03062020#123925.jpg,194,36,car plate,554,545,748,581
3#34ND0453#03062020#213032.jpg,195,33,car plate,371,595,566,628
3#34ND6426#03062020#211829.jpg,179,32,car plate,364,597,543,629
3#34NG0820#06062020#021045.jpg,146,28,car plate,232,623,378,651
3#34NG0820#06062020#110230.jpg,146,25,car plate,122,469,268,494
3#34NG2148#07062020#174009.jpg,148,27,car plate,758,576,906,603
3#34NG2148#07062020#214448.jpg,148,27,car plate,758,576,906,603
3#34NG4599#03062020#214031.jpg,186,27,car plate,466,627,652,654
3#34NG6637#05062020#101601.jpg,175,27,car plate,660,482,835,509
3#34NG9915#03062020#142516.jpg,195,32,car plate,612,602,807,634
3#34NH2365#03062020#130047.jpg,193,34,car plate,638,578,831,612
3#34NH2533#03062020#212349.jpg,189,32,car plate,407,598,596,630
3#34NH8307#06062020#001612.jpg,186,28,car plate,593,529,779,557
3#34NJ3496#03062020#173006.jpg,200,36,car plate,846,621,1046,657
3#34NJ3707#03062020#185720.jpg,180,32,car plate,652,553,832,585
3#34NK5958#06062020#002142.jpg,172,27,car plate,735,479,907,506
3#34NK8878#03062020#111227.jpg,168,32,car plate,696,639,864,671
3#34NL2119#03062020#095740.jpg,159,28,car plate,563,598,722,626
3#34NL2259#03062020#002613.jpg,158,28,car plate,506,569,664,597
3#34NL2352#03062020#211332.jpg,191,35,car plate,254,626,445,661
3#34NL3483#03062020#110738.jpg,162,26,car plate,494,633,656,659
3#34NL3483#03062020#111141.jpg,161,26,car plate,495,621,656,647
3#34NL6092#03062020#013652.jpg,162,27,car plate,528,623,690,650
3#34NMD84#03062020#185342.jpg,184,32,car plate,610,563,794,595
3#34NN8640#06062020#033954.jpg,199,33,car plate,768,595,967,628
3#34NN9300#03062020#174333.jpg,194,32,car plate,432,634,626,666
3#34NP6439#03062020#002615.jpg,161,27,car plate,501,584,662,611
3#34NR0145#06062020#025938.jpg,174,27,car plate,687,514,861,541
3#34NR1013#03062020#174429.jpg,197,29,car plate,361,647,558,676
3#34NR7326#06062020#031059.jpg,207,34,car plate,693,607,900,641
3#34NR8278#03062020#174326.jpg,191,28,car plate,587,614,778,642
3#34NT6344#07062020#180447.jpg,148,25,car plate,949,583,1097,608
3#34NT6344#07062020#220925.jpg,148,26,car plate,949,582,1097,608
3#34NU3589#07062020#151632.jpg,131,25,car plate,623,576,754,601
3#34NU3589#07062020#194513.jpg,153,26,car plate,365,629,518,655
3#34NU4194#06062020#001309.jpg,180,29,car plate,729,498,909,527
3#34NU4194#06062020#142745.jpg,201,34,car plate,775,585,976,619
3#34NUY34#03062020#185046.jpg,192,29,car plate,772,620,964,649
3#34NV6754#03062020#104610.jpg,166,28,car plate,687,648,853,676
3#34NV9265#05062020#105618.jpg,214,37,car plate,787,628,1001,665
3#34NY2669#03062020#141832.jpg,197,34,car plate,592,626,789,660
3#34NY5528#03062020#111558.jpg,169,27,car plate,760,649,929,676
3#34NY9052#03062020#110945.jpg,176,28,car plate,654,605,830,633
3#34NZJ64#03062020#095742.jpg,159,28,car plate,634,607,793,635
3#34NZL94#03062020#112330.jpg,159,26,car plate,622,590,781,616
3#34PA2719#03062020#212740.jpg,191,32,car plate,469,613,660,645
3#34PA6445#03062020#213336.jpg,196,32,car plate,363,638,559,670
3#34PB0318#06062020#030407.jpg,191,32,car plate,608,562,799,594
3#34PB2230#06062020#024709.jpg,207,33,car plate,648,584,855,617
3#34PBC38#03062020#111926.jpg,162,26,car plate,593,607,755,633
3#34PBD37#03062020#185220.jpg,183,29,car plate,605,547,788,576
3#34PC5017#06062020#143603.jpg,194,32,car plate,792,566,986,598
3#34PD0911#03062020#174926.jpg,192,29,car plate,385,635,577,664
3#34PD3437#03062020#212042.jpg,193,32,car plate,449,631,642,663
3#34PD8284#03062020#111424.jpg,159,27,car plate,742,580,901,607
3#34PDE10#03062020#111836.jpg,166,27,car plate,476,646,642,673
3#34PE8119#03062020#212450.jpg,190,29,car plate,399,616,589,645
3#34PF5268#07062020#130335.jpg,133,25,car plate,786,570,919,595
3#34PG1328#03062020#213042.jpg,196,32,car plate,400,643,596,675
3#34PGD79#03062020#111411.jpg,157,26,car plate,579,570,736,596
3#34PH5919#05062020#104707.jpg,192,33,car plate,730,536,922,569
3#34PJ0407#03062020#095505.jpg,162,27,car plate,501,620,663,647
3#34PJ1412#08062020#121634.jpg,151,26,car plate,548,601,699,627
3#34PJ1536#03062020#211442.jpg,197,32,car plate,398,641,595,673
3#34PJ2552#03062020#125503.jpg,201,42,car plate,843,585,1044,627
3#34PJ4224#03062020#130111.jpg,205,29,car plate,408,601,613,630
3#34PJ4378#03062020#213106.jpg,184,29,car plate,451,576,635,605
3#34PJ4420#03062020#211909.jpg,183,29,car plate,474,569,657,598
3#34PJ4808#03062020#013226.jpg,163,27,car plate,589,620,752,647
3#34PJ4808#03062020#111736.jpg,166,26,car plate,773,637,939,663
3#34PJ4880#03062020#175148.jpg,191,34,car plate,869,605,1060,639
3#34PJ4953#03062020#180429.jpg,180,32,car plate,396,544,576,576
3#34PJ5038#08062020#194022.jpg,158,25,car plate,392,627,550,652
3#34PJ5717#03062020#184425.jpg,202,34,car plate,537,627,739,661
3#34PJ6350#03062020#132519.jpg,159,26,car plate,475,604,634,630
3#34PJ6416#03062020#212659.jpg,184,29,car plate,417,549,601,578
3#34PJ7725#03062020#211808.jpg,196,26,car plate,410,645,606,671
3#34PJ7806#03062020#002731.jpg,162,26,car plate,535,587,697,613
3#34PJ9823#03062020#211356.jpg,176,28,car plate,569,523,745,551
3#34PL1836#03062020#094755.jpg,150,25,car plate,556,552,706,577
3#34PLB65#03062020#211402.jpg,183,32,car plate,301,595,484,627
3#34PM0569#03062020#213115.jpg,179,28,car plate,481,623,660,651
3#34PM2270#03062020#124425.jpg,211,34,car plate,658,619,869,653
3#34PM5644#03062020#125437.jpg,196,36,car plate,744,576,940,612
3#34PM7948#06062020#025918.jpg,202,34,car plate,597,568,799,602
3#34PN0063#03062020#141806.jpg,197,33,car plate,559,644,756,677
3#34PN1729#03062020#095301.jpg,160,27,car plate,634,593,794,620
3#34PN3118#03062020#174827.jpg,186,35,car plate,1033,629,1219,664
3#34PN3257#03062020#180304.jpg,183,34,car plate,984,598,1167,632
3#34PP3110#03062020#154921.jpg,181,34,car plate,608,648,789,682
3#34PPD24#03062020#180331.jpg,195,29,car plate,486,628,681,657
3#34PR4613#03062020#213842.jpg,185,29,car plate,374,612,559,641
3#34PR5720#03062020#212552.jpg,191,28,car plate,384,604,575,632
3#34PS7735#03062020#104057.jpg,172,26,car plate,734,636,906,662
3#34PS9114#03062020#142811.jpg,181,29,car plate,597,547,778,576
3#34PS9924#03062020#142251.jpg,174,32,car plate,600,532,774,564
3#34PT6394#03062020#112238.jpg,168,28,car plate,567,623,735,651
3#34PT6669#03062020#180027.jpg,194,28,car plate,594,622,788,650
3#34PT7820#03062020#112248.jpg,165,27,car plate,551,622,716,649
3#34PT9639#03062020#125507.jpg,193,33,car plate,575,607,768,640
3#34PTM57#06062020#001555.jpg,198,32,car plate,764,571,962,603
3#34PU5317#07062020#154939.jpg,142,28,car plate,529,613,671,641
3#34PU5662#07062020#141539.jpg,136,27,car plate,528,618,664,645
3#34PU5662#07062020#180053.jpg,153,27,car plate,709,616,862,643
3#34PU5662#07062020#220532.jpg,147,27,car plate,707,561,854,588
3#34PU6307#03062020#171336.jpg,195,36,car plate,947,600,1142,636
3#34PV3464#03062020#213117.jpg,184,29,car plate,374,594,558,623
3#34PV5972#05062020#104101.jpg,180,28,car plate,695,527,875,555
3#34PVM63#03062020#102106.jpg,168,29,car plate,720,623,888,652
3#34PY0389#03062020#212852.jpg,194,33,car plate,328,634,522,667
3#34PY3120#07062020#190341.jpg,146,26,car plate,738,549,884,575
3#34PY3839#03062020#142053.jpg,184,32,car plate,612,594,796,626
3#34PY5187#06062020#001256.jpg,184,28,car plate,785,513,969,541
3#34PY7052#05062020#102645.jpg,208,29,car plate,709,605,917,634
3#34RA1416#03062020#213335.jpg,176,27,car plate,431,590,607,617
3#34RA3035#03062020#213255.jpg,181,29,car plate,462,559,643,588
3#34RA3064#03062020#013228.jpg,165,26,car plate,538,629,703,655
3#34RA7039#03062020#094639.jpg,159,28,car plate,653,579,812,607
3#34RA8187#03062020#111017.jpg,152,26,car plate,497,569,649,595
3#34RAU88#03062020#124140.jpg,183,32,car plate,458,588,641,620
3#34RB2389#03062020#130031.jpg,201,37,car plate,779,594,980,631
3#34RB3374#06062020#000043.jpg,197,32,car plate,807,592,1004,624
3#34RC1830#03062020#142915.jpg,208,32,car plate,571,635,779,667
3#34RC7671#07062020#175700.jpg,148,26,car plate,571,563,719,589
3#34RC7671#07062020#220139.jpg,152,26,car plate,567,611,719,637
3#34RD6311#06062020#030205.jpg,195,34,car plate,765,598,960,632
3#34RD8752#03062020#190006.jpg,195,32,car plate,563,615,758,647
3#34RD9588#07062020#174934.jpg,148,26,car plate,529,602,677,628
3#34RD9588#07062020#215413.jpg,145,26,car plate,535,547,680,573
3#34REK33#03062020#140958.jpg,162,29,car plate,591,489,753,518
3#34RG1212#03062020#125557.jpg,186,36,car plate,718,573,904,609
3#34RG5781#03062020#213936.jpg,189,28,car plate,487,561,676,589
3#34RH4844#03062020#212842.jpg,196,28,car plate,314,629,510,657
3#34RH9860#05062020#105240.jpg,173,26,car plate,714,512,887,538
3#34RJ1014#03062020#112759.jpg,164,28,car plate,589,620,753,648
3#34RJ7600#03062020#014520.jpg,165,26,car plate,527,631,692,657
3#34RJ7624#07062020#175358.jpg,152,25,car plate,926,617,1078,642
3#34RJ7624#07062020#215836.jpg,148,25,car plate,891,559,1039,584
3#34RJ8393#03062020#123621.jpg,183,33,car plate,776,495,959,528
3#34RK1673#05062020#114631.jpg,118,25,car plate,551,498,669,523
3#34RL6769#06062020#002109.jpg,206,33,car plate,834,610,1040,643
3#34RL7605#07062020#174808.jpg,150,26,car plate,454,558,604,584
3#34RL7605#07062020#215246.jpg,149,25,car plate,454,558,603,583
3#34RL7671#07062020#132601.jpg,136,27,car plate,588,626,724,653
3#34RL8143#03062020#012847.jpg,164,27,car plate,604,625,768,652
3#34RM0876#05062020#105859.jpg,205,37,car plate,856,610,1061,647
3#34RM3305#03062020#130133.jpg,205,35,car plate,622,562,827,597
3#34RMB33#03062020#185942.jpg,182,29,car plate,538,595,720,624
3#34RN7176#03062020#125718.jpg,208,38,car plate,670,611,878,649
3#34RP3637#03062020#095238.jpg,160,28,car plate,618,611,778,639
3#34RP6224#03062020#174526.jpg,191,35,car plate,984,605,1175,640
3#34RP7121#03062020#002949.jpg,156,28,car plate,578,603,734,631
3#34RP8098#05062020#233033.jpg,189,29,car plate,794,559,983,588
3#34RR0351#03062020#174337.jpg,186,32,car plate,465,587,651,619
3#34RR0381#03062020#100626.jpg,158,27,car plate,579,604,737,631
3#34RR0667#03062020#111320.jpg,156,28,car plate,513,586,669,614
3#34RR0904#03062020#175737.jpg,201,32,car plate,632,643,833,675
3#34RR0919#03062020#124845.jpg,179,32,car plate,548,478,727,510
3#34RR1264#03062020#211648.jpg,185,29,car plate,543,585,728,614
3#34RR1477#03062020#171644.jpg,193,41,car plate,821,610,1014,651
3#34RR1582#03062020#104509.jpg,161,28,car plate,730,623,891,651
3#34RR2311#03062020#111508.jpg,165,27,car plate,400,641,565,668
3#34RR2454#03062020#175336.jpg,189,29,car plate,645,634,834,663
3#34RR2893#03062020#100819.jpg,160,28,car plate,566,633,726,661
3#34RR2968#03062020#212929.jpg,192,29,car plate,401,626,593,655
3#34RR3009#03062020#185850.jpg,201,35,car plate,410,632,611,667
3#34RR3031#03062020#213451.jpg,191,32,car plate,258,615,449,647
3#34RR4223#03062020#175430.jpg,193,28,car plate,472,606,665,634
3#34RR4796#03062020#141747.jpg,200,34,car plate,534,636,734,670
3#34RR4895#03062020#212741.jpg,182,33,car plate,427,588,609,621
3#34RR4977#03062020#172433.jpg,175,29,car plate,849,548,1024,577
3#34RR5134#03062020#111646.jpg,168,28,car plate,486,651,654,679
3#34RR6471#03062020#142255.jpg,179,32,car plate,709,529,888,561
3#34RR7081#03062020#190005.jpg,182,29,car plate,489,619,671,648
3#34RR7095#03062020#175020.jpg,185,36,car plate,993,639,1178,675
3#34RR7119#03062020#141513.jpg,207,35,car plate,491,650,698,685
3#34RR7204#03062020#013108.jpg,164,28,car plate,474,612,638,640
3#34RR7245#03062020#174908.jpg,192,35,car plate,868,636,1060,671
3#34RR7833#03062020#213426.jpg,178,27,car plate,473,534,651,561
3#34RR8212#03062020#211957.jpg,195,33,car plate,416,578,611,611
3#34RR8592#03062020#141153.jpg,194,29,car plate,608,645,802,674
3#34RR8631#03062020#211330.jpg,194,29,car plate,465,629,659,658
3#34RR8689#03062020#213841.jpg,189,33,car plate,303,636,492,669
3#34RR8857#03062020#212744.jpg,191,32,car plate,582,595,773,627
3#34RR9184#03062020#101129.jpg,152,27,car plate,532,597,684,624
3#34RS0673#03062020#213633.jpg,190,28,car plate,451,617,641,645
3#34RS3959#06062020#034448.jpg,194,29,car plate,682,564,876,593
3#34RS934#03062020#142105.jpg,194,33,car plate,600,601,794,634
3#34RT2146#03062020#213849.jpg,194,32,car plate,386,611,580,643
3#34RT2905#07062020#142046.jpg,121,27,car plate,526,616,647,643
3#34RT7714#03062020#002848.jpg,153,32,car plate,581,583,734,615
3#34RT9994#03062020#130220.jpg,207,35,car plate,476,607,683,642
3#34RU0960#06062020#002644.jpg,205,29,car plate,689,600,894,629
3#34RU3789#06062020#142154.jpg,206,29,car plate,609,605,815,634
3#34RU7953#03062020#141608.jpg,186,32,car plate,543,648,729,680
3#34RU8783#03062020#213221.jpg,169,27,car plate,489,567,658,594
3#34RU9980#03062020#211856.jpg,189,29,car plate,330,620,519,649
3#34RV5593#03062020#094933.jpg,150,28,car plate,500,540,650,568
3#34RV6198#03062020#112019.jpg,163,27,car plate,530,613,693,640
3#34RY7687#03062020#213003.jpg,185,29,car plate,362,617,547,646
3#34SA8592#05062020#102139.jpg,174,28,car plate,706,475,880,503
3#34SB3711#07062020#145514.jpg,129,26,car plate,586,589,715,615
3#34SB3711#07062020#182110.jpg,148,26,car plate,464,633,612,659
3#34SB5784#03062020#003625.jpg,157,26,car plate,653,607,810,633
3#34SC7439#03062020#214016.jpg,180,29,car plate,417,593,597,622
3#34SC8305#06062020#024715.jpg,182,29,car plate,671,510,853,539
3#34SD0692#03062020#111856.jpg,156,25,car plate,585,618,741,643
3#34SD7444#05062020#233825.jpg,191,33,car plate,823,564,1014,597
3#34SDD95#05062020#103045.jpg,159,27,car plate,907,449,1066,476
3#34SE0755#03062020#125611.jpg,195,43,car plate,726,576,921,619
3#34SE4529#03062020#213202.jpg,191,29,car plate,481,604,672,633
3#34SE5359#06062020#032452.jpg,189,28,car plate,851,541,1040,569
3#34SE5359#06062020#034124.jpg,196,32,car plate,836,576,1032,608
3#34SE5359#06062020#110838.jpg,173,26,car plate,355,560,528,586
3#34SE7811#03062020#094814.jpg,159,27,car plate,541,613,700,640
3#34SE8662#07062020#141601.jpg,136,26,car plate,575,600,711,626
3#34SE8662#07062020#184432.jpg,150,27,car plate,1086,610,1236,637
3#34SF0797#07062020#151555.jpg,128,28,car plate,448,603,576,631
3#34SF1741#03062020#111803.jpg,163,28,car plate,635,615,798,643
3#34SF8545#03062020#172620.jpg,194,36,car plate,887,611,1081,647
3#34SF9137#06062020#030928.jpg,184,32,car plate,736,534,920,566
3#34SFP84#03062020#212737.jpg,180,28,car plate,516,589,696,617
3#34SG0341#06062020#000320.jpg,185,29,car plate,637,512,822,541
3#34SG2715#05062020#104841.jpg,186,28,car plate,710,537,896,565
3#34SG3525#06062020#000503.jpg,207,32,car plate,721,629,928,661
3#34SG9947#05062020#103059.jpg,184,32,car plate,714,513,898,545
3#34SH1669#03062020#185936.jpg,196,33,car plate,532,611,728,644
3#34SH1669#03062020#213908.jpg,181,28,car plate,500,557,681,585
3#34SJ3859#03062020#124504.jpg,196,37,car plate,274,593,470,630
3#34SJ6665#07062020#185355.jpg,153,25,car plate,631,592,784,617
3#34SJ7965#03062020#213753.jpg,183,33,car plate,251,610,434,643
3#34SJC30#03062020#180230.jpg,192,33,car plate,856,581,1048,614
3#34SJC30#03062020#212917.jpg,183,28,car plate,413,550,596,578
3#34SK0250#03062020#111118.jpg,161,26,car plate,505,626,666,652
3#34SK1070#03062020#111949.jpg,162,27,car plate,644,614,806,641
3#34SK3265#03062020#190032.jpg,197,33,car plate,534,637,731,670
3#34SK4111#07062020#125702.jpg,131,27,car plate,669,570,800,597
3#34SK5588#03062020#190057.jpg,193,33,car plate,557,623,750,656
3#34SK5658#03062020#213231.jpg,196,33,car plate,445,624,641,657
3#34SK6179#03062020#211913.jpg,184,32,car plate,347,624,531,656
3#34SK8269#06062020#000314.jpg,198,32,car plate,656,555,854,587
3#34SK8915#06062020#002539.jpg,181,28,car plate,722,502,903,530
3#34SL7682#03062020#125218.jpg,208,37,car plate,518,604,726,641
3#34SL7682#03062020#142348.jpg,194,33,car plate,531,610,725,643
3#34SL9126#07062020#203441.jpg,149,26,car plate,826,619,975,645
3#34SL9266#06062020#030733.jpg,185,28,car plate,694,528,879,556
3#34SM0788#05062020#101816.jpg,206,34,car plate,631,603,837,637
3#34SM2914#06062020#105415.jpg,163,25,car plate,291,574,454,599
3#34SN0421#03062020#125550.jpg,193,34,car plate,668,560,861,594
3#34SN0889#03062020#125628.jpg,199,33,car plate,450,598,649,631
3#34SN1565#03062020#110953.jpg,162,25,car plate,543,612,705,637
3#34SN1593#03062020#112418.jpg,166,27,car plate,575,640,741,667
3#34SN2396#03062020#211344.jpg,186,28,car plate,436,600,622,628
3#34SN248#03062020#125405.jpg,196,34,car plate,354,600,550,634
3#34SN3336#03062020#125026.jpg,208,32,car plate,415,589,623,621
3#34SN3497#03062020#174712.jpg,194,33,car plate,672,636,866,669
3#34SN3522#03062020#174633.jpg,196,32,car plate,448,622,644,654
3#34SN3796#03062020#112953.jpg,163,26,car plate,440,629,603,655
3#34SN4381#03062020#111033.jpg,159,27,car plate,650,597,809,624
3#34SN4429#03062020#212934.jpg,190,27,car plate,384,625,574,652
3#34SN4606#03062020#212235.jpg,179,29,car plate,374,583,553,612
3#34SN4735#03062020#124652.jpg,197,34,car plate,459,553,656,587
3#34SN4888#03062020#003501.jpg,153,26,car plate,448,576,601,602
3#34SN5142#03062020#212507.jpg,185,27,car plate,417,582,602,609
3#34SN5346#03062020#141704.jpg,199,32,car plate,644,636,843,668
3#34SN5624#03062020#174446.jpg,193,38,car plate,870,638,1063,676
3#34SN6226#03062020#112745.jpg,161,27,car plate,609,619,770,646
3#34SN6572#06062020#033245.jpg,200,32,car plate,802,582,1002,614
3#34SN7257#03062020#211846.jpg,194,33,car plate,448,615,642,648
3#34SN7728#03062020#211700.jpg,195,33,car plate,381,631,576,664
3#34SN7898#03062020#214144.jpg,178,28,car plate,452,581,630,609
3#34SN7955#03062020#111311.jpg,164,28,car plate,741,640,905,668
3#34SN8052#03062020#124834.jpg,208,32,car plate,432,611,640,643
3#34SN8439#03062020#003511.jpg,162,26,car plate,496,601,658,627
3#34SN8514#03062020#183611.jpg,208,34,car plate,752,640,960,674
3#34SN8514#03062020#183846.jpg,213,34,car plate,484,651,697,685
3#34SN8735#03062020#212504.jpg,194,32,car plate,494,636,688,668
3#34SN8737#03062020#180536.jpg,190,29,car plate,858,612,1048,641
3#34SN9126#03062020#132612.jpg,167,27,car plate,579,637,746,664
3#34SN9786#03062020#180321.jpg,196,29,car plate,678,612,874,641
3#34SN9817#03062020#211517.jpg,190,32,car plate,398,641,588,673
3#34SP0945#07062020#141715.jpg,118,27,car plate,546,583,664,610
3#34SP2612#03062020#180457.jpg,179,29,car plate,546,569,725,598
3#34SP2883#06062020#025324.jpg,192,32,car plate,709,522,901,554
3#34SP3457#03062020#180610.jpg,182,33,car plate,411,552,593,585
3#34SP4341#05062020#234937.jpg,200,33,car plate,706,574,906,607
3#34SP6637#03062020#175319.jpg,194,29,car plate,578,619,772,648
3#34SP8692#06062020#135836.jpg,180,29,car plate,756,561,936,590
3#34SR4185#06062020#120117.jpg,147,28,car plate,313,607,460,635
3#34SR4185#06062020#135904.jpg,195,34,car plate,524,559,719,593
3#34SR4185#06062020#151351.jpg,162,26,car plate,134,549,296,575
3#34SR8611#03062020#185946.jpg,199,32,car plate,572,608,771,640
3#34SRN60#03062020#154032.jpg,163,32,car plate,461,552,624,584
3#34ST7727#05062020#111716.jpg,153,27,car plate,365,622,518,649
3#34SV0339#03062020#100914.jpg,163,26,car plate,692,615,855,641
3#34SV2780#05062020#104547.jpg,182,28,car plate,664,519,846,547
3#34SV7871#03062020#013404.jpg,161,32,car plate,600,602,761,634
3#34SV7952#03062020#111948.jpg,168,27,car plate,526,644,694,671
3#34SV7964#03062020#125534.jpg,197,45,car plate,933,573,1130,618
3#34SY1075#08062020#192800.jpg,150,26,car plate,626,588,776,614
3#34SY3112#07062020#175348.jpg,144,25,car plate,759,591,903,616
3#34SY3112#07062020#215826.jpg,144,25,car plate,759,591,903,616
3#34SY5594#06062020#031410.jpg,178,29,car plate,758,502,936,531
3#34SY5594#06062020#031518.jpg,178,29,car plate,755,497,933,526
3#34SY5906#06062020#000301.jpg,186,33,car plate,626,590,812,623
3#34SY9942#06062020#025318.jpg,178,29,car plate,746,552,924,581
3#34SZ7668#03062020#212200.jpg,197,32,car plate,456,623,653,655
3#34SZ8307#03062020#014514.jpg,164,28,car plate,617,625,781,653
3#34SZ8624#03062020#212157.jpg,178,29,car plate,523,591,701,620
3#34T2468#03062020#185434.jpg,205,34,car plate,499,635,704,669
3#34TB5702#03062020#094518.jpg,168,26,car plate,578,625,746,651
3#34TBA24#03062020#110848.jpg,161,27,car plate,683,632,844,659
3#34TC0060#03062020#110822.jpg,165,28,car plate,655,621,820,649
3#34TC1507#03062020#125120.jpg,158,37,car plate,961,370,1119,407
3#34TD6051#08062020#121841.jpg,145,24,car plate,455,537,600,561
3#34TJ1718#08062020#171325.jpg,152,25,car plate,830,583,982,608
3#34TJ1718#08062020#190741.jpg,152,25,car plate,830,583,982,608
3#34TJ847#03062020#101859.jpg,160,33,car plate,1030,621,1190,654
3#34TK4177#03062020#212401.jpg,185,28,car plate,500,576,685,604
3#34TN3113#03062020#112048.jpg,165,27,car plate,499,630,664,657
3#34TN6893#05062020#200404.jpg,156,26,car plate,277,632,433,658
3#34TN6893#06062020#010926.jpg,177,28,car plate,379,576,556,604
3#34TP9060#03062020#112604.jpg,166,27,car plate,490,611,656,638
3#34TR5590#03062020#003519.jpg,151,25,car plate,502,605,653,630
3#34TR8991#03062020#003440.jpg,153,26,car plate,647,594,800,620
3#34TS2025#03062020#211920.jpg,185,33,car plate,822,592,1007,625
3#34TS7860#05062020#233028.jpg,193,28,car plate,804,577,997,605
3#34TT9510#06062020#033309.jpg,212,32,car plate,676,607,888,639
3#34TU1027#03062020#124358.jpg,212,36,car plate,525,572,737,608
3#34TU308#03062020#142002.jpg,194,29,car plate,603,596,797,625
3#34TU9535#05062020#233830.jpg,202,33,car plate,709,567,911,600
3#34TV5988#05062020#104009.jpg,184,29,car plate,772,558,956,587
3#34TV9826#03062020#213143.jpg,180,28,car plate,465,565,645,593
3#34TY6492#03062020#141229.jpg,200,34,car plate,596,639,796,673
3#34TZ2896#03062020#142512.jpg,180,29,car plate,658,565,838,594
3#34TZ8582#03062020#112046.jpg,167,33,car plate,814,644,981,677
3#34UB0080#03062020#212057.jpg,173,27,car plate,471,525,644,552
3#34UB7859#03062020#213630.jpg,184,28,car plate,556,643,740,671
3#34UC5489#06062020#000905.jpg,179,28,car plate,695,485,874,513
3#34UC7886#07062020#205735.jpg,150,25,car plate,498,572,648,597
3#34UD0844#07062020#171826.jpg,148,26,car plate,575,549,723,575
3#34UD6004#03062020#112757.jpg,164,27,car plate,498,630,662,657
3#34UE8951#03062020#173506.jpg,194,37,car plate,932,609,1126,646
3#34UE9324#03062020#175724.jpg,194,32,car plate,692,611,886,643
3#34UH3957#03062020#173502.jpg,191,36,car plate,926,587,1117,623
3#34UH5485#03062020#174323.jpg,185,32,car plate,843,581,1028,613
3#34UJ9569#07062020#154652.jpg,126,26,car plate,519,627,645,653
3#34UK5922#03062020#212100.jpg,193,32,car plate,400,605,593,637
3#34UL7755#03062020#112026.jpg,160,27,car plate,715,595,875,622
3#34UM3636#03062020#211552.jpg,186,33,car plate,401,601,587,634
3#34UM7768#08062020#131859.jpg,121,24,car plate,404,634,525,658
3#34UN5508#03062020#141602.jpg,180,32,car plate,494,613,674,645
3#34UN8321#03062020#211814.jpg,181,27,car plate,429,549,610,576
3#34UOL97#08062020#120332.jpg,149,25,car plate,747,549,896,574
3#34UP1732#03062020#213724.jpg,189,27,car plate,420,573,609,600
3#34UP2277#03062020#211804.jpg,194,32,car plate,435,610,629,642
3#34UT6989#03062020#141812.jpg,184,29,car plate,630,572,814,601
3#34UU5674#03062020#165649.jpg,125,35,car plate,516,481,641,516
3#34UU8657#06062020#025429.jpg,206,33,car plate,682,588,888,621
3#34UU9595#06062020#033422.jpg,193,34,car plate,813,574,1006,608
3#34UV2728#03062020#211727.jpg,180,27,car plate,434,546,614,573
3#34UV9880#08062020#123504.jpg,149,26,car plate,733,573,882,599
3#34UY4303#03062020#190000.jpg,193,29,car plate,636,632,829,661
3#34UY7106#03062020#101021.jpg,143,26,car plate,591,513,734,539
3#34VA7829#03062020#124033.jpg,198,33,car plate,499,580,697,613
3#34VD6549#03062020#213846.jpg,191,29,car plate,298,635,489,664
3#34VD7153#06062020#032730.jpg,199,33,car plate,677,570,876,603
3#34VD7728#03062020#111348.jpg,159,27,car plate,723,573,882,600
3#34VE5476#07062020#200641.jpg,161,32,car plate,95,622,256,654
3#34VE7182#03062020#214210.jpg,192,34,car plate,408,623,600,657
3#34VF5688#03062020#123655.jpg,194,34,car plate,713,562,907,596
3#34VF8250#03062020#211346.jpg,177,28,car plate,487,539,664,567
3#34VG4821#03062020#214259.jpg,194,29,car plate,397,642,591,671
3#34VH1202#07062020#190151.jpg,151,24,car plate,573,600,724,624
3#34VH2188#03062020#140557.jpg,190,32,car plate,639,648,829,680
3#34VH2188#03062020#143223.jpg,189,29,car plate,640,637,829,666
3#34VH8039#03062020#111321.jpg,164,26,car plate,476,608,640,634
3#34VHJ76#03062020#111530.jpg,153,25,car plate,441,524,594,549
3#34VJ0972#03062020#174303.jpg,199,28,car plate,408,613,607,641
3#34VJ1669#03062020#172823.jpg,183,32,car plate,798,566,981,598
3#34VJ2191#03062020#101616.jpg,159,27,car plate,954,594,1113,621
3#34VJ3198#03062020#190047.jpg,195,32,car plate,570,602,765,634
3#34VJ6617#03062020#213750.jpg,193,32,car plate,438,608,631,640
3#34VJ7287#03062020#124215.jpg,200,36,car plate,519,561,719,597
3#34VJ9145#03062020#142335.jpg,179,32,car plate,617,564,796,596
3#34VK7434#03062020#111700.jpg,165,27,car plate,579,613,744,640
3#34VK8905#08062020#133317.jpg,129,24,car plate,514,598,643,622
3#34VL0242#08062020#124627.jpg,145,25,car plate,615,556,760,581
3#34VL2675#03062020#111644.jpg,168,26,car plate,598,640,766,666
3#34VN7705#07062020#133235.jpg,134,25,car plate,600,589,734,614
3#34VN7705#07062020#201208.jpg,150,26,car plate,414,567,564,593
3#34VP9579#03062020#184155.jpg,202,35,car plate,645,643,847,678
3#34VR1196#03062020#154102.jpg,191,27,car plate,637,676,828,703
3#34VR253#03062020#213214.jpg,185,33,car plate,381,603,566,636
3#34VR5980#03062020#112416.jpg,173,26,car plate,520,627,693,653
3#34VR9756#07062020#121205.jpg,119,25,car plate,1010,584,1129,609
3#34VR9756#07062020#202153.jpg,148,25,car plate,445,547,593,572
3#34VS6194#06062020#001744.jpg,192,32,car plate,633,547,825,579
3#34VT2183#03062020#111839.jpg,164,29,car plate,777,611,941,640
3#34VT2795#03062020#212754.jpg,191,32,car plate,444,618,635,650
3#34VU3300#06062020#025829.jpg,194,32,car plate,880,557,1074,589
3#34VV3515#03062020#211357.jpg,193,33,car plate,511,616,704,649
3#34VVG14#03062020#173619.jpg,186,29,car plate,603,533,789,562
3#34VZ1517#03062020#125741.jpg,201,34,car plate,659,578,860,612
3#34Y6011#03062020#180651.jpg,190,28,car plate,136,630,326,658
3#34YA9763#03062020#124548.jpg,184,29,car plate,319,540,503,569
3#34YB4583#03062020#212053.jpg,193,29,car plate,523,618,716,647
3#34YB8966#03062020#155352.jpg,178,29,car plate,600,633,778,662
3#34YC092#03062020#213215.jpg,185,27,car plate,451,583,636,610
3#34YC1729#03062020#213156.jpg,179,28,car plate,444,572,623,600
3#34YEN54#03062020#112056.jpg,172,32,car plate,582,647,754,679
3#34YF894#05062020#102953.jpg,181,28,car plate,715,509,896,537
3#34YJ0709#03062020#111102.jpg,165,27,car plate,714,635,879,662
3#34YJ7082#03062020#095950.jpg,163,28,car plate,613,618,776,646
3#34YK0475#03062020#100640.jpg,162,27,car plate,546,617,708,644
3#34YM7023#03062020#101226.jpg,152,25,car plate,489,566,641,591
3#34YM7090#03062020#142124.jpg,198,32,car plate,633,643,831,675
3#34YN8356#03062020#125208.jpg,210,45,car plate,710,608,920,653
3#34YN9903#03062020#165710.jpg,144,29,car plate,483,588,627,617
3#34YOL24#03062020#002237.jpg,160,26,car plate,484,599,644,625
3#34YR3113#06062020#002018.jpg,200,34,car plate,790,593,990,627
3#34YR4750#03062020#112538.jpg,165,27,car plate,770,626,935,653
3#34YR6292#03062020#130211.jpg,196,37,car plate,516,572,712,609
3#34YR6870#03062020#094305.jpg,161,26,car plate,557,635,718,661
3#34YR9978#07062020#151928.jpg,140,26,car plate,677,625,817,651
3#34YT0193#03062020#213957.jpg,193,32,car plate,446,609,639,641
3#34YT1077#03062020#211513.jpg,179,29,car plate,318,615,497,644
3#34YT8406#03062020#111331.jpg,168,28,car plate,707,651,875,679
3#34YVL56#03062020#213955.jpg,196,32,car plate,449,612,645,644
3#34ZA0226#03062020#111127.jpg,169,27,car plate,512,653,681,680
3#34ZA336#03062020#110842.jpg,163,28,car plate,712,635,875,663
3#34ZA7809#03062020#190053.jpg,198,33,car plate,696,632,894,665
3#34ZA7910#03062020#175226.jpg,189,36,car plate,955,600,1144,636
3#34ZB5071#03062020#125447.jpg,201,34,car plate,509,595,710,629
3#34ZB5699#03062020#213406.jpg,196,32,car plate,440,638,636,670
3#34ZB9362#03062020#125529.jpg,210,36,car plate,748,606,958,642
3#34ZC2974#03062020#184350.jpg,182,32,car plate,545,550,727,582
3#34ZC5469#03062020#110755.jpg,162,26,car plate,628,591,790,617
3#34ZC5469#03062020#111158.jpg,172,28,car plate,654,647,826,675
3#34ZC9941#03062020#211632.jpg,182,29,car plate,431,573,613,602
3#34ZE2281#03062020#212717.jpg,181,27,car plate,479,594,660,621
3#34ZF7564#03062020#094514.jpg,159,27,car plate,382,610,541,637
3#34ZG0806#03062020#123721.jpg,201,32,car plate,541,597,742,629
3#34ZG1174#06062020#142740.jpg,198,33,car plate,760,621,958,654
3#34ZG3157#03062020#213543.jpg,192,32,car plate,362,618,554,650
3#34ZG5883#03062020#141126.jpg,205,33,car plate,605,639,810,672
3#34ZH6340#08062020#195810.jpg,149,27,car plate,932,579,1081,606
3#34ZJ7740#03062020#212319.jpg,192,33,car plate,352,630,544,663
3#34ZK0124#03062020#153347.jpg,179,28,car plate,586,652,765,680
3#34ZK6992#07062020#155331.jpg,134,27,car plate,560,617,694,644
3#34ZK6992#07062020#192512.jpg,152,27,car plate,562,630,714,657
3#34ZM4417#03062020#111015.jpg,166,27,car plate,700,599,866,626
3#34ZM6989#03062020#100305.jpg,156,26,car plate,669,585,825,611
3#34ZM7238#03062020#102525.jpg,152,28,car plate,987,558,1139,586
3#34ZM7853#03062020#111235.jpg,169,27,car plate,627,626,796,653
3#34ZM9613#03062020#012702.jpg,162,25,car plate,550,591,712,616
3#34ZN2253#03062020#125517.jpg,201,32,car plate,312,597,513,629
3#34ZN3402#03062020#113031.jpg,166,25,car plate,591,594,757,619
3#34ZN4908#03062020#111721.jpg,161,26,car plate,653,623,814,649
3#34ZN6035#05062020#234356.jpg,208,33,car plate,816,600,1024,633
3#34ZP1999#03062020#175857.jpg,196,29,car plate,546,623,742,652
3#34ZP5289#03062020#211450.jpg,199,28,car plate,306,645,505,673
3#34ZR1051#07062020#200440.jpg,149,29,car plate,605,540,754,569
3#34ZR3971#07062020#194658.jpg,151,25,car plate,529,573,680,598
3#34ZR6552#03062020#213151.jpg,191,36,car plate,839,596,1030,632
3#34ZR8109#03062020#213606.jpg,182,29,car plate,343,601,525,630
3#34ZRB34#03062020#185738.jpg,195,33,car plate,503,637,698,670
3#34ZRJ25#03062020#012857.jpg,169,28,car plate,559,631,728,659
3#34ZS4955#03062020#174345.jpg,196,28,car plate,566,624,762,652
3#34ZS8806#03062020#111428.jpg,160,27,car plate,706,628,866,655
3#34ZSE28#03062020#212643.jpg,178,28,car plate,381,604,559,632
3#34ZT0469#03062020#211423.jpg,194,28,car plate,357,621,551,649
3#34ZT3550#03062020#213547.jpg,189,29,car plate,415,600,604,629
3#34ZT6319#08062020#194320.jpg,152,27,car plate,735,608,887,635
3#34ZT7620#03062020#174247.jpg,195,28,car plate,495,650,690,678
3#34ZT8300#06062020#030125.jpg,186,32,car plate,768,528,954,560
3#34ZU4681#03062020#110928.jpg,165,27,car plate,549,619,714,646
3#34ZU4898#03062020#095731.jpg,163,27,car plate,522,631,685,658
3#34ZU6971#03062020#141425.jpg,192,28,car plate,541,610,733,638
3#34ZV4074#03062020#213731.jpg,196,29,car plate,424,641,620,670
3#35AC5642#08062020#114947.jpg,156,28,car plate,787,601,943,629
3#35ADU966#03062020#014318.jpg,149,27,car plate,529,527,678,554
3#35AE2489#07062020#124518.jpg,140,27,car plate,600,626,740,653
3#35AFU933#06062020#141521.jpg,195,33,car plate,769,525,964,558
3#35AFY88#06062020#000748.jpg,196,35,car plate,738,565,934,600
3#35AG7467#03062020#125130.jpg,194,33,car plate,329,575,523,608
3#35AH5369#03062020#125758.jpg,180,36,car plate,605,463,785,499
3#35AIT075#06062020#031054.jpg,192,33,car plate,843,565,1035,598
3#35AK066#06062020#030940.jpg,189,32,car plate,706,513,895,545
3#35ALN853#08062020#191147.jpg,149,25,car plate,557,562,706,587
3#35AS1687#07062020#193558.jpg,148,26,car plate,848,539,996,565
3#35ASA48#03062020#214230.jpg,182,27,car plate,480,592,662,619
3#35AT2137#03062020#124209.jpg,194,29,car plate,459,572,653,601
3#35AU1821#03062020#004719.jpg,142,25,car plate,688,619,830,644
3#35AU2930#08062020#193409.jpg,159,27,car plate,79,630,238,657
3#35AY3132#05062020#105852.jpg,189,29,car plate,702,523,891,552
3#35DIS26#08062020#192534.jpg,153,26,car plate,283,597,436,623
3#35DNJ76#03062020#214155.jpg,183,28,car plate,468,564,651,592
3#35DSN21#06062020#001657.jpg,185,28,car plate,726,589,911,617
3#35DTE31#08062020#193417.jpg,150,26,car plate,601,591,751,617
3#35DY117#07062020#215155.jpg,145,24,car plate,441,512,586,536
3#35EA0641#06062020#001004.jpg,198,34,car plate,774,589,972,623
3#35EA0712#06062020#032232.jpg,211,33,car plate,701,617,912,650
3#35ED428#03062020#165525.jpg,127,28,car plate,540,494,667,522
3#35EGG07#06062020#030347.jpg,175,27,car plate,771,487,946,514
3#35EU785#07062020#160950.jpg,143,27,car plate,476,607,619,634
3#35GB3803#03062020#212415.jpg,185,27,car plate,465,599,650,626
3#35GD9767#06062020#030323.jpg,193,29,car plate,757,550,950,579
3#35HB0909#07062020#140711.jpg,142,28,car plate,734,624,876,652
3#35HB4158#05062020#235458.jpg,197,29,car plate,673,563,870,592
3#35HC1927#07062020#161325.jpg,96,25,car plate,514,560,610,585
3#35HC8612#05062020#234305.jpg,175,25,car plate,744,471,919,496
3#35HNS19#06062020#000518.jpg,196,29,car plate,728,561,924,590
3#35KA7497#06062020#025041.jpg,199,34,car plate,786,592,985,626
3#35KA9200#06062020#024656.jpg,189,32,car plate,852,561,1041,593
3#35KB4357#05062020#100340.jpg,178,28,car plate,786,499,964,527
3#35KBN10#07062020#154347.jpg,136,26,car plate,626,605,762,631
3#35KCZ88#08062020#123604.jpg,153,27,car plate,643,599,796,626
3#35KD7181#06062020#031535.jpg,212,32,car plate,706,610,918,642
3#35KF8715#07062020#142712.jpg,134,25,car plate,951,584,1085,609
3#35KG4264#06062020#135918.jpg,181,28,car plate,843,569,1024,597
3#35KH4265#03062020#212920.jpg,192,32,car plate,508,609,700,641
3#35KIG75#07062020#191433.jpg,151,26,car plate,494,593,645,619
3#35KPK05#06062020#142222.jpg,190,28,car plate,876,549,1066,577
3#35MIL41#08062020#152455.jpg,143,25,car plate,273,573,416,598
3#35MTE61#03062020#185114.jpg,192,32,car plate,601,610,793,642
3#35MTG94#06062020#002223.jpg,196,32,car plate,743,519,939,551
3#35NGR64#07062020#172100.jpg,151,26,car plate,579,586,730,612
3#35NGR64#07062020#212539.jpg,151,26,car plate,579,586,730,612
3#35PN454#07062020#182919.jpg,156,25,car plate,463,633,619,658
3#35POH79#08062020#124108.jpg,150,27,car plate,867,564,1017,591
3#35SZ223#08062020#130211.jpg,153,25,car plate,496,559,649,584
3#35UCD48#06062020#135248.jpg,159,28,car plate,798,533,957,561
3#35YBY71#03062020#112944.jpg,178,29,car plate,469,627,647,656
3#35YZ303#03062020#175507.jpg,185,34,car plate,913,618,1098,652
3#35ZBE01#03062020#212133.jpg,193,32,car plate,444,630,637,662
3#35ZLK68#03062020#212853.jpg,190,28,car plate,464,604,654,632
3#37AAK888#06062020#024852.jpg,189,32,car plate,689,543,878,575
3#37BJ522#06062020#031430.jpg,181,32,car plate,784,531,965,563
3#37PP859#05062020#102701.jpg,166,27,car plate,847,470,1013,497
3#38ACA486#06062020#001439.jpg,189,29,car plate,679,557,868,586
3#38AT313#08062020#115129.jpg,157,27,car plate,850,631,1007,658
3#38BR4258#03062020#170307.jpg,132,32,car plate,547,540,679,572
3#38GU757#06062020#000156.jpg,213,33,car plate,607,602,820,635
3#38HC802#03062020#111031.jpg,161,27,car plate,674,618,835,645
3#38HC802#03062020#133809.jpg,178,27,car plate,306,590,484,617
3#38HJ932#03062020#164826.jpg,181,38,car plate,667,610,848,648
3#38HT592#05062020#110843.jpg,177,26,car plate,735,557,912,583
3#38JG682#06062020#000330.jpg,209,33,car plate,808,611,1017,644
3#38JL380#07062020#122044.jpg,142,26,car plate,806,622,948,648
3#38JS251#03062020#164713.jpg,140,32,car plate,170,530,310,562
3#38RN784#08062020#192952.jpg,149,26,car plate,545,614,694,640
3#38SC514#06062020#034854.jpg,189,29,car plate,763,549,952,578
3#38TV620#06062020#034447.jpg,199,33,car plate,628,583,827,616
3#39TL824#05062020#233135.jpg,182,28,car plate,945,529,1127,557
3#3MJE752#07062020#193351.jpg,148,26,car plate,270,573,418,599
3#40DR091#06062020#024822.jpg,193,28,car plate,786,561,979,589
3#40NA346#03062020#095334.jpg,166,32,car plate,609,614,775,646
3#41ABS156#08062020#195533.jpg,156,27,car plate,742,591,898,618
3#41ACN408#06062020#003152.jpg,209,33,car plate,682,605,891,638
3#41ADH697#08062020#123606.jpg,158,28,car plate,608,606,766,634
3#41AY190#03062020#111248.jpg,156,25,car plate,582,585,738,610
3#41B7267#07062020#132418.jpg,125,27,car plate,649,505,774,532
3#41BI9249#07062020#182304.jpg,99,76,car plate,393,276,492,352
3#41BI9249#07062020#182304.jpg,150,25,car plate,519,597,669,622
3#41BK347#06062020#003210.jpg,201,33,car plate,766,573,967,606
3#41BS974#05062020#101251.jpg,183,29,car plate,764,507,947,536
3#41F8413#08062020#192106.jpg,161,27,car plate,700,654,861,681
3#41GC242#07062020#193913.jpg,143,27,car plate,523,621,666,648
3#41GK943#03062020#124441.jpg,195,43,car plate,734,591,929,634
3#41H4463#03062020#180138.jpg,196,29,car plate,558,622,754,651
3#41H6175#08062020#120603.jpg,145,27,car plate,950,608,1095,635
3#41KC770#03062020#213938.jpg,180,29,car plate,600,610,780,639
3#41KT945#03062020#212825.jpg,174,28,car plate,513,555,687,583
3#41LF996#06062020#033322.jpg,206,32,car plate,748,594,954,626
3#41LY135#03062020#213758.jpg,189,32,car plate,451,595,640,627
3#41RU855#03062020#142201.jpg,190,33,car plate,591,639,781,672
3#41SC175#03062020#125840.jpg,193,33,car plate,400,589,593,622
3#41U4182#03062020#213140.jpg,176,29,car plate,491,580,667,609
3#41UE953#03062020#190002.jpg,192,33,car plate,625,630,817,663
3#41VN934#07062020#203258.jpg,149,27,car plate,665,590,814,617
3#41YZ448#07062020#205641.jpg,147,25,car plate,466,563,613,588
3#426VY49#07062020#190212.jpg,158,26,car plate,505,612,663,638
3#42ADF583#05062020#103304.jpg,206,34,car plate,743,602,949,636
3#42AHZ55#06062020#025813.jpg,201,33,car plate,822,611,1023,644
3#42CFJ88#07062020#143242.jpg,61,23,car plate,941,598,1002,621
3#42CIS73#07062020#142248.jpg,120,24,car plate,783,603,903,627
3#42DFP76#03062020#165601.jpg,132,29,car plate,929,582,1061,611
3#42DIT54#08062020#124107.jpg,157,26,car plate,581,627,738,653
3#42DKY62#05062020#101748.jpg,182,26,car plate,745,533,927,559
3#42DKY62#05062020#234322.jpg,206,29,car plate,656,619,862,648
3#42DKY62#06062020#024934.jpg,191,33,car plate,865,588,1056,621
3#42DLC63#07062020#162348.jpg,135,27,car plate,510,594,645,621
3#42DNM48#08062020#191955.jpg,150,26,car plate,574,576,724,602
3#42DPE41#07062020#122757.jpg,136,28,car plate,531,604,667,632
3#42DPY43#05062020#105342.jpg,167,26,car plate,668,458,835,484
3#42EKU41#08062020#193642.jpg,150,26,car plate,961,605,1111,631
3#42FFF83#08062020#191541.jpg,164,26,car plate,400,628,564,654
3#42HK639#06062020#001302.jpg,190,28,car plate,676,541,866,569
3#42HNK77#07062020#203308.jpg,165,27,car plate,437,613,602,640
3#42JN002#03062020#004610.jpg,83,24,car plate,996,567,1079,591
3#42PG637#08062020#192812.jpg,142,25,car plate,714,471,856,496
3#42PS192#03062020#170223.jpg,146,29,car plate,570,654,716,683
3#42R6105#08062020#192236.jpg,160,26,car plate,671,655,831,681
3#42RU993#07062020#161825.jpg,103,25,car plate,581,593,684,618
3#42RY429#07062020#200757.jpg,150,24,car plate,482,573,632,597
3#42TJ110#05062020#110304.jpg,206,32,car plate,636,610,842,642
3#42TZ112#08062020#192633.jpg,158,28,car plate,529,651,687,679
3#42Y2426#03062020#005225.jpg,128,24,car plate,670,589,798,613
3#43AAD172#07062020#192810.jpg,156,25,car plate,445,612,601,637
3#43AAF286#07062020#123817.jpg,46,23,car plate,544,603,590,626
3#43AAF286#07062020#194009.jpg,150,26,car plate,698,546,848,572
3#43AAR473#07062020#202752.jpg,156,26,car plate,597,616,753,642
3#43AAT419#07062020#173248.jpg,150,25,car plate,520,573,670,598
3#43AAT419#07062020#213727.jpg,150,25,car plate,520,573,670,598
3#43AAZ09#07062020#154918.jpg,137,27,car plate,567,614,704,641
3#43AC117#07062020#172304.jpg,152,28,car plate,1117,616,1269,644
3#43AC117#07062020#212742.jpg,152,28,car plate,1117,616,1269,644
3#43AF319#08062020#114944.jpg,148,32,car plate,635,611,783,643
3#43AJ127#07062020#160445.jpg,134,26,car plate,398,589,532,615
3#43AP458#08062020#130420.jpg,143,24,car plate,876,497,1019,521
3#43AT571#07062020#230825.jpg,153,29,car plate,572,565,725,594
3#43AV517#07062020#122948.jpg,135,28,car plate,522,618,657,646
3#43DU429#06062020#034545.jpg,198,34,car plate,915,598,1113,632
3#43FD975#07062020#134525.jpg,133,27,car plate,379,584,512,611
3#43FD975#07062020#204533.jpg,147,27,car plate,460,528,607,555
3#43KZ365#07062020#142552.jpg,136,28,car plate,657,593,793,621
3#43LP749#07062020#191758.jpg,156,26,car plate,49,602,205,628
3#43LR858#07062020#192830.jpg,147,26,car plate,1080,518,1227,544
3#43LU550#08062020#122657.jpg,148,25,car plate,560,556,708,581
3#43MA0121#06062020#002950.jpg,207,36,car plate,683,609,890,645
3#43NC610#08062020#115621.jpg,146,26,car plate,760,534,906,560
3#43ND880#08062020#120151.jpg,153,27,car plate,735,625,888,652
3#43NE900#07062020#183904.jpg,153,26,car plate,512,595,665,621
3#43NK333#08062020#114659.jpg,158,26,car plate,475,628,633,654
3#43NK733#08062020#194645.jpg,160,26,car plate,603,645,763,671
3#43NY233#07062020#201111.jpg,148,27,car plate,953,577,1101,604
3#43RC769#03062020#003812.jpg,144,25,car plate,890,518,1034,543
3#43RE559#07062020#142709.jpg,108,26,car plate,446,595,554,621
3#43RE559#07062020#190254.jpg,152,24,car plate,371,587,523,611
3#43RS505#07062020#165727.jpg,159,25,car plate,671,596,830,621
3#43RS505#07062020#210205.jpg,158,25,car plate,671,596,829,621
3#43RZ090#07062020#152559.jpg,119,26,car plate,506,592,625,618
3#43RZ090#07062020#180406.jpg,144,26,car plate,935,521,1079,547
3#43RZ090#07062020#220844.jpg,150,27,car plate,944,578,1094,605
3#43SC186#07062020#203323.jpg,149,25,car plate,635,569,784,594
3#43SE133#08062020#122233.jpg,153,27,car plate,694,608,847,635
3#43SN054#08062020#125455.jpg,158,27,car plate,609,634,767,661
3#43SN976#07062020#184932.jpg,153,26,car plate,535,611,688,637
3#43U1206#08062020#195726.jpg,151,24,car plate,521,659,672,683
3#43U3512#07062020#142928.jpg,134,25,car plate,569,612,703,637
3#43U3512#07062020#175450.jpg,151,27,car plate,802,615,953,642
3#43U3512#07062020#215928.jpg,150,27,car plate,802,615,952,642
3#43U6936#07062020#181914.jpg,135,24,car plate,568,574,703,598
3#43U9952#07062020#184427.jpg,148,25,car plate,695,542,843,567
3#43U9953#07062020#140425.jpg,133,24,car plate,954,567,1087,591
3#43U9953#07062020#182914.jpg,157,25,car plate,570,618,727,643
3#43UD480#07062020#153146.jpg,133,25,car plate,521,574,654,599
3#43UU539#07062020#134106.jpg,76,26,car plate,379,619,455,645
3#43YC180#08062020#123103.jpg,148,27,car plate,791,526,939,553
3#44ABJ62#07062020#144916.jpg,137,26,car plate,714,582,851,608
3#44BB126#03062020#213305.jpg,172,28,car plate,491,530,663,558
3#44BG509#08062020#122956.jpg,151,28,car plate,1061,635,1212,663
3#45AD120#08062020#194007.jpg,156,25,car plate,560,602,716,627
3#45B6155#07062020#195419.jpg,144,24,car plate,523,503,667,527
3#45EA857#06062020#033058.jpg,209,34,car plate,826,607,1035,641
3#45PL990#06062020#034645.jpg,206,33,car plate,704,609,910,642
3#45RU764#08062020#130235.jpg,152,26,car plate,688,574,840,600
3#45SS192#07062020#205949.jpg,146,25,car plate,528,576,674,601
3#45TD118#08062020#191910.jpg,146,28,car plate,845,544,991,572
3#45V0175#07062020#182244.jpg,159,26,car plate,674,630,833,656
3#45V0176#07062020#152255.jpg,119,25,car plate,603,560,722,585
3#45VE126#08062020#195608.jpg,160,26,car plate,593,657,753,683
3#45YA8940#03062020#141741.jpg,195,33,car plate,505,597,700,630
3#45YA9716#08062020#193654.jpg,121,24,car plate,462,668,583,692
3#45YS694#05062020#102050.jpg,191,29,car plate,719,559,910,588
3#45YS694#06062020#030139.jpg,180,29,car plate,771,525,951,554
3#45YU477#06062020#000831.jpg,205,29,car plate,869,589,1074,618
3#46AAD527#05062020#110539.jpg,178,32,car plate,853,519,1031,551
3#46FE762#06062020#140250.jpg,182,34,car plate,777,531,959,565
3#46LU339#03062020#170013.jpg,132,32,car plate,468,605,600,637
3#46NY837#03062020#170154.jpg,133,33,car plate,504,504,637,537
3#47LJ362#08062020#153817.jpg,70,25,car plate,1075,337,1145,362
3#48ACV942#06062020#002836.jpg,185,29,car plate,677,514,862,543
3#48HE894#03062020#124200.jpg,202,34,car plate,408,580,610,614
3#48J7586#08062020#192040.jpg,156,28,car plate,551,617,707,645
3#48JN511#08062020#141557.jpg,160,27,car plate,615,619,775,646
3#48L5336#07062020#153554.jpg,134,27,car plate,443,571,577,598
3#48N6265#07062020#173652.jpg,153,27,car plate,676,608,829,635
3#48N6265#07062020#214131.jpg,153,25,car plate,676,609,829,634
3#48U2993#07062020#175625.jpg,143,25,car plate,676,555,819,580
3#48U2993#07062020#220103.jpg,146,27,car plate,677,602,823,629
3#48VE198#07062020#140815.jpg,108,29,car plate,475,606,583,635
3#48YG333#08062020#195249.jpg,158,27,car plate,1034,666,1192,693
3#4REK338#03062020#140959.jpg,195,34,car plate,533,632,728,666
3#51BM674#03062020#190130.jpg,196,33,car plate,554,616,750,649
3#52AAZ219#05062020#105919.jpg,201,34,car plate,849,622,1050,656
3#52FG164#06062020#000245.jpg,195,33,car plate,725,559,920,592
3#52FG164#06062020#000855.jpg,186,33,car plate,652,503,838,536
3#52FT733#07062020#160610.jpg,141,26,car plate,597,630,738,656
3#53AJ187#08062020#123432.jpg,149,25,car plate,531,530,680,555
3#53DT553#07062020#205623.jpg,157,25,car plate,456,602,613,627
3#54AAD993#07062020#193739.jpg,141,26,car plate,624,507,765,533
3#54ABM944#07062020#162426.jpg,144,26,car plate,726,632,870,658
3#54ABM944#07062020#193628.jpg,148,25,car plate,526,506,674,531
3#54B9213#07062020#190012.jpg,149,27,car plate,711,597,860,624
3#54BN584#08062020#192408.jpg,152,29,car plate,666,592,818,621
3#54E1739#07062020#184106.jpg,142,24,car plate,561,573,703,597
3#54EN742#06062020#030508.jpg,209,34,car plate,693,614,902,648
3#54FU678#07062020#172903.jpg,151,28,car plate,751,594,902,622
3#54FU678#07062020#213342.jpg,151,28,car plate,750,594,901,622
3#54GC095#07062020#185342.jpg,152,26,car plate,583,589,735,615
3#54M77676#03062020#125846.jpg,207,28,car plate,513,582,720,610
3#54PD690#08062020#171154.jpg,153,24,car plate,793,632,946,656
3#54PD690#08062020#190523.jpg,146,23,car plate,784,555,930,578
3#54PD690#08062020#190610.jpg,153,24,car plate,793,632,946,656
3#54RG584#08062020#191400.jpg,153,25,car plate,539,631,692,656
3#54RG835#07062020#154035.jpg,143,28,car plate,679,624,822,652
3#54RG835#07062020#192155.jpg,162,27,car plate,439,629,601,656
3#54SH549#06062020#001948.jpg,195,32,car plate,775,587,970,619
3#54TK928#06062020#025952.jpg,182,27,car plate,758,487,940,514
3#54YF997#05062020#234839.jpg,206,36,car plate,765,615,971,651
3#54YL878#03062020#174310.jpg,191,28,car plate,619,627,810,655
3#54YY142#07062020#174200.jpg,149,25,car plate,426,604,575,629
3#54YY142#07062020#214639.jpg,146,26,car plate,432,559,578,585
3#54ZN736#05062020#102654.jpg,179,27,car plate,697,496,876,523
3#54ZN736#06062020#141104.jpg,208,35,car plate,658,608,866,643
3#55ABM33#03062020#211342.jpg,195,29,car plate,383,624,578,653
3#55ABZ848#08062020#124557.jpg,148,25,car plate,614,591,762,616
3#55ADK435#07062020#184451.jpg,153,26,car plate,767,611,920,637
3#55APN55#03062020#212633.jpg,195,28,car plate,491,618,686,646
3#55BC136#08062020#120238.jpg,151,26,car plate,653,576,804,602
3#55BCV07#05062020#102638.jpg,178,28,car plate,742,493,920,521
3#55DE640#03062020#011957.jpg,143,24,car plate,452,474,595,498
3#55DE640#07062020#200759.jpg,156,27,car plate,564,615,720,642
3#55DU052#07062020#190632.jpg,158,26,car plate,514,607,672,633
3#55EK762#03062020#212300.jpg,193,28,car plate,382,606,575,634
3#55ER929#06062020#000658.jpg,191,28,car plate,723,535,914,563
3#55ER929#06062020#025332.jpg,199,29,car plate,749,566,948,595
3#55FB578#05062020#105923.jpg,198,34,car plate,862,606,1060,640
3#55ST101#05062020#102334.jpg,182,29,car plate,714,519,896,548
3#55VJ733#07062020#134450.jpg,133,26,car plate,665,625,798,651
3#57AAJ135#05062020#105319.jpg,198,34,car plate,894,639,1092,673
3#58ABY131#08062020#133443.jpg,88,23,car plate,736,626,824,649
3#58AD577#03062020#164720.jpg,150,33,car plate,121,598,271,631
3#58AE383#03062020#164657.jpg,162,34,car plate,318,647,480,681
3#58BC005#03062020#164706.jpg,134,27,car plate,201,487,335,514
3#58BE072#03062020#164811.jpg,185,38,car plate,213,638,398,676
3#58BF181#03062020#164710.jpg,151,35,car plate,125,635,276,670
3#58BF300#03062020#164737.jpg,162,38,car plate,475,635,637,673
3#58BF897#03062020#164835.jpg,184,41,car plate,740,613,924,654
3#58BG401#03062020#164723.jpg,144,32,car plate,200,610,344,642
3#58BL267#03062020#164814.jpg,165,35,car plate,295,534,460,569
3#58BM777#03062020#164635.jpg,125,26,car plate,949,405,1074,431
3#58BN940#03062020#164601.jpg,165,36,car plate,921,649,1086,685
3#58DR207#03062020#164703.jpg,151,34,car plate,163,610,314,644
3#58DS500#03062020#164808.jpg,179,41,car plate,231,624,410,665
3#58FR047#03062020#164801.jpg,168,35,car plate,144,563,312,598
3#58FT989#03062020#164743.jpg,159,33,car plate,220,626,379,659
3#58HE731#07062020#172413.jpg,148,25,car plate,248,567,396,592
3#58HE731#07062020#212851.jpg,147,25,car plate,249,567,396,592
3#58NA297#03062020#164730.jpg,160,35,car plate,276,624,436,659
3#58NN555#03062020#164700.jpg,152,32,car plate,226,585,378,617
3#58NZ032#03062020#164654.jpg,159,35,car plate,397,621,556,656
3#58PB182#06062020#031840.jpg,210,32,car plate,677,611,887,643
3#58SF600#03062020#164829.jpg,184,38,car plate,606,590,790,628
3#58T0125#03062020#164609.jpg,166,37,car plate,672,641,838,678
3#58TA734#03062020#164640.jpg,165,34,car plate,697,630,862,664
3#58TE498#03062020#164820.jpg,177,35,car plate,242,590,419,625
3#58TH130#03062020#164804.jpg,173,36,car plate,123,602,296,638
3#58TN028#03062020#164817.jpg,172,35,car plate,130,548,302,583
3#58TS132#03062020#164647.jpg,164,34,car plate,562,619,726,653
3#58TT267#03062020#164615.jpg,168,34,car plate,787,649,955,683
3#58TV151#03062020#164732.jpg,152,34,car plate,178,596,330,630
3#58TY533#03062020#164823.jpg,182,37,car plate,683,624,865,661
3#58TZ443#03062020#164554.jpg,160,33,car plate,673,649,833,682
3#58UD108#03062020#164629.jpg,158,33,car plate,708,636,866,669
3#59AV686#06062020#030514.jpg,185,32,car plate,775,555,960,587
3#59EH244#07062020#185314.jpg,151,27,car plate,750,572,901,599
3#59FD610#03062020#110950.jpg,158,25,car plate,666,580,824,605
3#59FJ285#03062020#211720.jpg,196,26,car plate,382,633,578,659
3#59JE675#07062020#153716.jpg,142,28,car plate,609,618,751,646
3#59JE675#07062020#200448.jpg,145,27,car plate,506,457,651,484
3#59LM103#03062020#094631.jpg,166,27,car plate,586,627,752,654
3#59PB316#03062020#190106.jpg,190,33,car plate,616,586,806,619
3#59RL304#03062020#125048.jpg,189,38,car plate,775,511,964,549
3#59RP911#03062020#125228.jpg,183,37,car plate,811,521,994,558
3#59SC662#03062020#213340.jpg,190,29,car plate,435,636,625,665
3#59VG174#03062020#141315.jpg,202,33,car plate,561,647,763,680
3#60AAP094#06062020#000821.jpg,184,29,car plate,718,558,902,587
3#60AY971#08062020#194322.jpg,149,25,car plate,94,568,243,593
3#60ES824#07062020#170125.jpg,151,26,car plate,449,570,600,596
3#60ES824#07062020#210603.jpg,158,26,car plate,441,627,599,653
3#60ES929#03062020#164756.jpg,168,35,car plate,322,632,490,667
3#60KY633#03062020#214254.jpg,186,27,car plate,451,617,637,644
3#60NN818#08062020#192728.jpg,150,26,car plate,502,562,652,588
3#60TZ182#06062020#025401.jpg,201,32,car plate,807,602,1008,634
3#61AAY357#06062020#030541.jpg,191,29,car plate,646,582,837,611
3#61ABJ317#07062020#173935.jpg,151,26,car plate,621,575,772,601
3#61ABJ317#07062020#214413.jpg,158,26,car plate,619,615,777,641
3#61AG073#07062020#160743.jpg,117,25,car plate,636,559,753,584
3#61AZ382#06062020#031714.jpg,195,29,car plate,729,548,924,577
3#61BK848#07062020#150753.jpg,135,25,car plate,707,561,842,586
3#61EE142#06062020#000737.jpg,184,29,car plate,657,510,841,539
3#61KZ300#03062020#164622.jpg,163,34,car plate,785,609,948,643
3#61SC223#03062020#125213.jpg,197,32,car plate,314,574,511,606
3#61VL757#07062020#120950.jpg,133,25,car plate,826,568,959,593
3#61VV573#03062020#211747.jpg,189,29,car plate,529,602,718,631
3#64AAG889#07062020#202934.jpg,146,25,car plate,636,564,782,589
3#64AAG889#08062020#122629.jpg,151,27,car plate,652,611,803,638
3#64AAH535#08062020#125546.jpg,147,26,car plate,587,566,734,592
3#64ABD172#08062020#171851.jpg,143,26,car plate,646,514,789,540
3#64ABD172#08062020#191052.jpg,145,26,car plate,645,554,790,580
3#64AE137#07062020#123941.jpg,125,26,car plate,560,606,685,632
3#64AE137#07062020#171035.jpg,141,25,car plate,772,602,913,627
3#64AE137#07062020#211513.jpg,141,25,car plate,772,602,913,627
3#64KB575#07062020#202614.jpg,152,26,car plate,241,572,393,598
3#64NB363#06062020#025914.jpg,194,28,car plate,843,577,1037,605
3#66AAB996#08062020#122212.jpg,157,26,car plate,715,637,872,663
3#66EB243#03062020#123738.jpg,200,32,car plate,530,569,730,601
3#66FE730#07062020#162028.jpg,134,26,car plate,676,621,810,647
3#66LB942#07062020#172020.jpg,164,32,car plate,529,615,693,647
3#66LB942#07062020#212458.jpg,159,28,car plate,534,563,693,591
3#66LR533#03062020#111509.jpg,172,26,car plate,584,636,756,662
3#66PD596#08062020#121152.jpg,152,29,car plate,1028,610,1180,639
3#66SB956#07062020#162245.jpg,135,26,car plate,591,607,726,633
3#67AAH069#06062020#030458.jpg,199,34,car plate,806,561,1005,595
3#67FC126#08062020#193134.jpg,161,26,car plate,575,635,736,661
3#67TE505#06062020#025708.jpg,192,33,car plate,760,526,952,559
3#67ZC628#08062020#195728.jpg,147,23,car plate,698,632,845,655
3#67ZJ100#07062020#165716.jpg,157,27,car plate,628,599,785,626
3#67ZJ100#07062020#210154.jpg,157,27,car plate,628,599,785,626
3#68AAF569#06062020#025110.jpg,180,29,car plate,823,549,1003,578
3#68FD588#03062020#165935.jpg,132,28,car plate,582,519,714,547
3#69AAD223#06062020#032636.jpg,198,33,car plate,746,607,944,640
3#71AAN572#06062020#032916.jpg,194,29,car plate,836,570,1030,599
3#71ES451#05062020#101341.jpg,192,29,car plate,679,559,871,588
3#72AAE649#05062020#105152.jpg,180,27,car plate,756,516,936,543
3#74AN823#03062020#100505.jpg,159,24,car plate,698,599,857,623
3#76GM489#08062020#120422.jpg,151,26,car plate,451,562,602,588
3#76VL142#07062020#172747.jpg,148,23,car plate,283,544,431,567
3#76VL142#07062020#213226.jpg,150,24,car plate,275,573,425,597
3#77AR231#07062020#162305.jpg,136,26,car plate,548,585,684,611
3#78BZ375#05062020#104910.jpg,214,34,car plate,756,628,970,662
3#79AAD059#07062020#135130.jpg,81,26,car plate,494,607,575,633
3#79AAD059#07062020#182056.jpg,156,26,car plate,439,619,595,645
3#80EB606#08062020#122352.jpg,151,26,car plate,810,566,961,592
3#80FF910#07062020#184049.jpg,152,26,car plate,793,625,945,651
3#81EB671#07062020#193455.jpg,159,32,car plate,549,564,708,596
3#81EU954#06062020#031145.jpg,192,27,car plate,810,545,1002,572
3#81SY806#03062020#011459.jpg,147,25,car plate,356,548,503,573
3#911CJZ11#07062020#185704.jpg,156,25,car plate,506,628,662,653
3#ABG683#08062020#205316.jpg,51,23,car plate,206,608,257,631
3#ABJ4574#07062020#161222.jpg,134,27,car plate,502,593,636,620
3#B05DPC#07062020#195429.jpg,144,25,car plate,616,501,760,526
3#B26ABD#08062020#120823.jpg,145,25,car plate,615,509,760,534
3#BA816484#08062020#212122.jpg,128,25,car plate,322,556,450,581
3#BG1251DU#03062020#111852.jpg,163,25,car plate,457,608,620,633
3#BY174#08062020#194003.jpg,159,27,car plate,889,654,1048,681
3#CFI9284#07062020#144554.jpg,142,26,car plate,616,602,758,628
3#DED389#08062020#110936.jpg,140,25,car plate,144,626,284,651
3#DIG600#03062020#130313.jpg,195,32,car plate,228,608,423,640
3#DR422#07062020#194845.jpg,144,26,car plate,911,572,1055,598
3#FC697#03062020#012048.jpg,152,25,car plate,586,473,738,498
3#FJ6924#03062020#124948.jpg,196,36,car plate,793,610,989,646
3#GFBZ308#03062020#164753.jpg,159,36,car plate,851,540,1010,576
3#GN07WWC#05062020#134913.jpg,149,26,car plate,389,484,538,510
3#GNK1016#07062020#133007.jpg,120,25,car plate,531,498,651,523
3#H07FRT#07062020#174607.jpg,146,27,car plate,764,571,910,598
3#H07FRT#07062020#215046.jpg,157,27,car plate,769,622,926,649
3#HKMB7167#06062020#034248.jpg,189,32,car plate,888,582,1077,614
3#KA534#07062020#175047.jpg,153,26,car plate,699,589,852,615
3#KA534#07062020#215526.jpg,153,26,car plate,699,589,852,615
3#LN576#08062020#193356.jpg,149,26,car plate,437,587,586,613
3#LTA822#07062020#182417.jpg,142,27,car plate,867,637,1009,664
3#M26ACT#07062020#193408.jpg,142,26,car plate,855,473,997,499
3#NL893#08062020#153027.jpg,113,25,car plate,563,645,676,670
3#OG400956#05062020#102357.jpg,177,27,car plate,753,491,930,518
3#OG800545#06062020#032313.jpg,207,36,car plate,733,607,940,643
3#OG880378#05062020#200434.jpg,147,26,car plate,411,609,558,635
3#OP436XT#07062020#013222.jpg,85,24,car plate,898,609,983,633
3#P7777KA#05062020#105733.jpg,152,26,car plate,709,446,861,472
3#PP7385AX#03062020#141752.jpg,201,34,car plate,565,646,766,680
3#PS396#08062020#204107.jpg,134,28,car plate,814,643,948,671
3#R42AHA#07062020#160509.jpg,103,27,car plate,637,592,740,619
3#T26VKB#08062020#194901.jpg,146,26,car plate,601,506,747,532
3#TKC340#07062020#200322.jpg,145,25,car plate,526,533,671,558
3#U46EHI#07062020#173957.jpg,216,44,car plate,1037,589,1253,633
3#WHZ9206#03062020#174358.jpg,198,29,car plate,252,648,450,677
3#YGPV585#08062020#194607.jpg,134,25,car plate,920,385,1054,410
3#YU46EHI#07062020#214436.jpg,216,44,car plate,1037,589,1253,633
3#ZG440368#08062020#134907.jpg,63,25,car plate,525,597,588,622
3#ZG480062#07062020#160402.jpg,132,27,car plate,400,522,532,549
3#ZG481329#07062020#131443.jpg,70,25,car plate,634,579,704,604
3#ZG482729#07062020#162513.jpg,107,26,car plate,587,548,694,574
3#ZG488760#07062020#150317.jpg,107,26,car plate,620,626,727,652
3#ZG488917#07062020#152141.jpg,121,27,car plate,753,612,874,639
3#ZG66838#07062020#203816.jpg,157,26,car plate,595,614,752,640
3#ZM4027#03062020#190020.jpg,200,34,car plate,689,631,889,665
4#01AT351#03062020#142634.jpg,153,24,car plate,649,598,802,622
4#01B7617#08062020#171825.jpg,147,25,car plate,315,555,462,580
4#01B7617#08062020#191024.jpg,52,25,car plate,409,522,461,547
4#01CHK91#06062020#001830.jpg,195,32,car plate,660,558,855,590
4#01DBG19#06062020#024642.jpg,190,28,car plate,752,559,942,587
4#01LJ127#05062020#100606.jpg,193,32,car plate,584,529,777,561
4#01NN087#05062020#104647.jpg,199,29,car plate,832,589,1031,618
4#01RS655#05062020#100535.jpg,181,28,car plate,712,516,893,544
4#01YT795#06062020#001547.jpg,192,34,car plate,761,566,953,600
4#02BB464#03062020#153528.jpg,186,33,car plate,606,663,792,696
4#03AAY466#05062020#233438.jpg,193,29,car plate,808,577,1001,606
4#03ABD643#03062020#004817.jpg,146,24,car plate,780,594,926,618
4#03ABU414#08062020#191836.jpg,148,26,car plate,603,650,751,676
4#03BG954#03062020#003121.jpg,141,25,car plate,652,584,793,609
4#03BP454#08062020#191426.jpg,147,25,car plate,556,577,703,602
4#03HS529#03062020#010450.jpg,107,24,car plate,598,633,705,657
4#03L4181#08062020#195635.jpg,147,27,car plate,969,582,1116,609
4#03N0007#08062020#200231.jpg,149,26,car plate,631,580,780,606
4#03N0011#07062020#230848.jpg,98,25,car plate,836,588,934,613
4#03SM616#08062020#193945.jpg,146,26,car plate,614,549,760,575
4#03VD274#03062020#154758.jpg,176,33,car plate,425,662,601,695
4#03VF001#08062020#191741.jpg,153,26,car plate,713,624,866,650
4#03VV897#08062020#171811.jpg,153,26,car plate,559,651,712,677
4#03VV897#08062020#191010.jpg,146,25,car plate,563,568,709,593
4#03VY655#08062020#212934.jpg,86,24,car plate,411,616,497,640
4#04DJB38#08062020#191416.jpg,152,27,car plate,437,607,589,634
4#05FE611#06062020#002807.jpg,183,29,car plate,684,491,867,520
4#05HK382#05062020#104351.jpg,208,32,car plate,776,616,984,648
4#06AAC471#06062020#030953.jpg,191,32,car plate,723,545,914,577
4#06AAE436#06062020#104704.jpg,177,28,car plate,251,578,428,606
4#06AAH479#06062020#025655.jpg,176,27,car plate,772,479,948,506
4#06AAK576#06062020#032520.jpg,196,32,car plate,698,568,894,600
4#06AAL484#06062020#000228.jpg,198,34,car plate,825,593,1023,627
4#06AAL642#06062020#032333.jpg,210,33,car plate,821,617,1031,650
4#06AAN479#05062020#101427.jpg,158,26,car plate,672,426,830,452
4#06AAR996#06062020#001104.jpg,190,28,car plate,851,557,1041,585
4#06AAT851#06062020#141019.jpg,218,33,car plate,655,639,873,672
4#06AAT971#06062020#002154.jpg,196,34,car plate,742,535,938,569
4#06AAT971#06062020#030307.jpg,212,33,car plate,778,610,990,643
4#06AAV725#05062020#104020.jpg,207,34,car plate,734,597,941,631
4#06AAY279#06062020#025232.jpg,176,27,car plate,730,519,906,546
4#06AAY719#06062020#032317.jpg,193,33,car plate,823,549,1016,582
4#06AB5053#05062020#233937.jpg,201,34,car plate,854,612,1055,646
4#06AB8475#05062020#100336.jpg,202,32,car plate,805,605,1007,637
4#06AB9618#05062020#140848.jpg,153,25,car plate,267,490,420,515
4#06ABA226#05062020#105223.jpg,184,28,car plate,815,540,999,568
4#06ABG160#06062020#030958.jpg,193,32,car plate,784,571,977,603
4#06ABG359#06062020#034243.jpg,196,33,car plate,836,572,1032,605
4#06ABH388#06062020#001645.jpg,201,33,car plate,701,566,902,599
4#06ABH799#06062020#033653.jpg,181,29,car plate,818,510,999,539
4#06ABJ587#06062020#030404.jpg,193,28,car plate,825,580,1018,608
4#06ABJ765#06062020#140340.jpg,212,35,car plate,682,601,894,636
4#06ABL746#05062020#100849.jpg,151,27,car plate,797,428,948,455
4#06ABP690#05062020#102127.jpg,193,32,car plate,716,502,909,534
4#06ABS342#05062020#101722.jpg,175,27,car plate,639,469,814,496
4#06ABT387#05062020#102852.jpg,177,29,car plate,819,496,996,525
4#06ABY542#05062020#194217.jpg,150,24,car plate,558,581,708,605
4#06ABY542#06062020#004332.jpg,175,28,car plate,404,557,579,585
4#06AC5577#06062020#002659.jpg,183,29,car plate,699,494,882,523
4#06ACA60#05062020#115217.jpg,168,26,car plate,456,533,624,559
4#06ACB451#05062020#234025.jpg,208,34,car plate,760,602,968,636
4#06ACE622#05062020#102031.jpg,194,32,car plate,809,555,1003,587
4#06ACF274#06062020#142552.jpg,210,32,car plate,699,600,909,632
4#06ACG938#05062020#234549.jpg,196,29,car plate,844,565,1040,594
4#06ACH242#06062020#033002.jpg,212,36,car plate,732,624,944,660
4#06ACH663#06062020#142640.jpg,212,34,car plate,704,619,916,653
4#06ACH733#05062020#140718.jpg,147,25,car plate,471,425,618,450
4#06ACK08#06062020#033443.jpg,209,32,car plate,779,598,988,630
4#06ACK901#06062020#000215.jpg,202,32,car plate,711,597,913,629
4#06ACL373#06062020#002818.jpg,201,32,car plate,611,555,812,587
4#06ACN170#06062020#142017.jpg,207,34,car plate,711,618,918,652
4#06ACN480#06062020#034547.jpg,191,32,car plate,759,518,950,550
4#06ACN673#05062020#101242.jpg,194,33,car plate,766,511,960,544
4#06ACP711#05062020#102439.jpg,202,33,car plate,705,560,907,593
4#06ACR12#05062020#105624.jpg,217,36,car plate,648,637,865,673
4#06ACS376#06062020#030149.jpg,213,33,car plate,644,599,857,632
4#06ACS520#06062020#001739.jpg,212,35,car plate,713,615,925,650
4#06ACS956#06062020#000346.jpg,198,28,car plate,676,564,874,592
4#06ACT731#05062020#101447.jpg,217,35,car plate,796,615,1013,650
4#06ACT891#06062020#032649.jpg,191,32,car plate,820,577,1011,609
4#06ACY006#05062020#102509.jpg,214,33,car plate,748,633,962,666
4#06ACY157#06062020#001803.jpg,179,29,car plate,765,505,944,534
4#06ACY751#05062020#101926.jpg,175,27,car plate,602,478,777,505
4#06ACZ720#05062020#234316.jpg,215,37,car plate,509,620,724,657
4#06AD4001#08062020#193310.jpg,153,27,car plate,372,641,525,668
4#06ADC033#05062020#234225.jpg,194,29,car plate,792,569,986,598
4#06ADE435#06062020#032231.jpg,197,33,car plate,574,555,771,588
4#06ADE610#06062020#033144.jpg,185,29,car plate,713,528,898,557
4#06ADG996#06062020#151521.jpg,181,27,car plate,305,584,486,611
4#06ADJ723#06062020#031313.jpg,193,29,car plate,761,562,954,591
4#06ADN58#06062020#142456.jpg,182,28,car plate,715,496,897,524
4#06ADS576#06062020#033156.jpg,205,33,car plate,669,582,874,615
4#06ADT896#06062020#001836.jpg,185,29,car plate,685,503,870,532
4#06ADV917#06062020#003134.jpg,199,33,car plate,740,577,939,610
4#06ADV939#06062020#024947.jpg,196,29,car plate,737,541,933,570
4#06ADZ560#06062020#140003.jpg,205,33,car plate,718,597,923,630
4#06ADZ790#06062020#023452.jpg,152,26,car plate,449,618,601,644
4#06ADZ790#06062020#033820.jpg,205,29,car plate,711,594,916,623
4#06ADZ790#06062020#034448.jpg,186,32,car plate,733,519,919,551
4#06AE0123#06062020#001245.jpg,212,33,car plate,680,614,892,647
4#06AE5257#05062020#101545.jpg,189,33,car plate,827,537,1016,570
4#06AEB262#06062020#030945.jpg,164,26,car plate,633,446,797,472
4#06AEC335#05062020#100548.jpg,182,28,car plate,823,533,1005,561
4#06AEK274#06062020#141137.jpg,189,28,car plate,737,532,926,560
4#06AEK615#06062020#032817.jpg,200,33,car plate,587,578,787,611
4#06AEL131#06062020#140816.jpg,206,34,car plate,689,580,895,614
4#06AEL240#08062020#200120.jpg,142,23,car plate,335,497,477,520
4#06AEM283#05062020#104739.jpg,193,32,car plate,683,536,876,568
4#06AEM923#05062020#233910.jpg,202,33,car plate,799,599,1001,632
4#06AEN599#06062020#142045.jpg,186,29,car plate,839,539,1025,568
4#06AES508#05062020#102455.jpg,178,29,car plate,751,473,929,502
4#06AF6383#06062020#143148.jpg,200,32,car plate,755,578,955,610
4#06AF8970#08062020#192024.jpg,148,26,car plate,586,528,734,554
4#06AFA172#05062020#100204.jpg,194,28,car plate,742,559,936,587
4#06AFC280#06062020#002755.jpg,182,28,car plate,764,557,946,585
4#06AFC422#06062020#032949.jpg,200,33,car plate,688,587,888,620
4#06AFF381#06062020#002809.jpg,159,25,car plate,783,465,942,490
4#06AFF870#05062020#234751.jpg,180,27,car plate,743,489,923,516
4#06AFL329#06062020#033937.jpg,211,35,car plate,805,616,1016,651
4#06AFM332#06062020#025518.jpg,208,33,car plate,828,625,1036,658
4#06AFM920#06062020#033013.jpg,195,32,car plate,572,533,767,565
4#06AFN420#05062020#233343.jpg,213,35,car plate,625,607,838,642
4#06AFP247#06062020#025131.jpg,201,32,car plate,830,588,1031,620
4#06AFR251#06062020#034215.jpg,193,28,car plate,791,569,984,597
4#06AFS505#05062020#100211.jpg,215,35,car plate,755,618,970,653
4#06AFT302#06062020#000731.jpg,201,32,car plate,668,582,869,614
4#06AFT436#06062020#033924.jpg,200,33,car plate,761,565,961,598
4#06AFT597#05062020#233546.jpg,181,28,car plate,810,494,991,522
4#06AFU187#06062020#032513.jpg,197,29,car plate,742,560,939,589
4#06AFV202#06062020#031805.jpg,191,32,car plate,780,553,971,585
4#06AFV604#06062020#143419.jpg,160,26,car plate,796,439,956,465
4#06AG1794#06062020#032712.jpg,181,27,car plate,639,551,820,578
4#06AG1953#06062020#034522.jpg,174,26,car plate,672,464,846,490
4#06AG3804#06062020#142157.jpg,189,25,car plate,744,597,933,622
4#06AG7217#06062020#140411.jpg,184,32,car plate,811,541,995,573
4#06AG8163#06062020#030240.jpg,194,29,car plate,731,553,925,582
4#06AG9110#06062020#032759.jpg,207,32,car plate,702,573,909,605
4#06AGB406#06062020#032809.jpg,182,28,car plate,772,511,954,539
4#06AGB599#05062020#102014.jpg,184,29,car plate,665,514,849,543
4#06AGB599#05062020#135010.jpg,149,25,car plate,409,441,558,466
4#06AGB599#06062020#005956.jpg,175,28,car plate,443,566,618,594
4#06AGB717#05062020#101746.jpg,173,27,car plate,745,482,918,509
4#06AGB737#06062020#141705.jpg,197,29,car plate,653,543,850,572
4#06AGD640#05062020#102037.jpg,199,32,car plate,784,584,983,616
4#06AGE745#06062020#115528.jpg,147,26,car plate,342,590,489,616
4#06AGF796#05062020#100554.jpg,184,29,car plate,731,499,915,528
4#06AGH327#06062020#032725.jpg,201,34,car plate,794,558,995,592
4#06AGJ110#05062020#235312.jpg,206,35,car plate,762,601,968,636
4#06AGL734#05062020#234840.jpg,172,27,car plate,823,517,995,544
4#06AGN817#05062020#104948.jpg,211,32,car plate,752,606,963,638
4#06AGP773#05062020#102239.jpg,206,34,car plate,759,594,965,628
4#06AH5921#06062020#032015.jpg,200,32,car plate,721,583,921,615
4#06AH671#06062020#140122.jpg,196,32,car plate,917,610,1113,642
4#06AK7144#05062020#164750.jpg,85,20,car plate,537,599,622,619
4#06AK7144#05062020#193709.jpg,85,20,car plate,537,599,622,619
4#06AK7144#06062020#003853.jpg,175,33,car plate,536,581,711,614
4#06AL2612#06062020#030610.jpg,193,32,car plate,686,575,879,607
4#06ALH77#06062020#032943.jpg,180,28,car plate,770,508,950,536
4#06ALY74#05062020#140815.jpg,182,28,car plate,439,589,621,617
4#06AN1015#05062020#100315.jpg,195,34,car plate,719,567,914,601
4#06AN6907#06062020#034426.jpg,206,33,car plate,705,576,911,609
4#06ANL05#06062020#140128.jpg,175,28,car plate,747,469,922,497
4#06AP6657#05062020#105250.jpg,211,32,car plate,773,604,984,636
4#06AP6696#06062020#032155.jpg,183,32,car plate,743,496,926,528
4#06AP7287#05062020#105900.jpg,158,26,car plate,721,440,879,466
4#06AP967#05062020#235113.jpg,202,33,car plate,769,589,971,622
4#06AR3235#05062020#110248.jpg,195,32,car plate,697,516,892,548
4#06AR7215#05062020#234150.jpg,222,37,car plate,640,569,862,606
4#06AR7442#05062020#234502.jpg,214,34,car plate,757,618,971,652
4#06ARC006#06062020#111707.jpg,163,27,car plate,362,442,525,469
4#06ARS16#05062020#235420.jpg,207,32,car plate,660,554,867,586
4#06AS5974#05062020#235328.jpg,192,28,car plate,591,600,783,628
4#06AS6999#05062020#104711.jpg,163,25,car plate,767,448,930,473
4#06AS8200#06062020#140049.jpg,198,33,car plate,748,528,946,561
4#06ASE83#06062020#033658.jpg,200,34,car plate,742,580,942,614
4#06AT2781#05062020#235248.jpg,186,29,car plate,719,544,905,573
4#06ATY29#06062020#000153.jpg,190,33,car plate,777,567,967,600
4#06AU0412#06062020#023650.jpg,149,26,car plate,512,598,661,624
4#06AU0412#06062020#034030.jpg,179,29,car plate,844,508,1023,537
4#06AU4033#06062020#030453.jpg,194,32,car plate,778,560,972,592
4#06AU5166#05062020#100302.jpg,183,28,car plate,774,538,957,566
4#06AV0713#06062020#135922.jpg,173,26,car plate,748,469,921,495
4#06AV3515#06062020#024721.jpg,198,35,car plate,826,606,1024,641
4#06AV3673#06062020#034305.jpg,206,32,car plate,633,581,839,613
4#06AV9198#05062020#102109.jpg,196,32,car plate,693,581,889,613
4#06AVB70#05062020#110531.jpg,163,27,car plate,857,442,1020,469
4#06AY0541#06062020#030731.jpg,189,28,car plate,741,554,930,582
4#06AY0624#06062020#000216.jpg,212,36,car plate,719,618,931,654
4#06AYD12#05062020#100832.jpg,194,28,car plate,856,550,1050,578
4#06AYZ10#03062020#143333.jpg,181,28,car plate,645,637,826,665
4#06AZB76#05062020#100845.jpg,169,28,car plate,805,505,974,533
4#06BA760#06062020#032002.jpg,215,34,car plate,695,623,910,657
4#06BA8698#06062020#000709.jpg,217,34,car plate,609,599,826,633
4#06BA8698#06062020#034235.jpg,206,32,car plate,614,550,820,582
4#06BAH045#06062020#030710.jpg,200,33,car plate,717,577,917,610
4#06BAH228#03062020#004043.jpg,133,23,car plate,546,485,679,508
4#06BAJ241#05062020#101340.jpg,178,32,car plate,767,501,945,533
4#06BAN052#06062020#033229.jpg,194,27,car plate,786,581,980,608
4#06BB0609#06062020#032844.jpg,185,29,car plate,754,531,939,560
4#06BB4813#05062020#100834.jpg,214,34,car plate,636,623,850,657
4#06BB4883#05062020#102704.jpg,201,33,car plate,784,581,985,614
4#06BB505#06062020#025047.jpg,184,29,car plate,772,531,956,560
4#06BB6927#05062020#234238.jpg,189,29,car plate,714,527,903,556
4#06BB8485#06062020#152913.jpg,176,29,car plate,419,593,595,622
4#06BB8767#06062020#034042.jpg,191,29,car plate,762,509,953,538
4#06BB965#06062020#031231.jpg,192,29,car plate,664,539,856,568
4#06BBU151#08062020#194919.jpg,153,27,car plate,729,630,882,657
4#06BBV181#06062020#002437.jpg,186,32,car plate,689,509,875,541
4#06BC3592#05062020#132509.jpg,165,26,car plate,326,487,491,513
4#06BC3756#05062020#235621.jpg,200,32,car plate,730,572,930,604
4#06BC5657#06062020#025819.jpg,176,28,car plate,672,499,848,527
4#06BC902#06062020#033851.jpg,191,32,car plate,702,551,893,583
4#06BCA278#05062020#235608.jpg,200,32,car plate,663,571,863,603
4#06BCA278#06062020#143231.jpg,210,33,car plate,642,606,852,639
4#06BCA736#06062020#143141.jpg,208,29,car plate,647,590,855,619
4#06BCF262#06062020#033303.jpg,202,33,car plate,761,586,963,619
4#06BCH529#05062020#235845.jpg,199,33,car plate,668,520,867,553
4#06BCJ939#05062020#195627.jpg,149,26,car plate,404,603,553,629
4#06BCJ939#06062020#010213.jpg,175,27,car plate,321,578,496,605
4#06BCM055#06062020#032311.jpg,192,29,car plate,820,554,1012,583
4#06BCP586#06062020#002227.jpg,198,32,car plate,741,568,939,600
4#06BCV002#07062020#012957.jpg,151,24,car plate,245,578,396,602
4#06BCY874#06062020#000837.jpg,218,35,car plate,785,626,1003,661
4#06BD1767#05062020#100803.jpg,197,32,car plate,760,580,957,612
4#06BD4374#05062020#102157.jpg,156,26,car plate,518,425,674,451
4#06BD4374#06062020#141348.jpg,195,33,car plate,595,541,790,574
4#06BD6743#06062020#002022.jpg,205,33,car plate,777,605,982,638
4#06BDB596#06062020#032202.jpg,190,34,car plate,692,505,882,539
4#06BDD327#06062020#034137.jpg,214,35,car plate,761,607,975,642
4#06BDD628#06062020#031524.jpg,186,32,car plate,809,504,995,536
4#06BDE351#05062020#234308.jpg,191,33,car plate,747,536,938,569
4#06BDF216#06062020#033919.jpg,198,32,car plate,775,560,973,592
4#06BDF817#05062020#102008.jpg,183,32,car plate,838,562,1021,594
4#06BDG518#06062020#033257.jpg,193,29,car plate,743,572,936,601
4#06BDJ286#06062020#000245.jpg,193,28,car plate,898,536,1091,564
4#06BDN030#06062020#033046.jpg,207,33,car plate,777,600,984,633
4#06BDP487#06062020#032532.jpg,201,28,car plate,771,572,972,600
4#06BE1533#05062020#110421.jpg,199,32,car plate,831,591,1030,623
4#06BE8466#06062020#034134.jpg,182,29,car plate,816,530,998,559
4#06BEC065#06062020#034228.jpg,184,29,car plate,695,557,879,586
4#06BEC191#08062020#193329.jpg,153,25,car plate,405,601,558,626
4#06BEG109#05062020#233431.jpg,192,28,car plate,762,541,954,569
4#06BEK771#06062020#141608.jpg,196,32,car plate,783,580,979,612
4#06BEL296#05062020#235523.jpg,208,33,car plate,783,602,991,635
4#06BEM034#06062020#032508.jpg,180,27,car plate,827,571,1007,598
4#06BEM239#06062020#002833.jpg,183,28,car plate,728,530,911,558
4#06BEM403#05062020#233258.jpg,205,29,car plate,706,569,911,598
4#06BEN317#05062020#235039.jpg,213,33,car plate,709,604,922,637
4#06BEP51#06062020#034039.jpg,190,35,car plate,855,546,1045,581
4#06BET958#06062020#002622.jpg,221,35,car plate,718,620,939,655
4#06BEU503#05062020#234246.jpg,205,32,car plate,638,558,843,590
4#06BF8462#06062020#002847.jpg,184,32,car plate,689,516,873,548
4#06BFA480#05062020#234544.jpg,173,28,car plate,704,469,877,497
4#06BFF690#08062020#192813.jpg,151,26,car plate,573,578,724,604
4#06BFG101#06062020#024649.jpg,184,32,car plate,730,472,914,504
4#06BFG452#06062020#003220.jpg,201,35,car plate,649,557,850,592
4#06BFH02#05062020#235813.jpg,160,26,car plate,715,440,875,466
4#06BFJ278#07062020#013105.jpg,150,26,car plate,508,583,658,609
4#06BFL282#05062020#110021.jpg,214,34,car plate,620,638,834,672
4#06BFL823#06062020#033110.jpg,207,33,car plate,780,592,987,625
4#06BFP995#05062020#101634.jpg,194,27,car plate,744,554,938,581
4#06BFR965#05062020#235146.jpg,198,29,car plate,732,569,930,598
4#06BFT775#06062020#002013.jpg,200,34,car plate,779,559,979,593
4#06BFU208#05062020#233639.jpg,214,33,car plate,741,595,955,628
4#06BFV093#03062020#010312.jpg,149,24,car plate,507,596,656,620
4#06BFZ175#06062020#032606.jpg,205,32,car plate,746,548,951,580
4#06BFZ478#06062020#025916.jpg,173,27,car plate,740,512,913,539
4#06BG8342#05062020#105455.jpg,174,26,car plate,657,481,831,507
4#06BG9006#06062020#000317.jpg,200,32,car plate,736,574,936,606
4#06BGC166#06062020#000537.jpg,189,28,car plate,683,514,872,542
4#06BGC314#06062020#031208.jpg,192,28,car plate,649,533,841,561
4#06BGE683#06062020#033417.jpg,197,29,car plate,690,614,887,643
4#06BGH580#08062020#195010.jpg,151,26,car plate,998,627,1149,653
4#06BGL920#06062020#140945.jpg,182,29,car plate,771,528,953,557
4#06BGM36#05062020#105559.jpg,189,29,car plate,745,540,934,569
4#06BGM478#06062020#030154.jpg,209,33,car plate,835,601,1044,634
4#06BGN542#05062020#104412.jpg,185,29,car plate,757,517,942,546
4#06BGN542#06062020#030822.jpg,207,32,car plate,728,598,935,630
4#06BGP839#06062020#032600.jpg,189,29,car plate,795,490,984,519
4#06BGP839#06062020#111227.jpg,186,28,car plate,363,600,549,628
4#06BGS010#05062020#105631.jpg,211,35,car plate,797,620,1008,655
4#06BGU503#06062020#000312.jpg,184,28,car plate,807,531,991,559
4#06BH2972#06062020#142606.jpg,208,34,car plate,724,599,932,633
4#06BH594#06062020#001712.jpg,207,33,car plate,712,613,919,646
4#06BHB796#05062020#103021.jpg,156,25,car plate,724,429,880,454
4#06BHC975#05062020#104600.jpg,198,35,car plate,777,586,975,621
4#06BHH904#06062020#003124.jpg,206,34,car plate,698,612,904,646
4#06BHK367#06062020#001816.jpg,210,33,car plate,711,625,921,658
4#06BHL553#06062020#034205.jpg,185,28,car plate,729,536,914,564
4#06BHN448#05062020#102052.jpg,183,28,car plate,754,523,937,551
4#06BHT410#06062020#033314.jpg,209,32,car plate,742,602,951,634
4#06BHY124#06062020#032553.jpg,200,32,car plate,740,592,940,624
4#06BHZ366#06062020#030129.jpg,186,28,car plate,737,517,923,545
4#06BIC115#05062020#100949.jpg,178,28,car plate,773,560,951,588
4#06BIC708#06062020#032208.jpg,192,29,car plate,693,538,885,567
4#06BIC948#05062020#101709.jpg,191,32,car plate,757,561,948,593
4#06BIC948#06062020#143041.jpg,197,34,car plate,630,560,827,594
4#06BIE038#06062020#034654.jpg,190,28,car plate,657,542,847,570
4#06BIE403#06062020#034734.jpg,199,32,car plate,745,561,944,593
4#06BIG504#05062020#100254.jpg,179,28,car plate,684,459,863,487
4#06BIH66#06062020#024731.jpg,211,33,car plate,683,618,894,651
4#06BIP058#06062020#135341.jpg,198,34,car plate,816,604,1014,638
4#06BIR324#05062020#100446.jpg,177,28,car plate,729,522,906,550
4#06BIS885#06062020#031055.jpg,190,28,car plate,743,574,933,602
4#06BIT745#05062020#103741.jpg,191,32,car plate,592,514,783,546
4#06BJ1181#05062020#104044.jpg,202,33,car plate,713,600,915,633
4#06BJ1181#06062020#141731.jpg,172,28,car plate,637,469,809,497
4#06BJE870#05062020#235152.jpg,199,32,car plate,776,560,975,592
4#06BJK41#05062020#234008.jpg,180,29,car plate,832,497,1012,526
4#06BJM168#06062020#142926.jpg,199,35,car plate,716,543,915,578
4#06BJS284#06062020#034058.jpg,206,29,car plate,846,620,1052,649
4#06BJU475#06062020#025718.jpg,186,29,car plate,896,556,1082,585
4#06BJV144#06062020#033541.jpg,186,29,car plate,737,538,923,567
4#06BJZ639#06062020#032525.jpg,183,28,car plate,701,490,884,518
4#06BK0293#06062020#003114.jpg,213,32,car plate,797,618,1010,650
4#06BK0574#06062020#025522.jpg,201,33,car plate,740,592,941,625
4#06BK1253#06062020#141113.jpg,190,29,car plate,729,517,919,546
4#06BK3540#06062020#031946.jpg,209,35,car plate,794,611,1003,646
4#06BK376#06062020#001623.jpg,190,29,car plate,697,571,887,600
4#06BK8085#06062020#030254.jpg,198,33,car plate,702,549,900,582
4#06BKC458#06062020#000723.jpg,196,29,car plate,738,610,934,639
4#06BKF118#05062020#235500.jpg,207,33,car plate,585,587,792,620
4#06BKL401#05062020#104651.jpg,176,28,car plate,771,497,947,525
4#06BKM524#08062020#191417.jpg,158,28,car plate,898,668,1056,696
4#06BKM858#06062020#031030.jpg,210,33,car plate,643,600,853,633
4#06BKT896#05062020#100520.jpg,185,29,car plate,698,495,883,524
4#06BKU259#06062020#001939.jpg,199,33,car plate,833,598,1032,631
4#06BL176#05062020#100725.jpg,176,28,car plate,787,500,963,528
4#06BL4990#06062020#032047.jpg,195,28,car plate,742,559,937,587
4#06BL7743#06062020#033137.jpg,190,29,car plate,741,499,931,528
4#06BL840#05062020#234212.jpg,165,27,car plate,658,463,823,490
4#06BLA671#05062020#110617.jpg,197,34,car plate,835,589,1032,623
4#06BLE263#05062020#234244.jpg,199,34,car plate,851,581,1050,615
4#06BLJ202#05062020#101235.jpg,176,29,car plate,814,453,990,482
4#06BLJ902#06062020#002643.jpg,196,32,car plate,763,590,959,622
4#06BLK508#06062020#032446.jpg,198,32,car plate,678,561,876,593
4#06BLK746#06062020#002351.jpg,196,33,car plate,814,587,1010,620
4#06BM2174#06062020#135559.jpg,208,32,car plate,720,594,928,626
4#06BM4251#06062020#033404.jpg,191,32,car plate,668,511,859,543
4#06BM5653#05062020#102252.jpg,184,29,car plate,888,541,1072,570
4#06BM5653#06062020#140217.jpg,193,33,car plate,856,568,1049,601
4#06BM8755#06062020#001504.jpg,208,32,car plate,617,605,825,637
4#06BMB503#05062020#102536.jpg,189,29,car plate,742,561,931,590
4#06BMB841#05062020#234156.jpg,198,32,car plate,712,586,910,618
4#06BMF363#06062020#030219.jpg,191,33,car plate,711,560,902,593
4#06BML933#06062020#003212.jpg,198,29,car plate,710,589,908,618
4#06BN1918#05062020#101207.jpg,164,26,car plate,743,441,907,467
4#06BN2914#06062020#031012.jpg,181,26,car plate,717,563,898,589
4#06BN5867#05062020#110518.jpg,215,37,car plate,783,631,998,668
4#06BNC789#06062020#001659.jpg,199,29,car plate,729,558,928,587
4#06BNC854#06062020#140707.jpg,193,29,car plate,777,537,970,566
4#06BNF447#06062020#003144.jpg,202,35,car plate,746,586,948,621
4#06BNM772#06062020#135233.jpg,212,35,car plate,783,620,995,655
4#06BNN416#05062020#233111.jpg,196,32,car plate,695,555,891,587
4#06BNP077#06062020#140730.jpg,209,33,car plate,765,564,974,597
4#06BNP568#06062020#030659.jpg,199,29,car plate,652,528,851,557
4#06BNS533#05062020#104222.jpg,166,28,car plate,847,488,1013,516
4#06BNT043#06062020#140156.jpg,179,29,car plate,791,495,970,524
4#06BNY577#06062020#032936.jpg,199,34,car plate,808,598,1007,632
4#06BOD190#05062020#102221.jpg,172,29,car plate,692,470,864,499
4#06BOD545#05062020#100245.jpg,199,32,car plate,734,578,933,610
4#06BOD545#05062020#235637.jpg,191,32,car plate,711,539,902,571
4#06BOE391#06062020#032429.jpg,189,32,car plate,757,546,946,578
4#06BOE772#06062020#030509.jpg,196,34,car plate,695,555,891,589
4#06BOM182#06062020#135732.jpg,199,33,car plate,831,588,1030,621
4#06BON812#06062020#001537.jpg,201,29,car plate,730,598,931,627
4#06BOP002#05062020#110215.jpg,193,32,car plate,713,591,906,623
4#06BOS960#06062020#140736.jpg,168,29,car plate,786,471,954,500
4#06BOT643#06062020#034740.jpg,211,34,car plate,704,606,915,640
4#06BOU121#06062020#025534.jpg,195,29,car plate,703,564,898,593
4#06BOU701#06062020#004245.jpg,174,29,car plate,383,601,557,630
4#06BOY651#05062020#100440.jpg,190,32,car plate,707,544,897,576
4#06BOZ949#05062020#103807.jpg,208,35,car plate,871,628,1079,663
4#06BP1713#06062020#033100.jpg,195,32,car plate,774,575,969,607
4#06BP2146#08062020#195312.jpg,152,26,car plate,590,598,742,624
4#06BP2889#06062020#140149.jpg,201,34,car plate,740,589,941,623
4#06BP6833#06062020#031201.jpg,179,25,car plate,651,543,830,568
4#06BPA871#08062020#171641.jpg,146,26,car plate,510,539,656,565
4#06BPA871#08062020#190948.jpg,146,27,car plate,510,538,656,565
4#06BPC785#06062020#032852.jpg,194,28,car plate,739,567,933,595
4#06BPD009#06062020#032248.jpg,180,32,car plate,693,509,873,541
4#06BPF496#05062020#101417.jpg,192,27,car plate,781,578,973,605
4#06BPH227#06062020#001502.jpg,211,29,car plate,748,618,959,647
4#06BPJ702#05062020#100638.jpg,205,33,car plate,752,606,957,639
4#06BPK012#05062020#102106.jpg,150,26,car plate,675,436,825,462
4#06BPK012#06062020#000814.jpg,191,32,car plate,734,571,925,603
4#06BPK765#06062020#000406.jpg,208,33,car plate,709,604,917,637
4#06BPL694#05062020#103857.jpg,206,37,car plate,835,625,1041,662
4#06BPM211#06062020#141454.jpg,192,29,car plate,727,534,919,563
4#06BPV485#05062020#100156.jpg,202,32,car plate,830,604,1032,636
4#06BPY389#06062020#142326.jpg,221,35,car plate,666,609,887,644
4#06BR0095#06062020#034221.jpg,186,29,car plate,733,527,919,556
4#06BR1866#05062020#100209.jpg,192,33,car plate,809,569,1001,602
4#06BR4165#06062020#031850.jpg,182,28,car plate,667,500,849,528
4#06BR9075#06062020#025125.jpg,210,33,car plate,837,605,1047,638
4#06BR9373#05062020#101903.jpg,183,28,car plate,765,574,948,602
4#06BR9845#06062020#025506.jpg,200,34,car plate,753,608,953,642
4#06BRB991#05062020#235250.jpg,196,32,car plate,801,551,997,583
4#06BRB991#06062020#135207.jpg,190,33,car plate,749,511,939,544
4#06BRG630#06062020#034104.jpg,205,33,car plate,763,576,968,609
4#06BRN79#05062020#110708.jpg,201,34,car plate,802,598,1003,632
4#06BS0991#06062020#032346.jpg,196,32,car plate,829,608,1025,640
4#06BS4733#06062020#135510.jpg,186,33,car plate,709,524,895,557
4#06BS5139#05062020#100651.jpg,169,28,car plate,653,445,822,473
4#06BS5848#05062020#100508.jpg,201,34,car plate,822,588,1023,622
4#06BS6854#06062020#024730.jpg,210,33,car plate,601,555,811,588
4#06BT3353#03062020#165036.jpg,124,25,car plate,243,586,367,611
4#06BT4077#06062020#021208.jpg,156,26,car plate,523,591,679,617
4#06BT4077#06062020#110340.jpg,178,29,car plate,533,544,711,573
4#06BT4928#05062020#235633.jpg,189,33,car plate,642,519,831,552
4#06BT7123#06062020#000616.jpg,198,35,car plate,688,552,886,587
4#06BU0286#05062020#110454.jpg,186,28,car plate,785,537,971,565
4#06BU4789#06062020#032738.jpg,164,26,car plate,727,503,891,529
4#06BU7023#06062020#025643.jpg,192,32,car plate,814,532,1006,564
4#06BU8602#06062020#024637.jpg,213,32,car plate,661,618,874,650
4#06BUB698#08062020#191917.jpg,141,26,car plate,333,648,474,674
4#06BV2129#06062020#030427.jpg,190,32,car plate,809,495,999,527
4#06BY1080#06062020#002453.jpg,183,29,car plate,835,534,1018,563
4#06BY3330#05062020#110810.jpg,196,27,car plate,695,559,891,586
4#06BY7538#06062020#025418.jpg,198,33,car plate,736,581,934,614
4#06BY880#05062020#195927.jpg,102,23,car plate,630,615,732,638
4#06BY880#06062020#010500.jpg,177,32,car plate,599,585,776,617
4#06BY9047#06062020#002248.jpg,193,29,car plate,779,546,972,575
4#06BZ0384#06062020#140910.jpg,178,29,car plate,800,483,978,512
4#06BZC07#06062020#002127.jpg,207,33,car plate,695,600,902,633
4#06CAN75#06062020#002319.jpg,205,33,car plate,731,506,936,539
4#06CD1208#06062020#003101.jpg,133,52,car plate,773,599,906,651
4#06CD2022#05062020#135954.jpg,191,28,car plate,414,588,605,616
4#06CD2022#05062020#141059.jpg,153,26,car plate,508,403,661,429
4#06CD5558#05062020#134254.jpg,166,25,car plate,273,531,439,556
4#06CD5970#05062020#234904.jpg,200,32,car plate,797,557,997,589
4#06CD5993#05062020#104748.jpg,176,27,car plate,711,484,887,511
4#06CD6003#06062020#105948.jpg,175,27,car plate,448,575,623,602
4#06CD6092#06062020#140246.jpg,185,27,car plate,695,577,880,604
4#06CD6305#06062020#030738.jpg,217,32,car plate,686,601,903,633
4#06CD6346#06062020#140142.jpg,195,32,car plate,854,528,1049,560
4#06CD6348#05062020#103023.jpg,195,29,car plate,684,521,879,550
4#06CD6691#05062020#234810.jpg,195,32,car plate,660,544,855,576
4#06CD6793#05062020#101928.jpg,184,28,car plate,731,523,915,551
4#06CD6858#05062020#100624.jpg,186,34,car plate,593,504,779,538
4#06CD6951#05062020#234857.jpg,217,36,car plate,694,607,911,643
4#06CD6985#06062020#033712.jpg,198,29,car plate,542,541,740,570
4#06CD7143#06062020#140721.jpg,195,33,car plate,787,519,982,552
4#06CD7182#06062020#141517.jpg,217,35,car plate,858,617,1075,652
4#06CD7328#06062020#135240.jpg,209,34,car plate,668,604,877,638
4#06CD7386#05062020#102010.jpg,208,32,car plate,608,585,816,617
4#06CD7565#06062020#023230.jpg,151,24,car plate,360,597,511,621
4#06CD7565#06062020#032835.jpg,205,32,car plate,677,564,882,596
4#06CGL83#06062020#001541.jpg,195,32,car plate,737,515,932,547
4#06CNN64#06062020#135520.jpg,193,34,car plate,796,575,989,609
4#06COP33#06062020#025318.jpg,201,33,car plate,738,498,939,531
4#06D0092#05062020#104033.jpg,202,28,car plate,761,601,963,629
4#06D0094#06062020#121820.jpg,153,26,car plate,476,625,629,651
4#06D0094#06062020#141717.jpg,199,32,car plate,580,564,779,596
4#06D3364#05062020#101300.jpg,184,32,car plate,771,538,955,570
4#06D7673#06062020#025447.jpg,182,32,car plate,800,570,982,602
4#06D9734#05062020#103000.jpg,197,33,car plate,746,584,943,617
4#06DA4598#05062020#234347.jpg,193,32,car plate,692,542,885,574
4#06DA5746#06062020#031006.jpg,194,37,car plate,1005,613,1199,650
4#06DB4459#05062020#101456.jpg,202,33,car plate,843,597,1045,630
4#06DB4595#06062020#031439.jpg,201,32,car plate,815,589,1016,621
4#06DB487#05062020#105531.jpg,197,34,car plate,692,564,889,598
4#06DB506#06062020#104316.jpg,177,28,car plate,423,576,600,604
4#06DC1001#05062020#235800.jpg,202,35,car plate,732,554,934,589
4#06DC1949#06062020#135951.jpg,198,33,car plate,795,559,993,592
4#06DC2207#06062020#002141.jpg,165,25,car plate,714,497,879,522
4#06DC2207#06062020#032338.jpg,180,32,car plate,762,545,942,577
4#06DC5150#05062020#113527.jpg,158,26,car plate,427,660,585,686
4#06DC5555#05062020#100749.jpg,168,27,car plate,704,470,872,497
4#06DD1293#06062020#033020.jpg,194,29,car plate,639,548,833,577
4#06DD3050#06062020#033757.jpg,207,36,car plate,718,607,925,643
4#06DD4624#05062020#105042.jpg,205,32,car plate,658,595,863,627
4#06DD8454#05062020#195838.jpg,159,27,car plate,469,624,628,651
4#06DD8454#06062020#010458.jpg,157,27,car plate,447,433,604,460
4#06DD8454#06062020#140929.jpg,186,32,car plate,817,499,1003,531
4#06DE105#06062020#140847.jpg,209,34,car plate,750,607,959,641
4#06DE3067#05062020#100731.jpg,184,29,car plate,804,529,988,558
4#06DE9325#06062020#005554.jpg,181,29,car plate,314,606,495,635
4#06DE9325#06062020#022653.jpg,149,26,car plate,403,601,552,627
4#06DE9325#06062020#025003.jpg,189,28,car plate,767,526,956,554
4#06DF1618#05062020#100321.jpg,192,32,car plate,744,514,936,546
4#06DF2624#06062020#140222.jpg,185,32,car plate,923,540,1108,572
4#06DF3135#05062020#104719.jpg,183,28,car plate,793,578,976,606
4#06DF5793#06062020#000845.jpg,201,28,car plate,660,604,861,632
4#06DG080#06062020#021309.jpg,149,25,car plate,448,597,597,622
4#06DG080#06062020#110531.jpg,175,27,car plate,351,575,526,602
4#06DG1159#05062020#102244.jpg,109,50,car plate,786,612,895,662
4#06DH1293#05062020#234607.jpg,189,29,car plate,770,540,959,569
4#06DH6349#05062020#104553.jpg,202,29,car plate,679,583,881,612
4#06DH7226#06062020#140304.jpg,196,35,car plate,938,601,1134,636
4#06DH8980#05062020#234921.jpg,193,32,car plate,783,531,976,563
4#06DHT56#06062020#000550.jpg,178,27,car plate,666,505,844,532
4#06DHV49#05062020#100308.jpg,192,32,car plate,779,561,971,593
4#06DHZ89#05062020#233811.jpg,185,29,car plate,761,518,946,547
4#06DJ0584#05062020#234816.jpg,193,29,car plate,699,539,892,568
4#06DJ0727#06062020#142350.jpg,214,36,car plate,732,631,946,667
4#06DK2554#05062020#100453.jpg,192,32,car plate,816,572,1008,604
4#06DK3512#06062020#135330.jpg,202,35,car plate,718,603,920,638
4#06DK4616#06062020#024941.jpg,222,34,car plate,717,605,939,639
4#06DK4755#05062020#233919.jpg,184,28,car plate,808,562,992,590
4#06DK4802#05062020#105506.jpg,178,29,car plate,817,505,995,534
4#06DK5131#05062020#234849.jpg,217,35,car plate,743,571,960,606
4#06DK544#08062020#114247.jpg,133,24,car plate,453,598,586,622
4#06DK6388#06062020#031226.jpg,183,32,car plate,768,517,951,549
4#06DL0363#06062020#142922.jpg,195,32,car plate,736,554,931,586
4#06DL3137#06062020#000950.jpg,186,28,car plate,726,513,912,541
4#06DL5083#08062020#200054.jpg,156,26,car plate,448,608,604,634
4#06DL7538#05062020#232939.jpg,222,37,car plate,741,644,963,681
4#06DL8053#06062020#025826.jpg,209,29,car plate,718,620,927,649
4#06DM1584#06062020#002210.jpg,194,29,car plate,714,625,908,654
4#06DM2048#08062020#194751.jpg,151,26,car plate,611,602,762,628
4#06DM4245#06062020#034002.jpg,206,35,car plate,865,618,1071,653
4#06DM6748#06062020#025513.jpg,200,32,car plate,749,585,949,617
4#06DM8997#06062020#140454.jpg,212,32,car plate,697,631,909,663
4#06DMR12#05062020#105723.jpg,167,27,car plate,677,431,844,458
4#06DN1973#06062020#033622.jpg,205,34,car plate,809,591,1014,625
4#06DN4746#06062020#003152.jpg,206,33,car plate,734,598,940,631
4#06DN6492#06062020#034148.jpg,197,29,car plate,654,546,851,575
4#06DOE97#06062020#140118.jpg,194,28,car plate,867,567,1061,595
4#06DOZ13#06062020#032423.jpg,181,29,car plate,720,491,901,520
4#06DP0351#06062020#141859.jpg,211,32,car plate,735,583,946,615
4#06DP244#05062020#101503.jpg,212,34,car plate,695,625,907,659
4#06DP3523#06062020#002904.jpg,209,33,car plate,627,602,836,635
4#06DP4339#06062020#000341.jpg,198,32,car plate,620,536,818,568
4#06DR009#05062020#101549.jpg,196,32,car plate,634,567,830,599
4#06DR0373#06062020#033553.jpg,208,33,car plate,656,578,864,611
4#06DR1259#06062020#000713.jpg,206,32,car plate,816,572,1022,604
4#06DR2442#05062020#100941.jpg,202,33,car plate,628,595,830,628
4#06DR308#06062020#140201.jpg,180,33,car plate,715,485,895,518
4#06DR5543#05062020#102527.jpg,185,29,car plate,799,510,984,539
4#06DR6798#06062020#025750.jpg,200,29,car plate,617,566,817,595
4#06DR7385#05062020#100644.jpg,200,34,car plate,801,518,1001,552
4#06DR9421#05062020#233218.jpg,185,33,car plate,789,520,974,553
4#06DS0343#05062020#234320.jpg,176,27,car plate,759,536,935,563
4#06DS1591#06062020#032402.jpg,174,27,car plate,706,488,880,515
4#06DS2689#06062020#034413.jpg,196,29,car plate,761,568,957,597
4#06DS4612#05062020#101822.jpg,179,29,car plate,836,505,1015,534
4#06DS6195#05062020#102547.jpg,173,27,car plate,849,499,1022,526
4#06DT1679#05062020#105405.jpg,209,27,car plate,668,615,877,642
4#06DT3513#06062020#003203.jpg,206,33,car plate,615,599,821,632
4#06DTM76#06062020#001356.jpg,180,29,car plate,586,493,766,522
4#06DU1744#05062020#234410.jpg,202,34,car plate,666,583,868,617
4#06DU5927#06062020#002553.jpg,210,33,car plate,759,627,969,660
4#06DU8964#05062020#234140.jpg,191,33,car plate,702,522,893,555
4#06DV1133#06062020#032558.jpg,201,29,car plate,748,578,949,607
4#06DV2674#06062020#000832.jpg,193,33,car plate,754,548,947,581
4#06DV600#06062020#142647.jpg,197,29,car plate,754,533,951,562
4#06DV9954#06062020#000520.jpg,212,33,car plate,736,591,948,624
4#06DY2100#06062020#151931.jpg,179,27,car plate,287,606,466,633
4#06DY5602#05062020#104252.jpg,162,25,car plate,787,439,949,464
4#06DY8083#06062020#002458.jpg,207,33,car plate,717,578,924,611
4#06DY9538#05062020#105545.jpg,163,25,car plate,742,459,905,484
4#06E4226#06062020#005518.jpg,172,27,car plate,294,570,466,597
4#06E7706#05062020#234457.jpg,195,29,car plate,660,537,855,566
4#06E8887#05062020#200506.jpg,151,25,car plate,452,635,603,660
4#06E8887#06062020#011046.jpg,161,27,car plate,351,524,512,551
4#06EA9606#05062020#235143.jpg,209,32,car plate,488,620,697,652
4#06EAS96#05062020#235453.jpg,182,32,car plate,738,497,920,529
4#06EB0443#05062020#233743.jpg,197,33,car plate,721,557,918,590
4#06EB1518#06062020#000928.jpg,189,33,car plate,746,523,935,556
4#06EB3659#06062020#032623.jpg,182,32,car plate,798,500,980,532
4#06EB3749#06062020#143248.jpg,206,34,car plate,543,546,749,580
4#06EB4552#05062020#235338.jpg,199,33,car plate,671,570,870,603
4#06EB5467#06062020#031820.jpg,207,32,car plate,799,612,1006,644
4#06EB5521#05062020#233254.jpg,192,29,car plate,730,555,922,584
4#06EB6032#06062020#002841.jpg,209,33,car plate,732,622,941,655
4#06EB7898#06062020#024741.jpg,183,29,car plate,735,519,918,548
4#06EB867#05062020#110303.jpg,222,33,car plate,717,609,939,642
4#06EB944#06062020#034209.jpg,202,32,car plate,816,600,1018,632
4#06EBA71#05062020#234617.jpg,197,32,car plate,699,585,896,617
4#06EBT59#06062020#033424.jpg,186,28,car plate,861,565,1047,593
4#06EC079#06062020#034142.jpg,199,32,car plate,693,601,892,633
4#06EC5667#06062020#002919.jpg,189,29,car plate,735,521,924,550
4#06EC6378#06062020#135957.jpg,166,26,car plate,804,481,970,507
4#06EC6789#05062020#111624.jpg,158,27,car plate,301,655,459,682
4#06ECA56#06062020#002828.jpg,181,27,car plate,601,502,782,529
4#06ECY30#06062020#140904.jpg,181,28,car plate,751,470,932,498
4#06ED9650#06062020#143110.jpg,194,33,car plate,679,524,873,557
4#06EE0847#05062020#110800.jpg,186,29,car plate,782,537,968,566
4#06EE0956#06062020#001529.jpg,185,28,car plate,758,511,943,539
4#06EE5836#06062020#001617.jpg,201,32,car plate,691,567,892,599
4#06EE7691#05062020#233805.jpg,183,32,car plate,795,510,978,542
4#06EE8828#05062020#235303.jpg,186,33,car plate,698,514,884,547
4#06EF3146#05062020#233605.jpg,179,29,car plate,775,543,954,572
4#06EF3689#06062020#032214.jpg,196,29,car plate,766,564,962,593
4#06EF4092#05062020#235731.jpg,176,28,car plate,669,476,845,504
4#06EF4886#06062020#034318.jpg,202,32,car plate,703,556,905,588
4#06EG040#06062020#023558.jpg,163,32,car plate,288,636,451,668
4#06EKS78#06062020#152237.jpg,186,34,car plate,356,563,542,597
4#06ENE38#06062020#031757.jpg,199,33,car plate,721,559,920,592
4#06ENN87#05062020#233237.jpg,202,34,car plate,714,614,916,648
4#06EP652#05062020#234806.jpg,205,33,car plate,731,537,936,570
4#06ES390#05062020#234342.jpg,177,28,car plate,870,501,1047,529
4#06ESM15#05062020#200437.jpg,157,26,car plate,456,637,613,663
4#06ESM15#06062020#010959.jpg,177,33,car plate,404,585,581,618
4#06ESM50#06062020#025042.jpg,197,33,car plate,771,609,968,642
4#06ESN07#06062020#025634.jpg,208,32,car plate,767,593,975,625
4#06ESN65#05062020#104407.jpg,182,32,car plate,851,460,1033,492
4#06ET2852#06062020#030118.jpg,167,26,car plate,737,461,904,487
4#06ET6581#06062020#000625.jpg,197,29,car plate,718,584,915,613
4#06EU3117#06062020#032052.jpg,198,32,car plate,626,572,824,604
4#06EU4324#05062020#101216.jpg,175,27,car plate,687,477,862,504
4#06EU747#06062020#002135.jpg,199,32,car plate,671,530,870,562
4#06EUS06#05062020#105013.jpg,189,28,car plate,684,503,873,531
4#06EUS06#06062020#135039.jpg,215,35,car plate,749,616,964,651
4#06EV3836#08062020#200602.jpg,160,28,car plate,645,584,805,612
4#06EVV39#06062020#141254.jpg,192,28,car plate,667,603,859,631
4#06EY0200#06062020#003008.jpg,206,35,car plate,645,575,851,610
4#06EY376#05062020#104512.jpg,207,32,car plate,720,593,927,625
4#06EY3769#06062020#140744.jpg,208,29,car plate,784,623,992,652
4#06EY7297#06062020#033125.jpg,198,33,car plate,862,587,1060,620
4#06EY9285#06062020#032802.jpg,195,32,car plate,642,552,837,584
4#06EZ0396#06062020#002715.jpg,211,37,car plate,695,606,906,643
4#06EZ1337#06062020#033353.jpg,200,33,car plate,885,585,1085,618
4#06F0096#06062020#142026.jpg,206,33,car plate,665,603,871,636
4#06FA1125#05062020#102151.jpg,207,33,car plate,697,597,904,630
4#06FA4663#06062020#030318.jpg,212,34,car plate,744,587,956,621
4#06FA5322#06062020#003047.jpg,198,29,car plate,777,585,975,614
4#06FA5835#06062020#002823.jpg,212,36,car plate,787,616,999,652
4#06FA7347#06062020#142704.jpg,213,33,car plate,644,608,857,641
4#06FA8187#06062020#001613.jpg,201,33,car plate,809,613,1010,646
4#06FA9823#06062020#034121.jpg,205,33,car plate,723,590,928,623
4#06FB0861#05062020#100826.jpg,192,32,car plate,676,564,868,596
4#06FB0861#06062020#135805.jpg,195,32,car plate,690,569,885,601
4#06FB791#06062020#032226.jpg,213,34,car plate,633,603,846,637
4#06FC3117#05062020#105241.jpg,201,34,car plate,781,567,982,601
4#06FC3117#06062020#142038.jpg,202,35,car plate,726,570,928,605
4#06FC5556#06062020#001011.jpg,200,32,car plate,738,561,938,593
4#06FC7795#06062020#034541.jpg,178,26,car plate,733,502,911,528
4#06FC8263#06062020#141308.jpg,212,32,car plate,705,627,917,659
4#06FC888#05062020#112230.jpg,162,28,car plate,449,645,611,673
4#06FC888#05062020#140303.jpg,158,27,car plate,411,446,569,473
4#06FD2610#06062020#030628.jpg,205,35,car plate,800,604,1005,639
4#06FD6349#06062020#001557.jpg,195,32,car plate,723,559,918,591
4#06FD7210#06062020#002705.jpg,199,32,car plate,688,587,887,619
4#06FD9162#05062020#102414.jpg,200,33,car plate,802,591,1002,624
4#06FD9567#06062020#025949.jpg,191,32,car plate,748,572,939,604
4#06FE0151#06062020#034116.jpg,190,32,car plate,700,523,890,555
4#06FE4886#06062020#001604.jpg,205,32,car plate,637,578,842,610
4#06FE6364#06062020#031237.jpg,193,29,car plate,702,535,895,564
4#06FE6571#06062020#030736.jpg,185,29,car plate,850,548,1035,577
4#06FE6801#05062020#233609.jpg,207,34,car plate,749,610,956,644
4#06FF3187#05062020#102740.jpg,191,28,car plate,745,532,936,560
4#06FF3846#06062020#030717.jpg,195,29,car plate,758,563,953,592
4#06FF8170#06062020#135430.jpg,195,33,car plate,685,568,880,601
4#06FG3843#05062020#102351.jpg,193,33,car plate,743,540,936,573
4#06FG5128#05062020#104701.jpg,192,29,car plate,604,571,796,600
4#06FG8054#06062020#000331.jpg,174,28,car plate,892,523,1066,551
4#06FH1115#05062020#102951.jpg,180,29,car plate,703,488,883,517
4#06FH1881#05062020#235603.jpg,190,27,car plate,742,573,932,600
4#06FJ5428#05062020#100352.jpg,195,29,car plate,679,566,874,595
4#06FJ5696#06062020#025340.jpg,183,29,car plate,666,486,849,515
4#06FJ5761#06062020#034752.jpg,212,33,car plate,560,619,772,652
4#06FJ6186#06062020#002858.jpg,206,32,car plate,780,597,986,629
4#06FJ6625#06062020#002359.jpg,195,29,car plate,791,569,986,598
4#06FK2046#05062020#102321.jpg,192,32,car plate,883,576,1075,608
4#06FK342#06062020#031042.jpg,197,32,car plate,769,560,966,592
4#06FK5178#06062020#031257.jpg,186,32,car plate,663,519,849,551
4#06FK5241#05062020#100954.jpg,161,23,car plate,739,445,900,468
4#06FK5748#06062020#142429.jpg,185,33,car plate,931,553,1116,586
4#06FK599#05062020#100541.jpg,207,29,car plate,764,619,971,648
4#06FK9057#06062020#034758.jpg,196,32,car plate,786,566,982,598
4#06FK9185#06062020#031937.jpg,193,29,car plate,618,532,811,561
4#06FL1597#06062020#001516.jpg,201,33,car plate,781,589,982,622
4#06FL2194#06062020#025332.jpg,207,32,car plate,761,586,968,618
4#06FL5553#05062020#234611.jpg,184,32,car plate,771,577,955,609
4#06FL8562#05062020#102833.jpg,179,29,car plate,747,490,926,519
4#06FL8744#05062020#235701.jpg,207,33,car plate,741,602,948,635
4#06FL9795#06062020#141447.jpg,182,29,car plate,695,500,877,529
4#06FLV26#05062020#101438.jpg,196,33,car plate,773,593,969,626
4#06FLY31#05062020#234249.jpg,177,28,car plate,766,485,943,513
4#06FLZ77#06062020#000323.jpg,215,35,car plate,690,613,905,648
4#06FM6444#05062020#234626.jpg,176,32,car plate,823,511,999,543
4#06FMM18#06062020#025859.jpg,179,29,car plate,573,501,752,530
4#06FN0600#06062020#033307.jpg,202,32,car plate,735,590,937,622
4#06FN1246#05062020#233013.jpg,205,32,car plate,912,620,1117,652
4#06FN1266#05062020#234716.jpg,192,33,car plate,739,536,931,569
4#06FN3364#06062020#034310.jpg,207,32,car plate,732,585,939,617
4#06FN3541#06062020#034645.jpg,192,32,car plate,706,549,898,581
4#06FN4187#05062020#105159.jpg,192,32,car plate,773,533,965,565
4#06FN7563#05062020#104415.jpg,195,35,car plate,702,461,897,496
4#06FNC83#06062020#015010.jpg,157,26,car plate,498,645,655,671
4#06FNC83#06062020#025325.jpg,194,33,car plate,602,560,796,593
4#06FNC83#06062020#103425.jpg,168,26,car plate,475,555,643,581
4#06FP2842#06062020#030545.jpg,201,34,car plate,787,596,988,630
4#06FP4131#06062020#001757.jpg,207,34,car plate,745,621,952,655
4#06FP5006#05062020#234030.jpg,205,33,car plate,732,581,937,614
4#06FP8944#05062020#234135.jpg,199,33,car plate,775,592,974,625
4#06FP9996#06062020#142822.jpg,215,33,car plate,780,632,995,665
4#06FR0035#06062020#034515.jpg,191,33,car plate,703,519,894,552
4#06FR4871#06062020#000159.jpg,185,32,car plate,746,570,931,602
4#06FR4950#06062020#032418.jpg,189,27,car plate,831,600,1020,627
4#06FR7380#06062020#000739.jpg,209,33,car plate,683,599,892,632
4#06FR7856#06062020#033558.jpg,199,29,car plate,707,559,906,588
4#06FR8302#06062020#025002.jpg,207,33,car plate,634,581,841,614
4#06FR9804#06062020#000204.jpg,209,32,car plate,675,588,884,620
4#06FRP11#05062020#234746.jpg,194,34,car plate,814,594,1008,628
4#06FS6384#06062020#000857.jpg,183,29,car plate,674,493,857,522
4#06FS6499#06062020#135447.jpg,180,27,car plate,653,517,833,544
4#06FS6606#05062020#100353.jpg,207,33,car plate,642,582,849,615
4#06FS8005#06062020#000123.jpg,195,32,car plate,716,544,911,576
4#06FS8401#06062020#033611.jpg,192,32,car plate,877,544,1069,576
4#06FU1130#06062020#030356.jpg,183,28,car plate,666,492,849,520
4#06FU202#06062020#000353.jpg,180,27,car plate,690,528,870,555
4#06FU3032#05062020#233519.jpg,200,33,car plate,712,571,912,604
4#06FU6616#05062020#102841.jpg,189,29,car plate,832,538,1021,567
4#06FY0588#05062020#102213.jpg,166,26,car plate,824,501,990,527
4#06FY5136#06062020#140701.jpg,173,27,car plate,738,478,911,505
4#06FY8859#06062020#002407.jpg,175,27,car plate,715,481,890,508
4#06FY9897#06062020#025059.jpg,206,35,car plate,748,594,954,629
4#06FYC80#06062020#000610.jpg,211,34,car plate,741,612,952,646
4#06GA2080#05062020#104206.jpg,186,27,car plate,685,568,871,595
4#06GA2601#05062020#233653.jpg,210,32,car plate,553,604,763,636
4#06GA5620#06062020#135855.jpg,195,29,car plate,737,547,932,576
4#06GB5508#06062020#135145.jpg,194,32,car plate,765,564,959,596
4#06GB7158#06062020#031922.jpg,194,27,car plate,691,575,885,602
4#06GB8247#06062020#000146.jpg,210,35,car plate,657,588,867,623
4#06GB8870#06062020#030422.jpg,206,32,car plate,761,596,967,628
4#06GBK84#06062020#031511.jpg,185,29,car plate,614,516,799,545
4#06GC508#05062020#110145.jpg,208,34,car plate,722,628,930,662
4#06GC9447#05062020#194820.jpg,158,29,car plate,483,647,641,676
4#06GC9447#06062020#000947.jpg,200,32,car plate,771,580,971,612
4#06GC9447#06062020#005424.jpg,175,27,car plate,364,572,539,599
4#06GD1357#05062020#233616.jpg,202,32,car plate,800,572,1002,604
4#06GD6503#06062020#031825.jpg,206,33,car plate,710,604,916,637
4#06GDD89#06062020#034535.jpg,189,26,car plate,734,595,923,621
4#06GE4899#06062020#033638.jpg,192,29,car plate,756,548,948,577
4#06GE7424#06062020#030952.jpg,184,28,car plate,714,520,898,548
4#06GF157#05062020#110501.jpg,177,28,car plate,625,499,802,527
4#06GF527#06062020#143300.jpg,184,34,car plate,755,521,939,555
4#06GFK38#05062020#104832.jpg,208,35,car plate,852,619,1060,654
4#06GG763#05062020#101002.jpg,165,27,car plate,697,454,862,481
4#06GGJ03#05062020#235824.jpg,202,32,car plate,793,591,995,623
4#06GGJ03#05062020#235839.jpg,196,32,car plate,795,562,991,594
4#06GGY34#06062020#032026.jpg,178,27,car plate,708,492,886,519
4#06GKP24#06062020#135357.jpg,197,33,car plate,725,554,922,587
4#06GLP77#06062020#033150.jpg,205,35,car plate,828,604,1033,639
4#06GLR14#06062020#000654.jpg,190,33,car plate,810,568,1000,601
4#06GM171#03062020#124504.jpg,175,28,car plate,348,531,523,559
4#06GM812#05062020#103006.jpg,213,33,car plate,642,620,855,653
4#06GN375#05062020#132226.jpg,156,23,car plate,373,476,529,499
4#06GNN08#06062020#141120.jpg,185,32,car plate,769,535,954,567
4#06GNR80#06062020#033647.jpg,207,33,car plate,651,566,858,599
4#06GY512#06062020#030333.jpg,206,32,car plate,708,593,914,625
4#06H0690#06062020#032326.jpg,198,34,car plate,729,579,927,613
4#06H2839#05062020#235305.jpg,213,33,car plate,762,569,975,602
4#06H4488#05062020#234144.jpg,181,28,car plate,894,555,1075,583
4#06HB528#06062020#021322.jpg,152,26,car plate,437,611,589,637
4#06HB528#06062020#021530.jpg,137,27,car plate,321,628,458,655
4#06HB528#06062020#110639.jpg,181,34,car plate,537,592,718,626
4#06HB528#06062020#110924.jpg,180,29,car plate,359,594,539,623
4#06HB7873#06062020#033032.jpg,193,32,car plate,766,533,959,565
4#06HB9422#06062020#002447.jpg,164,26,car plate,689,457,853,483
4#06HBB38#06062020#001637.jpg,183,27,car plate,696,527,879,554
4#06HC2013#06062020#033604.jpg,180,28,car plate,652,486,832,514
4#06HC296#06062020#142831.jpg,190,28,car plate,755,557,945,585
4#06HC6866#06062020#032928.jpg,202,33,car plate,727,607,929,640
4#06HD1862#05062020#105712.jpg,195,34,car plate,698,466,893,500
4#06HE144#05062020#234558.jpg,207,38,car plate,599,623,806,661
4#06HE3768#06062020#142010.jpg,202,33,car plate,791,611,993,644
4#06HE6000#06062020#032244.jpg,196,29,car plate,787,561,983,590
4#06HNU95#08062020#192046.jpg,158,28,car plate,521,608,679,636
4#06HRK95#06062020#142715.jpg,193,33,car plate,853,555,1046,588
4#06HYD88#05062020#104507.jpg,157,26,car plate,650,452,807,478
4#06HYL55#06062020#143314.jpg,233,35,car plate,657,633,890,668
4#06HYS74#03062020#004459.jpg,157,27,car plate,448,621,605,648
4#06ISN05#08062020#192314.jpg,140,25,car plate,1048,404,1188,429
4#06JB935#06062020#143328.jpg,193,29,car plate,809,571,1002,600
4#06JC158#05062020#104757.jpg,174,27,car plate,680,488,854,515
4#06JN283#05062020#105329.jpg,210,35,car plate,728,611,938,646
4#06JOH43#03062020#171204.jpg,192,34,car plate,771,564,963,598
4#06JR411#06062020#141230.jpg,208,34,car plate,736,619,944,653
4#06JZ859#05062020#100718.jpg,184,29,car plate,682,461,866,490
4#06K5055#05062020#110542.jpg,218,36,car plate,812,608,1030,644
4#06K5306#05062020#105538.jpg,200,34,car plate,862,560,1062,594
4#06K7811#07062020#230638.jpg,150,28,car plate,466,630,616,658
4#06KA1189#06062020#141828.jpg,177,29,car plate,699,489,876,518
4#06KA2015#05062020#235343.jpg,199,33,car plate,721,585,920,618
4#06KA260#06062020#031929.jpg,195,33,car plate,669,540,864,573
4#06KA3840#05062020#101221.jpg,201,34,car plate,730,577,931,611
4#06KA4997#05062020#110130.jpg,160,25,car plate,725,434,885,459
4#06KA6413#06062020#030433.jpg,191,33,car plate,739,537,930,570
4#06KAR34#06062020#001543.jpg,213,34,car plate,709,532,922,566
4#06KB0006#06062020#002457.jpg,222,35,car plate,647,610,869,645
4#06KB1362#06062020#025624.jpg,200,33,car plate,682,531,882,564
4#06KC125#05062020#101914.jpg,207,32,car plate,687,552,894,584
4#06KD407#06062020#142912.jpg,213,33,car plate,679,586,892,619
4#06KD709#06062020#034709.jpg,186,27,car plate,703,584,889,611
4#06KG688#05062020#233927.jpg,198,33,car plate,848,601,1046,634
4#06KGF91#06062020#034714.jpg,185,29,car plate,792,527,977,556
4#06KGH48#05062020#101519.jpg,214,33,car plate,715,618,929,651
4#06KID17#06062020#000259.jpg,192,33,car plate,801,549,993,582
4#06KKB53#05062020#102002.jpg,185,32,car plate,790,532,975,564
4#06KKG08#06062020#025459.jpg,199,32,car plate,743,570,942,602
4#06KMP91#06062020#135811.jpg,195,34,car plate,679,554,874,588
4#06KNR75#05062020#110040.jpg,199,33,car plate,705,590,904,623
4#06KNR75#05062020#110324.jpg,193,32,car plate,823,581,1016,613
4#06KNS75#06062020#141503.jpg,185,26,car plate,736,534,921,560
4#06KRM76#06062020#000501.jpg,193,29,car plate,743,539,936,568
4#06KSC90#05062020#110627.jpg,208,33,car plate,632,603,840,636
4#06KSL43#06062020#001550.jpg,205,33,car plate,707,578,912,611
4#06KZL35#06062020#032413.jpg,205,33,car plate,792,610,997,643
4#06KZU94#06062020#023421.jpg,174,29,car plate,366,636,540,665
4#06KZZ91#05062020#110210.jpg,208,34,car plate,741,622,949,656
4#06LAY99#06062020#033220.jpg,207,34,car plate,836,613,1043,647
4#06LBS18#08062020#195549.jpg,157,28,car plate,660,633,817,661
4#06LEG08#06062020#140140.jpg,195,32,car plate,798,578,993,610
4#06LP237#05062020#110749.jpg,178,26,car plate,711,531,889,557
4#06LYL28#06062020#022657.jpg,145,26,car plate,369,521,514,547
4#06M0590#05062020#105807.jpg,184,32,car plate,776,516,960,548
4#06M0695#06062020#033633.jpg,186,28,car plate,763,532,949,560
4#06M2564#08062020#172101.jpg,146,27,car plate,758,587,904,614
4#06M2564#08062020#191112.jpg,148,28,car plate,760,629,908,657
4#06M6622#06062020#030418.jpg,198,32,car plate,772,596,970,628
4#06M6814#06062020#021722.jpg,156,27,car plate,341,631,497,658
4#06M6814#06062020#030131.jpg,199,34,car plate,785,577,984,611
4#06M6814#06062020#111229.jpg,165,26,car plate,335,517,500,543
4#06M7616#06062020#000629.jpg,165,26,car plate,749,499,914,525
4#06M7740#06062020#032616.jpg,213,32,car plate,653,611,866,643
4#06MA4005#05062020#101433.jpg,176,26,car plate,935,567,1111,593
4#06MAS46#08062020#195637.jpg,156,26,car plate,688,609,844,635
4#06MB1007#05062020#102858.jpg,190,29,car plate,695,528,885,557
4#06MB2292#06062020#000235.jpg,201,29,car plate,698,557,899,586
4#06MB4520#06062020#141601.jpg,211,34,car plate,745,624,956,658
4#06MBM66#05062020#105852.jpg,182,28,car plate,842,541,1024,569
4#06MCD53#06062020#031517.jpg,198,32,car plate,795,557,993,589
4#06MCG60#06062020#031104.jpg,184,29,car plate,744,528,928,557
4#06MCZ61#06062020#000241.jpg,198,27,car plate,768,613,966,640
4#06MEV49#06062020#033050.jpg,200,29,car plate,700,574,900,603
4#06MFD35#03062020#164742.jpg,142,34,car plate,593,497,735,531
4#06MFP18#05062020#234722.jpg,184,29,car plate,680,487,864,516
4#06MG547#06062020#021118.jpg,153,25,car plate,376,625,529,650
4#06MG547#06062020#110156.jpg,167,27,car plate,315,549,482,576
4#06MH109#06062020#135540.jpg,198,34,car plate,723,562,921,596
4#06MHK68#06062020#024733.jpg,200,32,car plate,737,598,937,630
4#06MIR11#06062020#025454.jpg,196,32,car plate,682,563,878,595
4#06MJM45#06062020#031410.jpg,183,28,car plate,789,533,972,561
4#06MK054#05062020#234217.jpg,185,32,car plate,819,507,1004,539
4#06ML688#06062020#002121.jpg,186,28,car plate,734,520,920,548
4#06MLS21#05062020#100251.jpg,200,33,car plate,827,554,1027,587
4#06MM412#06062020#030123.jpg,190,27,car plate,734,540,924,567
4#06MM448#06062020#135627.jpg,215,34,car plate,734,621,949,655
4#06MSA10#06062020#023831.jpg,150,27,car plate,407,601,557,628
4#06MSA10#06062020#034802.jpg,209,33,car plate,577,573,786,606
4#06MTS33#06062020#001823.jpg,216,35,car plate,869,617,1085,652
4#06MTS82#06062020#002310.jpg,186,32,car plate,611,555,797,587
4#06MYT02#03062020#143604.jpg,165,33,car plate,492,547,657,580
4#06N0347#06062020#033825.jpg,189,29,car plate,695,568,884,597
4#06N6533#06062020#143430.jpg,223,36,car plate,744,611,967,647
4#06N6682#06062020#034026.jpg,213,33,car plate,667,586,880,619
4#06N8355#06062020#000634.jpg,200,33,car plate,772,544,972,577
4#06N9677#05062020#104422.jpg,209,29,car plate,634,613,843,642
4#06N9677#06062020#141131.jpg,186,29,car plate,745,539,931,568
4#06NA702#06062020#141726.jpg,196,34,car plate,729,539,925,573
4#06NB780#06062020#140059.jpg,180,32,car plate,699,496,879,528
4#06NC526#06062020#034628.jpg,193,32,car plate,780,560,973,592
4#06NC586#06062020#003235.jpg,208,28,car plate,722,611,930,639
4#06ND652#05062020#102421.jpg,180,29,car plate,796,501,976,530
4#06NH227#06062020#000441.jpg,196,32,car plate,646,549,842,581
4#06NK348#05062020#102726.jpg,205,32,car plate,771,575,976,607
4#06NK870#06062020#111336.jpg,169,26,car plate,295,551,464,577
4#06NM017#06062020#030551.jpg,194,33,car plate,754,529,948,562
4#06P0021#06062020#034408.jpg,194,29,car plate,755,578,949,607
4#06P2895#06062020#024727.jpg,186,28,car plate,905,543,1091,571
4#06PB375#05062020#235724.jpg,162,26,car plate,655,436,817,462
4#06PYC38#06062020#031342.jpg,174,26,car plate,735,518,909,544
4#06REG72#05062020#100820.jpg,196,33,car plate,611,544,807,577
4#06RFR35#06062020#031334.jpg,190,29,car plate,782,540,972,569
4#06RFR35#06062020#143512.jpg,209,33,car plate,729,616,938,649
4#06RG266#06062020#032732.jpg,194,32,car plate,753,533,947,565
4#06RH083#05062020#113308.jpg,149,32,car plate,363,638,512,670
4#06RHU07#05062020#234506.jpg,225,36,car plate,764,601,989,637
4#06RIU72#06062020#135304.jpg,192,34,car plate,713,532,905,566
4#06RJA65#03062020#164608.jpg,132,29,car plate,773,546,905,575
4#06RJA65#03062020#164713.jpg,132,29,car plate,773,546,905,575
4#06RLM67#06062020#000142.jpg,189,27,car plate,793,599,982,626
4#06RR900#05062020#102554.jpg,168,27,car plate,766,434,934,461
4#06RRR68#06062020#001733.jpg,180,28,car plate,812,507,992,535
4#06RS426#06062020#020049.jpg,150,27,car plate,329,608,479,635
4#06RS426#06062020#103916.jpg,159,25,car plate,296,475,455,500
4#06RTC85#06062020#034050.jpg,185,29,car plate,674,542,859,571
4#06RU731#06062020#032902.jpg,200,29,car plate,779,604,979,633
4#06S2293#05062020#101815.jpg,179,29,car plate,755,497,934,526
4#06S2987#05062020#110604.jpg,185,29,car plate,774,522,959,551
4#06S3730#06062020#000936.jpg,198,32,car plate,694,576,892,608
4#06S6694#05062020#104734.jpg,190,29,car plate,849,578,1039,607
4#06S9624#06062020#001639.jpg,206,37,car plate,773,509,979,546
4#06SA886#06062020#003017.jpg,202,29,car plate,807,593,1009,622
4#06SB055#06062020#142546.jpg,183,29,car plate,896,520,1079,549
4#06SB098#06062020#140854.jpg,208,33,car plate,811,598,1019,631
4#06SE971#05062020#110242.jpg,166,26,car plate,682,434,848,460
4#06SK829#05062020#100514.jpg,208,33,car plate,681,587,889,620
4#06SL100#05062020#113323.jpg,150,25,car plate,541,629,691,654
4#06SL100#05062020#140553.jpg,156,25,car plate,330,485,486,510
4#06SL427#06062020#140808.jpg,183,28,car plate,688,503,871,531
4#06SN620#05062020#100955.jpg,183,32,car plate,658,501,841,533
4#06SN690#06062020#141907.jpg,197,29,car plate,734,606,931,635
4#06SR793#06062020#000952.jpg,207,32,car plate,810,575,1017,607
4#06SS176#06062020#142405.jpg,223,37,car plate,689,621,912,658
4#06T0834#06062020#153607.jpg,179,27,car plate,291,616,470,643
4#06T3688#05062020#195929.jpg,152,26,car plate,345,607,497,633
4#06T3688#06062020#010731.jpg,175,27,car plate,281,572,456,599
4#06T4830#05062020#134930.jpg,167,28,car plate,321,539,488,567
4#06T6942#05062020#135555.jpg,163,28,car plate,396,504,559,532
4#06TAR05#05062020#235007.jpg,190,32,car plate,686,547,876,579
4#06TCT72#06062020#030623.jpg,207,34,car plate,645,596,852,630
4#06TDM77#06062020#023502.jpg,133,24,car plate,438,605,571,629
4#06TE929#06062020#025907.jpg,192,29,car plate,835,556,1027,585
4#06TEC95#06062020#001045.jpg,182,29,car plate,742,492,924,521
4#06TFA08#05062020#233516.jpg,212,36,car plate,770,603,982,639
4#06TKL94#05062020#110400.jpg,221,35,car plate,721,622,942,657
4#06TLB61#06062020#032257.jpg,190,29,car plate,655,561,845,590
4#06TMB71#06062020#002321.jpg,189,28,car plate,621,516,810,544
4#06TMK93#06062020#135347.jpg,209,29,car plate,563,615,772,644
4#06TN025#06062020#025105.jpg,214,33,car plate,670,618,884,651
4#06TND89#06062020#152111.jpg,163,28,car plate,376,547,539,575
4#06TNV74#05062020#101040.jpg,192,29,car plate,841,553,1033,582
4#06TPR35#06062020#002852.jpg,192,32,car plate,729,530,921,562
4#06TPZ61#06062020#001944.jpg,212,33,car plate,650,613,862,646
4#06TR233#03062020#094845.jpg,169,27,car plate,520,654,689,681
4#06TS083#06062020#030800.jpg,196,32,car plate,674,582,870,614
4#06TU306#06062020#032500.jpg,184,28,car plate,683,511,867,539
4#06TUN77#06062020#103047.jpg,176,32,car plate,426,591,602,623
4#06U5670#06062020#030806.jpg,175,27,car plate,913,524,1088,551
4#06UB256#05062020#235050.jpg,185,26,car plate,799,591,984,617
4#06UB350#05062020#135409.jpg,163,26,car plate,364,427,527,453
4#06UB644#05062020#101329.jpg,176,28,car plate,728,469,904,497
4#06UK832#06062020#032456.jpg,199,32,car plate,677,588,876,620
4#06UM265#06062020#033548.jpg,207,34,car plate,824,624,1031,658
4#06UM340#05062020#110652.jpg,164,27,car plate,731,451,895,478
4#06VBM58#05062020#233322.jpg,209,34,car plate,801,616,1010,650
4#06VGD39#06062020#030759.jpg,201,37,car plate,808,611,1009,648
4#06VKU08#07062020#013206.jpg,148,25,car plate,521,532,669,557
4#06VLD39#06062020#034727.jpg,216,35,car plate,586,614,802,649
4#06Y3538#05062020#101509.jpg,169,28,car plate,792,477,961,505
4#06Y7055#05062020#233942.jpg,215,35,car plate,724,619,939,654
4#06Y7306#06062020#002033.jpg,193,33,car plate,828,597,1021,630
4#06YA0116#06062020#025941.jpg,202,32,car plate,749,576,951,608
4#06YA9427#05062020#233644.jpg,194,29,car plate,767,565,961,594
4#06YB7593#05062020#234846.jpg,226,33,car plate,620,623,846,656
4#06YDS02#06062020#121008.jpg,159,27,car plate,407,623,566,650
4#06YDS02#06062020#140748.jpg,201,32,car plate,704,540,905,572
4#06YE479#05062020#105022.jpg,180,28,car plate,866,523,1046,551
4#06YFK75#06062020#001021.jpg,197,32,car plate,732,553,929,585
4#06YGM91#05062020#102428.jpg,109,28,car plate,1034,526,1143,554
4#06YGM91#06062020#140825.jpg,174,28,car plate,1051,508,1225,536
4#06YIF38#06062020#033729.jpg,210,33,car plate,774,605,984,638
4#06YIY68#03062020#164927.jpg,125,28,car plate,514,583,639,611
4#06YJ559#05062020#102401.jpg,192,34,car plate,624,539,816,573
4#06YKY31#06062020#141913.jpg,197,33,car plate,719,554,916,587
4#06YM193#06062020#031425.jpg,201,33,car plate,832,600,1033,633
4#06YMR39#06062020#002644.jpg,227,35,car plate,716,609,943,644
4#06YN235#06062020#140713.jpg,181,29,car plate,804,503,985,532
4#06YNM14#06062020#025437.jpg,213,36,car plate,812,612,1025,648
4#06YPS45#08062020#194354.jpg,149,24,car plate,471,560,620,584
4#06YSF28#06062020#000450.jpg,190,29,car plate,736,546,926,575
4#06YSK21#06062020#001121.jpg,191,33,car plate,618,544,809,577
4#06YTM84#05062020#105517.jpg,208,34,car plate,724,611,932,645
4#06YY593#05062020#233416.jpg,180,28,car plate,817,526,997,554
4#06YZC89#05062020#102513.jpg,175,29,car plate,731,500,906,529
4#06Z9593#05062020#103839.jpg,184,27,car plate,668,467,852,494
4#06ZC853#06062020#031220.jpg,214,32,car plate,741,601,955,633
4#06ZCU59#06062020#151447.jpg,182,33,car plate,383,608,565,641
4#06ZDL92#06062020#142657.jpg,202,33,car plate,820,562,1022,595
4#06ZDV76#06062020#033008.jpg,183,28,car plate,673,539,856,567
4#06ZGE42#06062020#135413.jpg,182,29,car plate,772,520,954,549
4#06ZJR38#06062020#030207.jpg,202,29,car plate,860,621,1062,650
4#06ZLH82#05062020#103041.jpg,205,29,car plate,674,595,879,624
4#06ZLP85#06062020#025910.jpg,186,33,car plate,656,512,842,545
4#06ZMC56#05062020#105137.jpg,177,27,car plate,737,492,914,519
4#06ZMT33#05062020#110441.jpg,150,27,car plate,726,432,876,459
4#06ZP828#06062020#024826.jpg,190,32,car plate,667,519,857,551
4#06ZRR05#06062020#135325.jpg,196,32,car plate,705,527,901,559
4#06ZT418#06062020#034201.jpg,198,33,car plate,776,531,974,564
4#06ZZH94#06062020#140550.jpg,193,32,car plate,790,574,983,606
4#06ZZP10#05062020#234834.jpg,212,33,car plate,797,610,1009,643
4#07AAN025#05062020#135957.jpg,172,28,car plate,322,571,494,599
4#07AAZ777#06062020#141124.jpg,185,33,car plate,828,530,1013,563
4#07ACD74#06062020#143333.jpg,185,28,car plate,705,531,890,559
4#07ADM123#08062020#193742.jpg,150,28,car plate,1036,651,1186,679
4#07ADP561#05062020#104853.jpg,186,32,car plate,714,534,900,566
4#07AFE584#06062020#031109.jpg,192,29,car plate,748,544,940,573
4#07AFZ00#08062020#122953.jpg,131,27,car plate,478,585,609,612
4#07AUS44#03062020#010715.jpg,149,23,car plate,709,572,858,595
4#07BEY14#06062020#000526.jpg,197,32,car plate,756,581,953,613
4#07BFZ34#05062020#105720.jpg,207,35,car plate,741,597,948,632
4#07DC822#05062020#102408.jpg,209,35,car plate,884,594,1093,629
4#07EBE43#06062020#141757.jpg,182,32,car plate,678,496,860,528
4#07EE956#06062020#135336.jpg,183,29,car plate,799,530,982,559
4#07FK307#03062020#142215.jpg,180,34,car plate,477,638,657,672
4#07GCE52#08062020#193717.jpg,150,28,car plate,625,587,775,615
4#07GJK43#05062020#105615.jpg,190,29,car plate,614,519,804,548
4#07GKF49#06062020#002512.jpg,179,29,car plate,888,501,1067,530
4#07HAL25#08062020#192712.jpg,159,27,car plate,548,581,707,608
4#07KDP66#06062020#002257.jpg,210,29,car plate,620,605,830,634
4#07L7067#06062020#025053.jpg,201,33,car plate,750,580,951,613
4#07MTK20#08062020#151442.jpg,146,26,car plate,350,574,496,600
4#07N9590#07062020#012323.jpg,87,24,car plate,871,481,958,505
4#07NA4030#05062020#235425.jpg,200,33,car plate,798,569,998,602
4#07NNT33#05062020#110612.jpg,172,27,car plate,735,466,907,493
4#07UK860#03062020#005451.jpg,146,24,car plate,664,590,810,614
4#07UY354#06062020#031115.jpg,201,29,car plate,602,590,803,619
4#07VDV35#06062020#025733.jpg,202,35,car plate,721,615,923,650
4#08BY913#03062020#102410.jpg,156,27,car plate,673,578,829,605
4#08CD3471#05062020#104352.jpg,202,34,car plate,738,593,940,627
4#08EA221#05062020#102232.jpg,205,35,car plate,815,583,1020,618
4#08KUB79#08062020#195828.jpg,145,26,car plate,549,533,694,559
4#09DC742#03062020#155038.jpg,190,29,car plate,561,657,751,686
4#09EJ811#07062020#230144.jpg,145,26,car plate,458,540,603,566
4#09HJ101#06062020#031358.jpg,195,29,car plate,702,568,897,597
4#09RU018#08062020#194650.jpg,146,25,car plate,119,614,265,639
4#09S8922#03062020#171938.jpg,193,34,car plate,831,577,1024,611
4#09UN757#03062020#143455.jpg,173,35,car plate,482,579,655,614
4#10ACR910#08062020#191226.jpg,147,26,car plate,487,544,634,570
4#10DR010#05062020#104228.jpg,158,25,car plate,737,450,895,475
4#10H6678#06062020#025033.jpg,180,27,car plate,780,547,960,574
4#10LU936#03062020#010045.jpg,150,28,car plate,677,624,827,652
4#10PS292#05062020#235431.jpg,211,33,car plate,676,621,887,654
4#10RF010#08062020#171629.jpg,136,26,car plate,540,550,676,576
4#10RF010#08062020#190937.jpg,143,27,car plate,537,638,680,665
4#11AL481#03062020#005347.jpg,104,23,car plate,582,485,686,508
4#11DU357#08062020#171205.jpg,153,27,car plate,878,613,1031,640
4#11DU357#08062020#190533.jpg,147,27,car plate,862,560,1009,587
4#11DU583#08062020#171320.jpg,150,25,car plate,592,608,742,633
4#11DU583#08062020#190735.jpg,152,25,car plate,582,631,734,656
4#11DU957#08062020#190619.jpg,144,26,car plate,847,512,991,538
4#11DV385#08062020#194622.jpg,150,26,car plate,626,604,776,630
4#11TH863#08062020#194826.jpg,161,28,car plate,598,660,759,688
4#13PH408#08062020#192701.jpg,158,24,car plate,649,636,807,660
4#14BV030#06062020#105619.jpg,160,24,car plate,259,491,419,515
4#14GC257#06062020#143355.jpg,192,32,car plate,690,549,882,581
4#14GH201#03062020#155401.jpg,175,26,car plate,628,646,803,672
4#15PG027#08062020#151719.jpg,137,25,car plate,494,522,631,547
4#15SA826#06062020#141027.jpg,201,33,car plate,897,623,1098,656
4#16AAF415#05062020#235055.jpg,208,35,car plate,778,619,986,654
4#16ACA400#06062020#031245.jpg,200,33,car plate,792,615,992,648
4#16AEN875#08062020#193442.jpg,152,27,car plate,430,553,582,580
4#16AFA237#06062020#033236.jpg,182,33,car plate,767,564,949,597
4#16CCR64#08062020#192527.jpg,147,25,car plate,464,601,611,626
4#16CPB06#08062020#195601.jpg,157,25,car plate,718,623,875,648
4#16CRC32#05062020#100738.jpg,159,27,car plate,830,448,989,475
4#16CZA05#08062020#191429.jpg,145,25,car plate,495,506,640,531
4#16DR701#06062020#032009.jpg,201,33,car plate,698,602,899,635
4#16FK379#06062020#023104.jpg,151,27,car plate,419,583,570,610
4#16FK379#06062020#034028.jpg,215,33,car plate,828,595,1043,628
4#16FP449#05062020#104005.jpg,202,33,car plate,805,616,1007,649
4#16HB291#05062020#234058.jpg,190,34,car plate,715,515,905,549
4#16JOY59#05062020#233829.jpg,184,28,car plate,752,560,936,588
4#16KB876#06062020#025738.jpg,190,32,car plate,839,562,1029,594
4#16KHU72#05062020#104108.jpg,193,29,car plate,753,567,946,596
4#16LAG62#08062020#192817.jpg,162,28,car plate,407,662,569,690
4#16LAM80#03062020#094442.jpg,162,26,car plate,679,626,841,652
4#16LN144#06062020#140655.jpg,189,29,car plate,782,527,971,556
4#16NAT40#06062020#000207.jpg,217,34,car plate,776,616,993,650
4#16R7353#06062020#025725.jpg,200,32,car plate,756,607,956,639
4#16SA009#08062020#171822.jpg,148,27,car plate,720,578,868,605
4#16SA009#08062020#191021.jpg,152,27,car plate,720,609,872,636
4#16SSH72#06062020#030143.jpg,194,33,car plate,691,532,885,565
4#16U1418#06062020#025742.jpg,197,34,car plate,714,590,911,624
4#16UM178#03062020#010743.jpg,156,25,car plate,604,625,760,650
4#16YBE03#03062020#171630.jpg,184,29,car plate,572,557,756,586
4#16YBE03#03062020#173020.jpg,182,34,car plate,766,558,948,592
4#17FV825#03062020#155539.jpg,172,32,car plate,592,626,764,658
4#17GF661#06062020#142858.jpg,190,29,car plate,789,574,979,603
4#17RD280#03062020#154214.jpg,178,27,car plate,608,626,786,653
4#18AN123#03062020#143236.jpg,177,29,car plate,620,626,797,655
4#18BJ629#08062020#194858.jpg,151,28,car plate,965,621,1116,649
4#19AAP392#06062020#141737.jpg,178,29,car plate,808,521,986,550
4#19UE512#06062020#031215.jpg,207,34,car plate,630,576,837,610
4#20D5490#06062020#030724.jpg,185,28,car plate,620,511,805,539
4#20KS738#08062020#193115.jpg,157,28,car plate,1052,641,1209,669
4#20R9389#05062020#102045.jpg,205,29,car plate,719,602,924,631
4#20VE878#06062020#141502.jpg,190,28,car plate,812,543,1002,571
4#22NA134#06062020#024822.jpg,198,33,car plate,790,573,988,606
4#23AAG157#05062020#232948.jpg,211,34,car plate,729,631,940,665
4#23AC765#05062020#233244.jpg,205,32,car plate,694,548,899,580
4#24ET644#06062020#025240.jpg,172,27,car plate,756,519,928,546
4#25AAE871#06062020#030520.jpg,201,33,car plate,767,583,968,616
4#25AT575#08062020#191940.jpg,152,26,car plate,435,567,587,593
4#25DB049#06062020#033451.jpg,189,29,car plate,722,540,911,569
4#25EU447#03062020#145120.jpg,136,25,car plate,583,544,719,569
4#25NR5517#08062020#194503.jpg,153,27,car plate,578,610,731,637
4#26AAB014#08062020#192203.jpg,151,26,car plate,336,567,487,593
4#26AAC282#03062020#010550.jpg,143,25,car plate,673,486,816,511
4#26AAC414#08062020#191726.jpg,159,27,car plate,819,641,978,668
4#26AAD285#08062020#191519.jpg,157,26,car plate,345,612,502,638
4#26AAH064#08062020#200153.jpg,158,27,car plate,689,652,847,679
4#26AAJ793#08062020#195951.jpg,153,26,car plate,724,603,877,629
4#26AAK250#06062020#002801.jpg,201,33,car plate,633,591,834,624
4#26AAK386#08062020#192702.jpg,157,28,car plate,620,620,777,648
4#26AAK664#08062020#194035.jpg,158,29,car plate,528,600,686,629
4#26AAL26#08062020#195957.jpg,145,26,car plate,793,501,938,527
4#26AAL638#08062020#195954.jpg,150,26,car plate,242,568,392,594
4#26AAR198#08062020#192732.jpg,149,27,car plate,473,573,622,600
4#26AAS490#08062020#121628.jpg,37,20,car plate,322,580,359,600
4#26AAS92#08062020#195838.jpg,136,26,car plate,788,471,924,497
4#26AAT156#07062020#231251.jpg,156,27,car plate,537,617,693,644
4#26AAU107#08062020#195611.jpg,151,26,car plate,872,550,1023,576
4#26AAU392#08062020#192416.jpg,157,26,car plate,567,612,724,638
4#26AAV036#03062020#005450.jpg,145,24,car plate,823,596,968,620
4#26AAY228#08062020#194604.jpg,151,27,car plate,566,570,717,597
4#26AAZ831#08062020#200408.jpg,151,26,car plate,475,623,626,649
4#26ABA019#08062020#191407.jpg,158,25,car plate,476,645,634,670
4#26ABB673#03062020#005407.jpg,144,24,car plate,359,555,503,579
4#26ABB845#03062020#010350.jpg,158,25,car plate,605,646,763,671
4#26ABG047#08062020#193443.jpg,148,25,car plate,481,537,629,562
4#26ABH789#08062020#191901.jpg,147,26,car plate,662,550,809,576
4#26ABH952#08062020#192829.jpg,153,26,car plate,590,591,743,617
4#26ABJ111#08062020#195114.jpg,153,27,car plate,470,628,623,655
4#26ABM269#08062020#144610.jpg,131,25,car plate,0,539,131,564
4#26ABN924#08062020#121318.jpg,133,24,car plate,361,596,494,620
4#26ABP050#08062020#191453.jpg,151,24,car plate,421,563,572,587
4#26ABP126#03062020#002750.jpg,148,25,car plate,475,609,623,634
4#26ABP363#08062020#192659.jpg,158,27,car plate,756,610,914,637
4#26ABP634#08062020#191433.jpg,145,25,car plate,453,532,598,557
4#26ABP694#08062020#191530.jpg,158,26,car plate,518,631,676,657
4#26ABS569#08062020#171635.jpg,157,24,car plate,593,630,750,654
4#26ABS569#08062020#190943.jpg,152,24,car plate,597,586,749,610
4#26ABS683#08062020#191813.jpg,145,24,car plate,578,515,723,539
4#26ABU428#08062020#192539.jpg,160,28,car plate,770,607,930,635
4#26ABU563#03062020#012102.jpg,148,25,car plate,281,565,429,590
4#26ABU616#08062020#171225.jpg,157,26,car plate,495,607,652,633
4#26ABU616#08062020#190640.jpg,152,27,car plate,494,645,646,672
4#26ABV550#08062020#194814.jpg,150,26,car plate,665,559,815,585
4#26ABY238#08062020#171235.jpg,153,26,car plate,489,581,642,607
4#26ABY238#08062020#190650.jpg,153,26,car plate,489,581,642,607
4#26ABY329#08062020#191725.jpg,159,25,car plate,542,618,701,643
4#26ABY989#08062020#195416.jpg,153,25,car plate,627,613,780,638
4#26ACA012#08062020#194932.jpg,158,27,car plate,247,658,405,685
4#26ACB254#08062020#193552.jpg,150,25,car plate,439,581,589,606
4#26ACD18#08062020#194030.jpg,149,26,car plate,550,536,699,562
4#26ACE706#08062020#200551.jpg,152,28,car plate,915,643,1067,671
4#26ACF174#08062020#124529.jpg,132,25,car plate,228,593,360,618
4#26ACF288#08062020#194734.jpg,160,27,car plate,646,661,806,688
4#26ACG552#08062020#191246.jpg,159,29,car plate,984,661,1143,690
4#26ACH719#08062020#194418.jpg,159,26,car plate,374,594,533,620
4#26ACH92#08062020#195338.jpg,163,26,car plate,320,641,483,667
4#26ACH928#07062020#012929.jpg,157,26,car plate,506,573,663,599
4#26ACH936#08062020#192512.jpg,147,24,car plate,619,478,766,502
4#26ACJ133#08062020#191208.jpg,160,27,car plate,602,648,762,675
4#26ACJ372#08062020#191307.jpg,157,27,car plate,429,634,586,661
4#26ACK424#08062020#195153.jpg,153,26,car plate,546,642,699,668
4#26ACK485#08062020#193357.jpg,153,27,car plate,610,593,763,620
4#26ACL215#08062020#192604.jpg,152,27,car plate,644,560,796,587
4#26ACL320#08062020#191546.jpg,158,27,car plate,559,638,717,665
4#26ACL409#08062020#121717.jpg,80,23,car plate,573,609,653,632
4#26ACL763#08062020#171328.jpg,152,25,car plate,646,577,798,602
4#26ACL763#08062020#190743.jpg,157,25,car plate,646,621,803,646
4#26ACM716#08062020#195727.jpg,150,27,car plate,574,561,724,588
4#26ACN309#08062020#194350.jpg,147,23,car plate,757,533,904,556
4#26ACN654#03062020#012438.jpg,160,27,car plate,521,644,681,671
4#26ACP414#07062020#230437.jpg,149,26,car plate,451,554,600,580
4#26ACR716#08062020#145620.jpg,152,27,car plate,427,562,579,589
4#26ACS730#07062020#230518.jpg,150,27,car plate,532,591,682,618
4#26ACT648#08062020#194349.jpg,162,28,car plate,756,651,918,679
4#26ACU595#03062020#145134.jpg,146,26,car plate,512,636,658,662
4#26ACU698#08062020#193755.jpg,148,26,car plate,260,552,408,578
4#26ACV305#03062020#011952.jpg,145,25,car plate,474,525,619,550
4#26ACV413#08062020#194833.jpg,153,28,car plate,781,586,934,614
4#26ACV996#08062020#195151.jpg,150,24,car plate,321,575,471,599
4#26ACY601#08062020#191636.jpg,148,26,car plate,470,570,618,596
4#26AD976#08062020#192548.jpg,156,24,car plate,535,651,691,675
4#26AH679#08062020#192737.jpg,148,26,car plate,554,549,702,575
4#26AK124#06062020#033332.jpg,181,28,car plate,712,493,893,521
4#26AK941#08062020#192855.jpg,157,28,car plate,437,637,594,665
4#26AR344#08062020#195609.jpg,147,25,car plate,856,560,1003,585
4#26AS484#08062020#200105.jpg,144,25,car plate,528,489,672,514
4#26AS843#08062020#172044.jpg,157,29,car plate,1020,634,1177,663
4#26AS843#08062020#191055.jpg,151,28,car plate,1010,584,1161,612
4#26AT781#08062020#191732.jpg,156,26,car plate,494,645,650,671
4#26AU775#08062020#191752.jpg,150,26,car plate,736,580,886,606
4#26AU804#08062020#171204.jpg,156,26,car plate,351,609,507,635
4#26AU804#08062020#190532.jpg,156,26,car plate,351,609,507,635
4#26AU804#08062020#190618.jpg,156,27,car plate,351,609,507,636
4#26AV077#03062020#005953.jpg,149,26,car plate,381,570,530,596
4#26AV799#08062020#200608.jpg,150,28,car plate,992,603,1142,631
4#26AZ367#08062020#171228.jpg,157,25,car plate,648,654,805,679
4#26AZ367#08062020#190643.jpg,157,25,car plate,648,654,805,679
4#26B0267#08062020#171242.jpg,149,25,car plate,132,569,281,594
4#26B0267#08062020#190657.jpg,158,25,car plate,105,642,263,667
4#26B1805#08062020#194428.jpg,161,26,car plate,579,634,740,660
4#26B3239#08062020#192348.jpg,156,25,car plate,479,619,635,644
4#26B5140#03062020#010215.jpg,160,24,car plate,408,624,568,648
4#26B6837#08062020#194450.jpg,156,25,car plate,531,597,687,622
4#26B7020#08062020#193514.jpg,159,26,car plate,544,666,703,692
4#26B7671#06062020#031351.jpg,195,33,car plate,721,565,916,598
4#26B9108#08062020#191951.jpg,160,25,car plate,566,599,726,624
4#26B9601#08062020#200413.jpg,149,26,car plate,402,567,551,593
4#26B9879#08062020#120346.jpg,116,25,car plate,569,555,685,580
4#26B9879#08062020#194204.jpg,153,29,car plate,775,588,928,617
4#26BA338#08062020#195645.jpg,161,26,car plate,488,650,649,676
4#26BB437#08062020#192320.jpg,159,28,car plate,524,638,683,666
4#26BB483#08062020#191146.jpg,160,26,car plate,408,595,568,621
4#26BB784#08062020#193835.jpg,150,26,car plate,466,538,616,564
4#26BC626#08062020#194351.jpg,159,28,car plate,644,607,803,635
4#26BF103#08062020#193201.jpg,158,26,car plate,481,590,639,616
4#26BF110#08062020#195307.jpg,149,27,car plate,822,532,971,559
4#26BG472#03062020#011852.jpg,163,28,car plate,435,636,598,664
4#26BH228#08062020#200422.jpg,153,28,car plate,435,580,588,608
4#26BH604#08062020#192425.jpg,160,27,car plate,434,661,594,688
4#26BK055#08062020#143115.jpg,162,28,car plate,572,629,734,657
4#26BK330#08062020#172053.jpg,153,26,car plate,110,586,263,612
4#26BK330#08062020#191104.jpg,158,26,car plate,94,621,252,647
4#26BK695#08062020#192638.jpg,159,27,car plate,475,603,634,630
4#26BL458#07062020#230406.jpg,159,27,car plate,795,589,954,616
4#26BM279#08062020#194635.jpg,152,26,car plate,689,653,841,679
4#26BN012#08062020#193530.jpg,133,26,car plate,572,601,705,627
4#26BR661#08062020#195621.jpg,152,25,car plate,479,604,631,629
4#26BR708#08062020#200301.jpg,161,26,car plate,627,616,788,642
4#26BR711#03062020#005515.jpg,151,27,car plate,601,634,752,661
4#26BS939#03062020#005602.jpg,142,24,car plate,282,489,424,513
4#26BT233#08062020#193905.jpg,152,27,car plate,939,561,1091,588
4#26BT667#08062020#194514.jpg,159,27,car plate,371,636,530,663
4#26BT759#06062020#033739.jpg,207,29,car plate,697,598,904,627
4#26BU291#03062020#003828.jpg,144,25,car plate,658,572,802,597
4#26BY119#08062020#193734.jpg,157,25,car plate,378,608,535,633
4#26BY489#08062020#191157.jpg,156,26,car plate,423,568,579,594
4#26BY886#08062020#191235.jpg,158,27,car plate,401,627,559,654
4#26BZ342#08062020#171348.jpg,153,26,car plate,325,572,478,598
4#26BZ342#08062020#190803.jpg,158,26,car plate,315,610,473,636
4#26DA792#08062020#194806.jpg,160,26,car plate,587,630,747,656
4#26DB733#08062020#194706.jpg,156,26,car plate,574,592,730,618
4#26DF123#08062020#192351.jpg,153,27,car plate,632,559,785,586
4#26DG263#03062020#002522.jpg,148,25,car plate,672,574,820,599
4#26DG765#08062020#171301.jpg,156,26,car plate,541,593,697,619
4#26DG765#08062020#190715.jpg,159,26,car plate,537,629,696,655
4#26DJ628#08062020#192508.jpg,161,26,car plate,544,623,705,649
4#26DJ986#08062020#195654.jpg,163,26,car plate,715,655,878,681
4#26DL301#08062020#195914.jpg,148,26,car plate,474,539,622,565
4#26DM583#08062020#194544.jpg,163,27,car plate,623,654,786,681
4#26DM694#08062020#200022.jpg,160,26,car plate,669,627,829,653
4#26DN434#08062020#191346.jpg,160,25,car plate,605,640,765,665
4#26DR402#08062020#192403.jpg,152,26,car plate,579,574,731,600
4#26DS376#08062020#194108.jpg,157,25,car plate,653,624,810,649
4#26DS752#03062020#005628.jpg,142,24,car plate,573,508,715,532
4#26DS900#08062020#194144.jpg,141,25,car plate,604,447,745,472
4#26DT363#08062020#203245.jpg,38,24,car plate,552,594,590,618
4#26DZ009#08062020#114929.jpg,133,25,car plate,87,618,220,643
4#26DZ009#08062020#145913.jpg,137,25,car plate,5,548,142,573
4#26E0094#03062020#004943.jpg,144,23,car plate,690,543,834,566
4#26E0622#07062020#013104.jpg,153,26,car plate,291,576,444,602
4#26E0863#07062020#013134.jpg,156,26,car plate,374,560,530,586
4#26E0970#05062020#234620.jpg,214,29,car plate,623,624,837,653
4#26E2623#03062020#010737.jpg,141,24,car plate,517,491,658,515
4#26E3446#03062020#010347.jpg,152,27,car plate,437,600,589,627
4#26E3550#03062020#005522.jpg,157,25,car plate,619,639,776,664
4#26E4220#08062020#195125.jpg,158,25,car plate,548,632,706,657
4#26E5008#08062020#191854.jpg,160,28,car plate,520,639,680,667
4#26E6290#08062020#200432.jpg,161,27,car plate,722,661,883,688
4#26E8459#03062020#010840.jpg,110,24,car plate,535,491,645,515
4#26E9458#08062020#195145.jpg,141,32,car plate,1086,488,1227,520
4#26EB306#08062020#191714.jpg,151,25,car plate,504,581,655,606
4#26EB740#08062020#194515.jpg,156,26,car plate,424,576,580,602
4#26EE042#08062020#200126.jpg,159,28,car plate,559,643,718,671
4#26EH068#08062020#192125.jpg,145,26,car plate,708,524,853,550
4#26EH088#03062020#010255.jpg,156,24,car plate,644,627,800,651
4#26EH678#08062020#192314.jpg,159,25,car plate,280,654,439,679
4#26EH900#08062020#171212.jpg,152,26,car plate,429,660,581,686
4#26EH900#08062020#190627.jpg,159,26,car plate,433,629,592,655
4#26EJ839#08062020#151438.jpg,151,26,car plate,493,568,644,594
4#26EK497#08062020#195615.jpg,157,24,car plate,627,585,784,609
4#26EK661#03062020#004258.jpg,146,25,car plate,498,574,644,599
4#26EL676#08062020#200335.jpg,161,26,car plate,552,639,713,665
4#26EM079#08062020#115112.jpg,86,24,car plate,624,618,710,642
4#26EM079#08062020#140014.jpg,156,28,car plate,713,605,869,633
4#26ER255#03062020#005328.jpg,150,23,car plate,636,585,786,608
4#26ES311#08062020#193518.jpg,147,25,car plate,619,569,766,594
4#26ES615#08062020#195627.jpg,153,26,car plate,507,623,660,649
4#26EV455#03062020#010247.jpg,145,24,car plate,562,495,707,519
4#26EV617#03062020#010007.jpg,152,25,car plate,426,567,578,592
4#26EY593#08062020#192146.jpg,151,25,car plate,589,566,740,591
4#26FA713#08062020#171237.jpg,151,27,car plate,454,571,605,598
4#26FA713#08062020#190652.jpg,158,27,car plate,446,614,604,641
4#26FB050#08062020#192122.jpg,160,27,car plate,360,654,520,681
4#26FB266#03062020#011607.jpg,153,27,car plate,481,568,634,595
4#26FB327#08062020#212410.jpg,60,23,car plate,488,601,548,624
4#26FB392#08062020#195758.jpg,146,24,car plate,564,485,710,509
4#26FB429#03062020#003859.jpg,146,23,car plate,483,564,629,587
4#26FC691#03062020#005936.jpg,142,27,car plate,666,586,808,613
4#26FH354#08062020#192941.jpg,149,25,car plate,17,583,166,608
4#26FM023#08062020#194419.jpg,141,26,car plate,1056,444,1197,470
4#26FM284#08062020#200619.jpg,156,26,car plate,542,592,698,618
4#26FN814#03062020#012300.jpg,146,25,car plate,858,543,1004,568
4#26FR989#08062020#194746.jpg,156,27,car plate,763,591,919,618
4#26FU656#08062020#193335.jpg,157,25,car plate,586,615,743,640
4#26FY918#08062020#195819.jpg,136,25,car plate,521,424,657,449
4#26GC315#08062020#193936.jpg,162,25,car plate,633,637,795,662
4#26GC514#08062020#125348.jpg,48,24,car plate,690,637,738,661
4#26GE667#07062020#013017.jpg,158,27,car plate,561,584,719,611
4#26GF082#08062020#193753.jpg,151,28,car plate,536,552,687,580
4#26GG949#08062020#171226.jpg,146,23,car plate,424,494,570,517
4#26GG949#08062020#190641.jpg,146,23,car plate,424,494,570,517
4#26GH789#08062020#200103.jpg,153,26,car plate,584,638,737,664
4#26GH968#08062020#195252.jpg,153,25,car plate,627,610,780,635
4#26GJ473#08062020#195744.jpg,157,27,car plate,490,532,647,559
4#26GK828#08062020#191934.jpg,156,26,car plate,519,613,675,639
4#26GN105#03062020#010343.jpg,149,26,car plate,458,547,607,573
4#26GN456#08062020#191949.jpg,143,24,car plate,294,477,437,501
4#26GP648#08062020#193115.jpg,150,28,car plate,1052,601,1202,629
4#26GS175#08062020#200500.jpg,156,26,car plate,657,591,813,617
4#26HD911#08062020#195133.jpg,150,26,car plate,586,583,736,609
4#26HE666#08062020#193356.jpg,146,27,car plate,788,579,934,606
4#26HR967#08062020#200252.jpg,82,27,car plate,967,422,1049,449
4#26HR967#08062020#200252.jpg,152,25,car plate,51,584,203,609
4#26KA684#08062020#150127.jpg,153,26,car plate,454,615,607,641
4#26KC609#07062020#012308.jpg,142,25,car plate,926,625,1068,650
4#26KF480#08062020#192857.jpg,157,25,car plate,601,591,758,616
4#26KH084#08062020#191522.jpg,160,27,car plate,506,640,666,667
4#26KK483#08062020#120454.jpg,77,24,car plate,102,598,179,622
4#26KN781#07062020#230032.jpg,157,28,car plate,605,632,762,660
4#26KP252#03062020#003857.jpg,145,24,car plate,513,550,658,574
4#26KT155#08062020#191141.jpg,156,26,car plate,377,550,533,576
4#26KV604#08062020#195608.jpg,163,27,car plate,573,658,736,685
4#26LD049#03062020#010124.jpg,148,25,car plate,706,561,854,586
4#26LE686#08062020#200418.jpg,152,26,car plate,437,583,589,609
4#26LE970#08062020#193052.jpg,162,27,car plate,523,661,685,688
4#26LE989#08062020#195131.jpg,148,26,car plate,546,629,694,655
4#26LF824#08062020#193341.jpg,150,26,car plate,560,546,710,572
4#26LF987#07062020#230926.jpg,153,25,car plate,626,575,779,600
4#26LG023#03062020#003133.jpg,79,23,car plate,489,578,568,601
4#26LG061#08062020#192830.jpg,153,26,car plate,475,557,628,583
4#26NA116#08062020#195347.jpg,161,27,car plate,627,648,788,675
4#26NK467#08062020#195406.jpg,159,27,car plate,568,633,727,660
4#26NP881#08062020#192645.jpg,152,27,car plate,384,640,536,667
4#26NS161#08062020#191220.jpg,152,27,car plate,446,585,598,612
4#26NS517#08062020#171832.jpg,159,26,car plate,503,654,662,680
4#26NS517#08062020#191032.jpg,159,26,car plate,503,654,662,680
4#26NT949#08062020#194956.jpg,167,28,car plate,510,661,677,689
4#26PE250#08062020#200404.jpg,156,26,car plate,486,599,642,625
4#26PF103#08062020#134405.jpg,148,25,car plate,295,578,443,603
4#26PK681#08062020#191423.jpg,151,27,car plate,726,596,877,623
4#26PK930#08062020#172103.jpg,153,25,car plate,769,587,922,612
4#26PK930#08062020#191113.jpg,153,25,car plate,769,587,922,612
4#26PN770#03062020#005924.jpg,133,23,car plate,570,595,703,618
4#26PT987#08062020#194508.jpg,141,25,car plate,0,558,141,583
4#26PU565#08062020#195144.jpg,148,25,car plate,203,543,351,568
4#26PV664#03062020#003136.jpg,110,23,car plate,554,523,664,546
4#26RA142#08062020#191207.jpg,153,26,car plate,661,608,814,634
4#26RD326#03062020#002306.jpg,147,23,car plate,597,579,744,602
4#26RE056#08062020#200220.jpg,159,25,car plate,518,641,677,666
4#26RF243#03062020#005337.jpg,118,24,car plate,403,573,521,597
4#26RF988#08062020#192724.jpg,157,27,car plate,692,619,849,646
4#26RK027#08062020#193927.jpg,142,28,car plate,0,619,142,647
4#26RK550#03062020#010717.jpg,150,23,car plate,638,568,788,591
4#26RK565#08062020#192719.jpg,156,27,car plate,593,588,749,615
4#26RP805#08062020#193933.jpg,158,25,car plate,506,595,664,620
4#26RR245#08062020#191231.jpg,159,26,car plate,672,659,831,685
4#26RR334#07062020#013211.jpg,147,27,car plate,627,507,774,534
4#26RR490#08062020#191523.jpg,159,26,car plate,568,615,727,641
4#26RS494#08062020#192132.jpg,159,26,car plate,593,617,752,643
4#26RT364#08062020#152835.jpg,149,26,car plate,250,581,399,607
4#26RT707#08062020#171240.jpg,158,26,car plate,24,635,182,661
4#26RT707#08062020#190654.jpg,152,27,car plate,42,590,194,617
4#26RU324#08062020#195344.jpg,156,25,car plate,338,620,494,645
4#26S0485#08062020#200307.jpg,158,27,car plate,519,623,677,650
4#26S1162#07062020#012949.jpg,157,25,car plate,385,618,542,643
4#26S6026#08062020#192739.jpg,152,23,car plate,616,569,768,592
4#26S6060#08062020#192943.jpg,145,27,car plate,1079,501,1224,528
4#26S6100#08062020#193017.jpg,151,25,car plate,408,549,559,574
4#26S6104#08062020#193226.jpg,165,27,car plate,468,665,633,692
4#26S6105#08062020#193031.jpg,144,25,car plate,283,470,427,495
4#26S6106#08062020#193603.jpg,160,24,car plate,539,654,699,678
4#26S6107#08062020#193036.jpg,162,27,car plate,512,626,674,653
4#26SA245#08062020#193741.jpg,161,27,car plate,408,643,569,670
4#26SA510#08062020#194040.jpg,160,25,car plate,457,644,617,669
4#26SC259#08062020#191851.jpg,158,27,car plate,411,641,569,668
4#26SC415#08062020#194139.jpg,163,27,car plate,592,661,755,688
4#26SD468#08062020#192757.jpg,157,26,car plate,686,588,843,614
4#26SE024#08062020#194319.jpg,159,29,car plate,582,621,741,650
4#26SE973#08062020#193803.jpg,161,26,car plate,852,650,1013,676
4#26SF156#03062020#005927.jpg,156,25,car plate,711,612,867,637
4#26SF978#08062020#172104.jpg,150,26,car plate,879,569,1029,595
4#26SF978#08062020#191115.jpg,150,26,car plate,879,569,1029,595
4#26SR162#08062020#195038.jpg,160,27,car plate,563,659,723,686
4#26SU380#08062020#195037.jpg,151,25,car plate,781,606,932,631
4#26SU385#08062020#193021.jpg,163,26,car plate,494,663,657,689
4#26SU615#08062020#192047.jpg,162,27,car plate,658,667,820,694
4#26SY575#08062020#193436.jpg,152,26,car plate,557,556,709,582
4#26TA423#08062020#193351.jpg,156,26,car plate,723,595,879,621
4#26TE314#07062020#225948.jpg,135,28,car plate,805,581,940,609
4#26TH627#08062020#193159.jpg,149,24,car plate,531,595,680,619
4#26TN106#08062020#195858.jpg,153,28,car plate,645,573,798,601
4#26TR547#08062020#195035.jpg,160,26,car plate,285,648,445,674
4#26TS152#08062020#194647.jpg,157,26,car plate,430,604,587,630
4#26TU329#08062020#192756.jpg,156,27,car plate,527,599,683,626
4#26TY927#08062020#194843.jpg,160,26,car plate,613,642,773,668
4#26UC233#07062020#013259.jpg,156,25,car plate,730,587,886,612
4#26UE375#08062020#191900.jpg,152,26,car plate,877,581,1029,607
4#26UE959#08062020#191707.jpg,151,25,car plate,511,572,662,597
4#26UH112#08062020#193724.jpg,160,24,car plate,595,658,755,682
4#26UH405#08062020#171628.jpg,158,26,car plate,771,603,929,629
4#26UH405#08062020#190935.jpg,158,26,car plate,771,603,929,629
4#26UH545#08062020#191201.jpg,152,29,car plate,1050,583,1202,612
4#26UH782#08062020#171405.jpg,153,25,car plate,699,578,852,603
4#26UH782#08062020#190820.jpg,160,27,car plate,699,633,859,660
4#26UK129#03062020#010232.jpg,130,24,car plate,668,528,798,552
4#26UL875#03062020#002117.jpg,130,23,car plate,620,572,750,595
4#26UR963#08062020#192042.jpg,158,26,car plate,422,615,580,641
4#26UT708#06062020#140206.jpg,211,32,car plate,662,589,873,621
4#26UY603#08062020#192657.jpg,158,26,car plate,284,632,442,658
4#26UZ953#08062020#130148.jpg,134,25,car plate,209,596,343,621
4#26VA643#08062020#192302.jpg,158,27,car plate,678,610,836,637
4#26VA961#03062020#005525.jpg,141,24,car plate,730,547,871,571
4#26VD046#07062020#230636.jpg,146,27,car plate,528,517,674,544
4#26VD117#08062020#193509.jpg,158,28,car plate,656,604,814,632
4#26VE010#03062020#010122.jpg,157,26,car plate,432,641,589,667
4#26VE628#08062020#152128.jpg,150,26,car plate,120,585,270,611
4#26VH072#08062020#191223.jpg,156,27,car plate,617,661,773,688
4#26VK001#08062020#200310.jpg,157,27,car plate,584,640,741,667
4#26VK949#08062020#191528.jpg,152,27,car plate,646,578,798,605
4#26VL004#08062020#192651.jpg,150,25,car plate,297,555,447,580
4#26VL823#08062020#194512.jpg,159,27,car plate,712,639,871,666
4#26VP221#08062020#192534.jpg,152,26,car plate,753,587,905,613
4#26VS855#08062020#195350.jpg,153,25,car plate,561,569,714,594
4#26VU244#08062020#192529.jpg,152,27,car plate,604,585,756,612
4#26VU376#08062020#195619.jpg,151,26,car plate,685,569,836,595
4#26VY219#08062020#195649.jpg,160,26,car plate,376,656,536,682
4#26VY658#07062020#225719.jpg,149,26,car plate,1026,568,1175,594
4#26YA961#08062020#132451.jpg,150,25,car plate,194,616,344,641
4#26YC961#08062020#194551.jpg,159,27,car plate,587,640,746,667
4#27EN649#06062020#032540.jpg,186,28,car plate,759,528,945,556
4#27FA808#06062020#000605.jpg,175,28,car plate,701,521,876,549
4#27YJ930#06062020#033241.jpg,210,33,car plate,596,606,806,639
4#27YY925#06062020#000923.jpg,202,33,car plate,896,589,1098,622
4#27YY925#06062020#104400.jpg,162,25,car plate,407,487,569,512
4#28DR808#08062020#171827.jpg,152,25,car plate,635,592,787,617
4#28DR808#08062020#191026.jpg,158,25,car plate,633,635,791,660
4#28GC739#08062020#194000.jpg,156,27,car plate,621,592,777,619
4#28SF6958#08062020#125952.jpg,135,25,car plate,673,607,808,632
4#31AJH22#06062020#002711.jpg,189,33,car plate,597,535,786,568
4#31DK009#03062020#002302.jpg,102,20,car plate,560,563,662,583
4#31LL008#05062020#101730.jpg,174,26,car plate,695,485,869,511
4#31R0831#08062020#194306.jpg,144,26,car plate,466,650,610,676
4#31TK149#05062020#110310.jpg,194,28,car plate,681,521,875,549
4#326AAU#08062020#194516.jpg,147,26,car plate,478,513,625,539
4#32AAD115#08062020#200101.jpg,157,28,car plate,892,651,1049,679
4#32AAG460#08062020#212429.jpg,94,24,car plate,560,658,654,682
4#32E0204#08062020#210927.jpg,121,23,car plate,399,637,520,660
4#32E0323#08062020#191838.jpg,158,26,car plate,471,659,629,685
4#32ER032#03062020#002744.jpg,100,24,car plate,413,548,513,572
4#32GA899#08062020#171805.jpg,151,26,car plate,585,657,736,683
4#32GA899#08062020#191004.jpg,147,25,car plate,588,611,735,636
4#32HR818#08062020#200159.jpg,150,27,car plate,366,653,516,680
4#33ABA260#06062020#135535.jpg,194,32,car plate,688,561,882,593
4#33ABA260#06062020#135648.jpg,196,33,car plate,640,541,836,574
4#33AEJ85#03062020#002303.jpg,117,24,car plate,612,494,729,518
4#33AT095#06062020#000544.jpg,180,29,car plate,767,554,947,583
4#33AU803#06062020#031037.jpg,194,29,car plate,814,592,1008,621
4#33CSE79#08062020#200427.jpg,150,25,car plate,618,617,768,642
4#33DPE08#03062020#002543.jpg,121,25,car plate,252,528,373,553
4#33DRV06#06062020#000423.jpg,193,32,car plate,754,546,947,578
4#33EMC80#06062020#032357.jpg,173,28,car plate,712,557,885,585
4#33NER11#05062020#234821.jpg,178,28,car plate,746,552,924,580
4#33RT550#06062020#000700.jpg,206,32,car plate,791,622,997,654
4#33U3066#08062020#125937.jpg,121,24,car plate,551,598,672,622
4#33VKN01#06062020#142752.jpg,207,34,car plate,667,626,874,660
4#34ABA841#06062020#151450.jpg,162,26,car plate,308,549,470,575
4#34ABB189#06062020#002739.jpg,206,35,car plate,720,598,926,633
4#34ABF408#03062020#143452.jpg,165,29,car plate,635,579,800,608
4#34ABL887#06062020#023645.jpg,148,26,car plate,354,597,502,623
4#34ABL887#06062020#034657.jpg,181,32,car plate,793,504,974,536
4#34ABP835#05062020#101827.jpg,197,32,car plate,644,556,841,588
4#34ACD179#06062020#034719.jpg,196,33,car plate,790,619,986,652
4#34ACM401#06062020#141313.jpg,206,34,car plate,728,606,934,640
4#34ADA649#06062020#022658.jpg,143,26,car plate,374,576,517,602
4#34AED588#05062020#105534.jpg,162,26,car plate,622,451,784,477
4#34AEM25#06062020#032743.jpg,175,28,car plate,701,480,876,508
4#34AEN926#06062020#025324.jpg,174,28,car plate,738,531,912,559
4#34AER433#05062020#111333.jpg,150,27,car plate,334,641,484,668
4#34AEV607#06062020#000645.jpg,177,29,car plate,715,506,892,535
4#34AF5379#03062020#171242.jpg,195,36,car plate,748,580,943,616
4#34AFF336#05062020#101533.jpg,166,26,car plate,666,466,832,492
4#34AFY233#03062020#212828.jpg,192,41,car plate,782,612,974,653
4#34AG8507#03062020#214045.jpg,208,35,car plate,838,639,1046,674
4#34AHM014#03062020#171621.jpg,189,38,car plate,941,568,1130,606
4#34AHN303#03062020#154732.jpg,186,29,car plate,518,663,704,692
4#34AHP274#03062020#172149.jpg,207,33,car plate,725,629,932,662
4#34AHP294#03062020#155312.jpg,185,28,car plate,600,655,785,683
4#34AHP705#03062020#172647.jpg,206,37,car plate,912,615,1118,652
4#34AHP745#03062020#104147.jpg,163,33,car plate,786,576,949,609
4#34AIU824#06062020#032653.jpg,175,28,car plate,686,483,861,511
4#34AIZ014#06062020#033323.jpg,169,28,car plate,722,525,891,553
4#34AJF832#05062020#235514.jpg,208,34,car plate,701,621,909,655
4#34ALV889#03062020#102215.jpg,146,28,car plate,859,576,1005,604
4#34ANE985#06062020#002612.jpg,189,29,car plate,676,518,865,547
4#34AU5924#03062020#165038.jpg,120,27,car plate,508,608,628,635
4#34AVS03#03062020#164931.jpg,121,28,car plate,336,546,457,574
4#34BAG116#03062020#100830.jpg,156,27,car plate,703,593,859,620
4#34BAG85#03062020#102220.jpg,150,28,car plate,826,593,976,621
4#34BAT31#03062020#101045.jpg,140,27,car plate,783,553,923,580
4#34BBA261#03062020#172637.jpg,195,34,car plate,741,585,936,619
4#34BBE116#08062020#121718.jpg,117,25,car plate,737,628,854,653
4#34BBN165#05062020#100418.jpg,182,28,car plate,771,569,953,597
4#34BCB351#03062020#171447.jpg,197,35,car plate,769,649,966,684
4#34BCT883#06062020#143225.jpg,180,29,car plate,771,520,951,549
4#34BDB544#03062020#102000.jpg,156,29,car plate,784,604,940,633
4#34BDE971#05062020#103014.jpg,185,28,car plate,687,531,872,559
4#34BDF463#03062020#142953.jpg,161,32,car plate,530,546,691,578
4#34BEH418#06062020#120154.jpg,156,25,car plate,499,646,655,671
4#34BEH418#06062020#140036.jpg,208,33,car plate,667,614,875,647
4#34BFE256#06062020#031859.jpg,184,28,car plate,648,514,832,542
4#34BFN186#06062020#140637.jpg,161,27,car plate,827,488,988,515
4#34BFU254#06062020#143337.jpg,190,33,car plate,713,524,903,557
4#34BFV716#03062020#211349.jpg,199,33,car plate,521,640,720,673
4#34BG5769#03062020#153416.jpg,177,29,car plate,532,622,709,651
4#34BG5769#03062020#153835.jpg,189,32,car plate,468,564,657,596
4#34BGV242#05062020#105242.jpg,212,36,car plate,791,628,1003,664
4#34BGV242#06062020#002610.jpg,182,28,car plate,758,498,940,526
4#34BGV242#06062020#025735.jpg,208,36,car plate,748,599,956,635
4#34BHG415#06062020#105157.jpg,176,28,car plate,493,549,669,577
4#34BHJ578#05062020#101700.jpg,162,26,car plate,807,503,969,529
4#34BHL843#08062020#192957.jpg,147,25,car plate,597,571,744,596
4#34BIB056#05062020#101600.jpg,212,33,car plate,693,616,905,649
4#34BID105#05062020#235640.jpg,184,32,car plate,722,496,906,528
4#34BJ8321#03062020#094753.jpg,166,27,car plate,533,636,699,663
4#34BJB486#06062020#143122.jpg,173,28,car plate,757,509,930,537
4#34BJE613#05062020#233402.jpg,198,32,car plate,863,618,1061,650
4#34BK5735#03062020#094637.jpg,156,25,car plate,650,627,806,652
4#34BKH05#06062020#032331.jpg,176,29,car plate,743,497,919,526
4#34BKL164#06062020#000413.jpg,196,32,car plate,659,554,855,586
4#34BKL164#06062020#002634.jpg,184,28,car plate,724,522,908,550
4#34BKY634#06062020#025635.jpg,197,33,car plate,716,529,913,562
4#34BL8186#03062020#095954.jpg,163,27,car plate,631,634,794,661
4#34BLN167#06062020#032434.jpg,178,28,car plate,652,533,830,561
4#34BLT465#06062020#000221.jpg,184,32,car plate,710,574,894,606
4#34BLY822#06062020#142916.jpg,190,29,car plate,769,549,959,578
4#34BM2687#03062020#095823.jpg,161,26,car plate,623,617,784,643
4#34BMD953#05062020#105500.jpg,176,27,car plate,824,557,1000,584
4#34BMK051#05062020#100527.jpg,190,29,car plate,723,532,913,561
4#34BMM770#06062020#033319.jpg,184,28,car plate,714,509,898,537
4#34BMN248#06062020#034529.jpg,174,29,car plate,743,481,917,510
4#34BMS533#05062020#235128.jpg,199,33,car plate,887,589,1086,622
4#34BNB806#05062020#104535.jpg,192,29,car plate,766,543,958,572
4#34BNL863#05062020#101302.jpg,153,25,car plate,900,430,1053,455
4#34BRD888#05062020#101406.jpg,192,32,car plate,793,516,985,548
4#34BS350#06062020#140447.jpg,227,35,car plate,690,605,917,640
4#34BSC733#06062020#001742.jpg,178,28,car plate,655,487,833,515
4#34BSE999#06062020#000515.jpg,192,28,car plate,739,606,931,634
4#34BT2258#06062020#002412.jpg,201,32,car plate,687,573,888,605
4#34BT5533#06062020#000137.jpg,205,32,car plate,677,598,882,630
4#34BT6244#03062020#165045.jpg,126,27,car plate,138,618,264,645
4#34BTE945#06062020#032451.jpg,201,32,car plate,740,602,941,634
4#34BTJ606#06062020#034420.jpg,200,34,car plate,722,588,922,622
4#34BTR437#05062020#103831.jpg,205,34,car plate,782,607,987,641
4#34BTS108#06062020#135452.jpg,191,32,car plate,612,543,803,575
4#34BU5037#03062020#165009.jpg,125,28,car plate,196,588,321,616
4#34BUC116#06062020#031832.jpg,180,32,car plate,782,511,962,543
4#34BVL141#05062020#104825.jpg,164,26,car plate,741,462,905,488
4#34BYC683#06062020#032238.jpg,186,29,car plate,670,584,856,613
4#34BYF808#06062020#142905.jpg,189,28,car plate,697,540,886,568
4#34BYK871#08062020#191952.jpg,152,27,car plate,605,608,757,635
4#34BYU942#05062020#100341.jpg,136,25,car plate,715,477,851,502
4#34BZP994#06062020#001630.jpg,189,27,car plate,816,537,1005,564
4#34CAK34#06062020#002516.jpg,225,36,car plate,728,602,953,638
4#34CAM117#06062020#034400.jpg,181,28,car plate,869,513,1050,541
4#34CAM883#08062020#171149.jpg,163,26,car plate,502,662,665,688
4#34CAM883#08062020#190518.jpg,149,25,car plate,512,532,661,557
4#34CAM883#08062020#190604.jpg,159,27,car plate,505,615,664,642
4#34CAP865#06062020#142224.jpg,195,32,car plate,714,609,909,641
4#34CBP333#06062020#033913.jpg,195,29,car plate,675,614,870,643
4#34CBT673#05062020#101729.jpg,190,28,car plate,663,536,853,564
4#34CCJ328#06062020#000134.jpg,162,26,car plate,730,500,892,526
4#34CCM405#05062020#234119.jpg,183,29,car plate,755,585,938,614
4#34CCR470#06062020#030601.jpg,208,35,car plate,824,594,1032,629
4#34CDJ080#05062020#100614.jpg,194,28,car plate,717,591,911,619
4#34CDJ365#06062020#002222.jpg,184,29,car plate,733,582,917,611
4#34CDL507#06062020#034457.jpg,176,28,car plate,842,549,1018,577
4#34CDM992#05062020#233913.jpg,190,32,car plate,714,534,904,566
4#34CDT517#05062020#101202.jpg,180,33,car plate,698,503,878,536
4#34CEG176#06062020#033535.jpg,180,32,car plate,786,511,966,543
4#34CES963#06062020#034126.jpg,193,29,car plate,788,611,981,640
4#34CFV680#06062020#143424.jpg,207,34,car plate,769,615,976,649
4#34CFV680#06062020#152556.jpg,157,24,car plate,315,495,472,519
4#34CGK318#06062020#024934.jpg,185,29,car plate,696,537,881,566
4#34CGP599#08062020#153037.jpg,144,26,car plate,11,612,155,638
4#34CHL744#06062020#031532.jpg,196,32,car plate,746,624,942,656
4#34CIT343#05062020#234538.jpg,191,33,car plate,727,527,918,560
4#34CJS079#06062020#001605.jpg,193,32,car plate,672,547,865,579
4#34CRN81#06062020#141300.jpg,190,29,car plate,795,562,985,591
4#34CYP49#03062020#143412.jpg,158,26,car plate,639,460,797,486
4#34DC3236#07062020#013002.jpg,161,27,car plate,534,637,695,664
4#34DC8102#03062020#102334.jpg,147,32,car plate,856,581,1003,613
4#34DD9745#03062020#095601.jpg,166,28,car plate,531,653,697,681
4#34DJ1242#06062020#034112.jpg,211,33,car plate,757,602,968,635
4#34DN9283#03062020#102031.jpg,148,28,car plate,837,596,985,624
4#34DU9814#06062020#025920.jpg,190,32,car plate,713,550,903,582
4#34DV3382#06062020#033509.jpg,189,29,car plate,910,596,1099,625
4#34DV5281#03062020#185615.jpg,194,33,car plate,435,619,629,652
4#34ECD36#03062020#104439.jpg,163,29,car plate,763,558,926,587
4#34EJ2717#03062020#103813.jpg,168,33,car plate,892,611,1060,644
4#34EL2185#08062020#193605.jpg,143,28,car plate,667,656,810,684
4#34EM4346#06062020#143010.jpg,194,32,car plate,734,571,928,603
4#34ERY92#03062020#124520.jpg,179,29,car plate,291,577,470,606
4#34EV0473#06062020#002750.jpg,183,33,car plate,826,589,1009,622
4#34EY4748#03062020#211741.jpg,205,37,car plate,785,618,990,655
4#34EY6634#03062020#101207.jpg,151,32,car plate,908,607,1059,639
4#34EY8800#03062020#124516.jpg,175,27,car plate,321,567,496,594
4#34EY8800#03062020#125029.jpg,176,27,car plate,330,573,506,600
4#34EZ6998#06062020#025137.jpg,184,29,car plate,793,532,977,561
4#34F2997#08062020#191408.jpg,153,27,car plate,701,625,854,652
4#34FAU11#03062020#001929.jpg,108,25,car plate,604,591,712,616
4#34FB2147#03062020#102933.jpg,158,32,car plate,845,624,1003,656
4#34FB4178#06062020#141048.jpg,196,33,car plate,734,580,930,613
4#34FD5154#03062020#165031.jpg,126,26,car plate,238,614,364,640
4#34FD5603#05062020#110508.jpg,206,33,car plate,675,572,881,605
4#34FG0180#03062020#143046.jpg,180,28,car plate,583,613,763,641
4#34FH6799#03062020#104208.jpg,172,32,car plate,965,601,1137,633
4#34FJ2200#03062020#094715.jpg,163,28,car plate,717,637,880,665
4#34FJ8607#06062020#001508.jpg,200,33,car plate,671,583,871,616
4#34FN4686#03062020#211630.jpg,205,33,car plate,660,629,865,662
4#34FN6691#03062020#214102.jpg,197,35,car plate,703,617,900,652
4#34FR4787#06062020#033413.jpg,201,33,car plate,780,617,981,650
4#34FRE24#05062020#101348.jpg,183,29,car plate,716,533,899,562
4#34FRE24#05062020#134402.jpg,160,26,car plate,483,507,643,533
4#34FRK71#03062020#094604.jpg,146,26,car plate,596,607,742,633
4#34FT3905#03062020#185633.jpg,195,28,car plate,501,628,696,656
4#34FT4305#03062020#142301.jpg,165,29,car plate,525,502,690,531
4#34FT5360#03062020#155027.jpg,165,33,car plate,518,554,683,587
4#34FT8858#03062020#103000.jpg,148,27,car plate,860,599,1008,626
4#34FU389#03062020#104305.jpg,162,32,car plate,945,566,1107,598
4#34FU7266#03062020#094300.jpg,164,27,car plate,527,639,691,666
4#34FU8676#03062020#101200.jpg,151,34,car plate,912,635,1063,669
4#34GC9395#03062020#164900.jpg,120,26,car plate,351,616,471,642
4#34GE042#03062020#101849.jpg,159,28,car plate,762,589,921,617
4#34GF223#03062020#142434.jpg,168,32,car plate,604,560,772,592
4#34GG3279#07062020#231002.jpg,151,26,car plate,437,538,588,564
4#34GGC32#03062020#171554.jpg,194,34,car plate,729,589,923,623
4#34GIE46#06062020#034509.jpg,205,33,car plate,711,605,916,638
4#34GK008#03062020#185659.jpg,181,27,car plate,344,565,525,592
4#34GL3173#06062020#001653.jpg,176,29,car plate,735,501,911,530
4#34GN0793#03062020#125626.jpg,184,28,car plate,275,593,459,621
4#34GN6848#05062020#101513.jpg,195,35,car plate,676,541,871,576
4#34GT4585#06062020#135440.jpg,191,29,car plate,733,556,924,585
4#34GU0165#05062020#235458.jpg,198,33,car plate,842,593,1040,626
4#34GV2407#08062020#192439.jpg,159,27,car plate,667,640,826,667
4#34GV5937#05062020#111806.jpg,165,27,car plate,348,655,513,682
4#34GZ4481#03062020#164858.jpg,120,28,car plate,341,552,461,580
4#34HE0342#06062020#025317.jpg,201,32,car plate,721,594,922,626
4#34HE0674#05062020#104241.jpg,175,28,car plate,795,551,970,579
4#34HE7738#06062020#000716.jpg,197,33,car plate,687,542,884,575
4#34HG8926#06062020#143048.jpg,208,33,car plate,713,563,921,596
4#34HJ5741#03062020#101304.jpg,157,25,car plate,749,629,906,654
4#34HJJ19#03062020#165046.jpg,127,26,car plate,372,611,499,637
4#34HN6234#06062020#033811.jpg,173,54,car plate,819,563,992,617
4#34HP0446#03062020#125805.jpg,181,32,car plate,566,593,747,625
4#34HS9491#08062020#193915.jpg,162,27,car plate,563,659,725,686
4#34HY0617#03062020#164949.jpg,124,27,car plate,383,596,507,623
4#34J4612#03062020#001944.jpg,163,27,car plate,527,602,690,629
4#34JB6723#03062020#165000.jpg,124,27,car plate,400,620,524,647
4#34JD4784#03062020#102314.jpg,152,28,car plate,816,635,968,663
4#34JD7339#07062020#231024.jpg,140,24,car plate,102,534,242,558
4#34JF0797#03062020#164925.jpg,124,26,car plate,304,621,428,647
4#34JF8055#05062020#233303.jpg,185,32,car plate,776,532,961,564
4#34JFP49#05062020#235409.jpg,208,33,car plate,742,585,950,618
4#34JJ0112#03062020#003435.jpg,145,25,car plate,291,621,436,646
4#34JJ3991#06062020#031015.jpg,185,32,car plate,603,506,788,538
4#34JNN44#06062020#002307.jpg,190,29,car plate,784,529,974,558
4#34JRP80#03062020#171954.jpg,191,32,car plate,521,596,712,628
4#34JS0374#03062020#164905.jpg,121,28,car plate,343,630,464,658
4#34JT6120#03062020#125549.jpg,172,28,car plate,313,557,485,585
4#34JT9056#06062020#025607.jpg,177,28,car plate,741,497,918,525
4#34JU2926#03062020#094210.jpg,163,28,car plate,490,630,653,658
4#34JU7476#03062020#094642.jpg,167,28,car plate,558,629,725,657
4#34JZ3200#05062020#105730.jpg,205,29,car plate,776,579,981,608
4#34K9584#03062020#173331.jpg,34,43,car plate,824,542,858,585
4#34KA3440#03062020#143644.jpg,169,33,car plate,438,590,607,623
4#34KA4122#03062020#143521.jpg,175,29,car plate,549,588,724,617
4#34KA5345#03062020#094705.jpg,165,28,car plate,592,655,757,683
4#34KA5960#03062020#213112.jpg,197,36,car plate,839,609,1036,645
4#34KC1861#03062020#101410.jpg,145,26,car plate,889,557,1034,583
4#34KD9548#03062020#104000.jpg,174,32,car plate,808,599,982,631
4#34KF6521#03062020#141604.jpg,157,27,car plate,624,534,781,561
4#34KF7695#03062020#103014.jpg,156,32,car plate,903,624,1059,656
4#34KF9569#06062020#142849.jpg,202,32,car plate,760,573,962,605
4#34KG5714#03062020#094238.jpg,158,27,car plate,495,597,653,624
4#34KH5245#08062020#172109.jpg,151,27,car plate,647,573,798,600
4#34KH5245#08062020#191119.jpg,156,26,car plate,648,614,804,640
4#34KPC54#06062020#002442.jpg,202,33,car plate,654,611,856,644
4#34KR7340#06062020#001412.jpg,190,26,car plate,704,561,894,587
4#34KR9791#08062020#194955.jpg,149,26,car plate,748,551,897,577
4#34KT1961#06062020#140842.jpg,168,28,car plate,716,482,884,510
4#34KT4806#03062020#002556.jpg,146,26,car plate,501,580,647,606
4#34KU2486#06062020#115525.jpg,148,27,car plate,328,593,476,620
4#34KU2486#06062020#121924.jpg,158,28,car plate,315,642,473,670
4#34KU2486#06062020#135251.jpg,205,32,car plate,838,590,1043,622
4#34KY5365#06062020#031024.jpg,202,32,car plate,727,610,929,642
4#34LA1496#03062020#172731.jpg,205,37,car plate,861,639,1066,676
4#34LA4154#08062020#194938.jpg,164,28,car plate,516,655,680,683
4#34LA5477#08062020#200400.jpg,151,25,car plate,528,576,679,601
4#34LA7663#03062020#095616.jpg,168,29,car plate,468,661,636,690
4#34LE5840#03062020#172336.jpg,193,36,car plate,823,594,1016,630
4#34LE9719#06062020#002316.jpg,178,29,car plate,651,523,829,552
4#34LG7633#03062020#185647.jpg,185,28,car plate,450,664,635,692
4#34LH8043#03062020#101807.jpg,146,27,car plate,769,540,915,567
4#34LL1078#03062020#104226.jpg,168,28,car plate,904,599,1072,627
4#34LM8014#07062020#013039.jpg,132,24,car plate,689,433,821,457
4#34LR1316#05062020#105036.jpg,180,29,car plate,770,520,950,549
4#34LUE50#03062020#095839.jpg,162,29,car plate,585,634,747,663
4#34LY2515#06062020#000559.jpg,189,29,car plate,728,518,917,547
4#34LZ7620#03062020#101059.jpg,148,27,car plate,785,580,933,607
4#34MSC35#06062020#023043.jpg,159,28,car plate,378,595,537,623
4#34NB2387#08062020#192819.jpg,156,26,car plate,541,626,697,652
4#34ND8480#03062020#154229.jpg,180,27,car plate,623,630,803,657
4#34NE0342#06062020#030409.jpg,192,32,car plate,712,578,904,610
4#34NF4530#08062020#140811.jpg,147,33,car plate,791,604,938,637
4#34NF6018#05062020#102905.jpg,194,33,car plate,807,571,1001,604
4#34NG0820#06062020#025305.jpg,192,32,car plate,721,568,913,600
4#34NG7912#05062020#102208.jpg,195,33,car plate,801,573,996,606
4#34NJ3496#03062020#172122.jpg,194,36,car plate,848,600,1042,636
4#34NK5026#03062020#095109.jpg,164,29,car plate,533,608,697,637
4#34NL9134#05062020#102558.jpg,211,33,car plate,570,578,781,611
4#34NP7829#06062020#140652.jpg,192,32,car plate,870,555,1062,587
4#34NR0145#06062020#032021.jpg,166,25,car plate,734,495,900,520
4#34NT7531#03062020#094514.jpg,165,26,car plate,594,661,759,687
4#34NT8118#06062020#003057.jpg,216,35,car plate,734,621,950,656
4#34NU2877#03062020#100305.jpg,158,33,car plate,796,650,954,683
4#34NV7317#05062020#234916.jpg,160,26,car plate,812,483,972,509
4#34NY6028#03062020#170735.jpg,199,34,car plate,551,581,750,615
4#34PA3339#06062020#033705.jpg,186,29,car plate,727,579,913,608
4#34PA5822#03062020#172347.jpg,207,38,car plate,788,633,995,671
4#34PB3208#05062020#101421.jpg,131,23,car plate,651,416,782,439
4#34PB5853#05062020#100621.jpg,206,32,car plate,632,607,838,639
4#34PB7307#03062020#100426.jpg,160,29,car plate,914,646,1074,675
4#34PC5017#05062020#233821.jpg,201,33,car plate,846,607,1047,640
4#34PE7408#03062020#095955.jpg,157,27,car plate,566,591,723,618
4#34PFS46#03062020#154535.jpg,180,35,car plate,553,639,733,674
4#34PH4538#06062020#030322.jpg,189,29,car plate,679,591,868,620
4#34PIL21#06062020#000946.jpg,201,32,car plate,642,589,843,621
4#34PJ0285#03062020#101313.jpg,151,28,car plate,786,596,937,624
4#34PN3598#06062020#141425.jpg,181,28,car plate,749,513,930,541
4#34PS1637#06062020#032720.jpg,200,29,car plate,718,586,918,615
4#34PT8037#05062020#104247.jpg,210,35,car plate,777,626,987,661
4#34PV9026#03062020#100715.jpg,151,27,car plate,969,633,1120,660
4#34PY0918#03062020#134048.jpg,178,27,car plate,379,562,557,589
4#34RA6333#03062020#142137.jpg,172,34,car plate,478,609,650,643
4#34RA9362#06062020#033933.jpg,205,29,car plate,675,598,880,627
4#34RB4994#03062020#103924.jpg,164,32,car plate,906,569,1070,601
4#34RB6224#03062020#102208.jpg,147,29,car plate,796,639,943,668
4#34RB8462#03062020#100943.jpg,152,29,car plate,858,609,1010,638
4#34RB9126#03062020#094323.jpg,162,26,car plate,575,618,737,644
4#34RB9973#05062020#101308.jpg,184,29,car plate,867,601,1051,630
4#34RB9975#05062020#101313.jpg,172,27,car plate,783,527,955,554
4#34RD956#08062020#195342.jpg,148,26,car plate,499,586,647,612
4#34RE2101#03062020#094855.jpg,164,28,car plate,532,653,696,681
4#34RE4356#06062020#000304.jpg,198,32,car plate,713,598,911,630
4#34RG9481#03062020#143523.jpg,183,27,car plate,661,653,844,680
4#34RH6203#06062020#001523.jpg,186,29,car plate,808,545,994,574
4#34RH9860#05062020#101112.jpg,184,29,car plate,786,568,970,597
4#34RJ7638#03062020#171659.jpg,185,34,car plate,787,591,972,625
4#34RJ9033#03062020#101339.jpg,157,28,car plate,843,630,1000,658
4#34RK0843#05062020#101841.jpg,200,29,car plate,792,621,992,650
4#34RK1673#05062020#102842.jpg,175,46,car plate,888,523,1063,569
4#34RK2448#05062020#100403.jpg,193,29,car plate,726,596,919,625
4#34RK7676#05062020#101153.jpg,180,28,car plate,791,503,971,531
4#34RK8274#05062020#234514.jpg,218,33,car plate,721,610,939,643
4#34RN4127#03062020#101725.jpg,153,32,car plate,928,605,1081,637
4#34RN6420#06062020#142515.jpg,192,32,car plate,710,591,902,623
4#34RP3326#06062020#024813.jpg,198,32,car plate,772,570,970,602
4#34RP9748#06062020#023902.jpg,134,27,car plate,401,612,535,639
4#34RR2162#03062020#101436.jpg,156,29,car plate,849,642,1005,671
4#34RR2351#03062020#143547.jpg,158,28,car plate,584,498,742,526
4#34RR2588#03062020#104604.jpg,167,28,car plate,849,587,1016,615
4#34RR5179#03062020#102400.jpg,156,28,car plate,778,594,934,622
4#34RR7851#03062020#213515.jpg,215,35,car plate,817,636,1032,671
4#34RS3498#03062020#172744.jpg,198,36,car plate,701,602,899,638
4#34RSN49#03062020#005956.jpg,152,26,car plate,406,616,558,642
4#34RU1197#06062020#025855.jpg,195,33,car plate,613,528,808,561
4#34RU9837#06062020#024859.jpg,207,33,car plate,619,580,826,613
4#34RUN80#06062020#140828.jpg,190,32,car plate,665,512,855,544
4#34RUV80#05062020#104136.jpg,207,33,car plate,623,559,830,592
4#34SA1944#06062020#142819.jpg,200,32,car plate,713,561,913,593
4#34SA3856#03062020#102116.jpg,142,29,car plate,821,568,963,597
4#34SCS61#05062020#105233.jpg,165,26,car plate,735,453,900,479
4#34SD4276#06062020#033202.jpg,196,34,car plate,639,583,835,617
4#34SE2118#03062020#102735.jpg,161,29,car plate,811,629,972,658
4#34SF3199#05062020#104142.jpg,179,29,car plate,848,492,1027,521
4#34SF9137#05062020#105745.jpg,198,34,car plate,866,584,1064,618
4#34SG5988#03062020#101734.jpg,161,28,car plate,871,643,1032,671
4#34SGC84#06062020#032053.jpg,209,37,car plate,716,593,925,630
4#34SGU76#03062020#211433.jpg,205,32,car plate,728,624,933,656
4#34SGU76#03062020#214455.jpg,151,25,car plate,647,400,798,425
4#34SJ9118#06062020#030652.jpg,189,33,car plate,716,573,905,606
4#34SK2386#06062020#142613.jpg,193,32,car plate,762,541,955,573
4#34SL6785#06062020#030706.jpg,185,32,car plate,846,591,1031,623
4#34SN0531#03062020#154505.jpg,173,34,car plate,557,600,730,634
4#34SN5241#03062020#001939.jpg,161,27,car plate,620,606,781,633
4#34SN5604#03062020#172453.jpg,194,34,car plate,717,614,911,648
4#34SN6342#03062020#154211.jpg,164,34,car plate,535,561,699,595
4#34SN6750#03062020#152901.jpg,185,33,car plate,578,658,763,691
4#34SN8497#03062020#095036.jpg,161,27,car plate,586,638,747,665
4#34SN8727#03062020#124416.jpg,180,28,car plate,176,628,356,656
4#34SNL20#03062020#164936.jpg,125,27,car plate,256,604,381,631
4#34SP3457#03062020#172527.jpg,209,35,car plate,545,628,754,663
4#34SR4185#06062020#115526.jpg,152,28,car plate,250,644,402,672
4#34SR5849#03062020#095736.jpg,165,28,car plate,533,642,698,670
4#34SRK42#06062020#001405.jpg,197,29,car plate,747,574,944,603
4#34ST555#06062020#000129.jpg,196,29,car plate,696,564,892,593
4#34ST7727#05062020#100556.jpg,182,32,car plate,745,494,927,526
4#34ST7727#05062020#135639.jpg,157,27,car plate,643,459,800,486
4#34STH37#03062020#212335.jpg,160,29,car plate,587,427,747,456
4#34SU160#03062020#213748.jpg,197,32,car plate,779,621,976,653
4#34SV4236#08062020#211635.jpg,97,23,car plate,1048,653,1145,676
4#34SY2792#06062020#024953.jpg,206,34,car plate,735,618,941,652
4#34SY3531#06062020#024819.jpg,176,28,car plate,829,545,1005,573
4#34SY5980#06062020#140349.jpg,184,32,car plate,722,521,906,553
4#34SZ5625#06062020#135945.jpg,193,32,car plate,779,564,972,596
4#34TBU87#03062020#164947.jpg,127,32,car plate,372,622,499,654
4#34TFM31#03062020#164942.jpg,119,28,car plate,207,601,326,629
4#34THD37#03062020#165020.jpg,124,29,car plate,257,576,381,605
4#34TL688#06062020#001809.jpg,191,33,car plate,673,530,864,563
4#34TS7740#03062020#153613.jpg,189,29,car plate,590,664,779,693
4#34TT0701#03062020#124432.jpg,179,28,car plate,326,567,505,595
4#34TT2163#03062020#142643.jpg,176,33,car plate,528,630,704,663
4#34TV8335#06062020#031404.jpg,191,32,car plate,761,603,952,635
4#34UE9011#03062020#154608.jpg,169,29,car plate,627,614,796,643
4#34UEG06#06062020#031048.jpg,194,29,car plate,648,544,842,573
4#34UH5485#03062020#102501.jpg,152,28,car plate,815,611,967,639
4#34UJ1440#03062020#094722.jpg,169,26,car plate,601,653,770,679
4#34UL7755#03062020#143009.jpg,179,32,car plate,645,606,824,638
4#34UM5876#03062020#153703.jpg,165,43,car plate,539,551,704,594
4#34UN296#06062020#033720.jpg,202,33,car plate,748,583,950,616
4#34UN7074#03062020#012037.jpg,153,25,car plate,564,644,717,669
4#34UP2327#03062020#103731.jpg,166,24,car plate,813,578,979,602
4#34UP8350#03062020#154726.jpg,173,29,car plate,588,594,761,623
4#34UR8060#03062020#101350.jpg,149,29,car plate,891,608,1040,637
4#34UU8729#06062020#000359.jpg,183,28,car plate,732,523,915,551
4#34UY8759#06062020#143135.jpg,207,32,car plate,701,608,908,640
4#34VF1360#06062020#143406.jpg,179,27,car plate,684,488,863,515
4#34VG1534#06062020#030812.jpg,206,34,car plate,658,615,864,649
4#34VH1067#06062020#000249.jpg,177,29,car plate,747,511,924,540
4#34VH5178#03062020#125607.jpg,178,28,car plate,295,581,473,609
4#34VIH27#03062020#171335.jpg,197,35,car plate,807,615,1004,650
4#34VJ5288#06062020#031433.jpg,202,34,car plate,773,593,975,627
4#34VJ900#03062020#143031.jpg,181,27,car plate,566,635,747,662
4#34VN9999#05062020#235256.jpg,173,29,car plate,764,498,937,527
4#34VP1218#03062020#100610.jpg,158,28,car plate,888,636,1046,664
4#34VT2200#03062020#102654.jpg,156,26,car plate,771,578,927,604
4#34VT8364#03062020#142207.jpg,174,36,car plate,504,619,678,655
4#34VY1415#03062020#154250.jpg,160,28,car plate,637,489,797,517
4#34YP8859#03062020#164932.jpg,128,27,car plate,272,640,400,667
4#34YS274#03062020#154223.jpg,190,32,car plate,645,623,835,655
4#34YSA75#03062020#211835.jpg,199,41,car plate,983,605,1182,646
4#34YT2384#03062020#095402.jpg,159,26,car plate,579,627,738,653
4#34YT7020#03062020#094423.jpg,167,27,car plate,588,652,755,679
4#34ZE7196#03062020#142613.jpg,196,29,car plate,413,631,609,660
4#34ZF3018#08062020#193334.jpg,151,25,car plate,549,583,700,608
4#34ZH6624#06062020#034345.jpg,191,29,car plate,689,550,880,579
4#34ZL0611#03062020#102914.jpg,151,26,car plate,853,615,1004,641
4#34ZM4236#03062020#173538.jpg,212,35,car plate,755,646,967,681
4#34ZM4954#06062020#000917.jpg,208,34,car plate,670,594,878,628
4#34ZR4873#03062020#101618.jpg,149,28,car plate,905,594,1054,622
4#34ZR9524#03062020#142838.jpg,168,28,car plate,565,545,733,573
4#34ZT0605#03062020#102305.jpg,153,26,car plate,708,632,861,658
4#34ZTK82#08062020#194045.jpg,153,25,car plate,553,611,706,636
4#34ZU3437#03062020#142254.jpg,167,32,car plate,529,603,696,635
4#34ZU9038#03062020#095444.jpg,165,29,car plate,506,629,671,658
4#34ZU9113#06062020#000940.jpg,211,34,car plate,665,600,876,634
4#34ZV5484#03062020#094813.jpg,167,27,car plate,568,643,735,670
4#34ZV9986#03062020#101150.jpg,153,28,car plate,819,600,972,628
4#34ZY7884#03062020#165051.jpg,126,28,car plate,381,641,507,669
4#34ZZ0003#06062020#000906.jpg,211,32,car plate,761,565,972,597
4#35ABZ801#05062020#233008.jpg,185,29,car plate,800,555,985,584
4#35AC711#06062020#142209.jpg,199,32,car plate,752,622,951,654
4#35AC9326#05062020#101226.jpg,202,34,car plate,747,609,949,643
4#35ADG294#06062020#001448.jpg,181,33,car plate,801,519,982,552
4#35AEA813#05062020#235222.jpg,217,34,car plate,693,602,910,636
4#35AFA477#08062020#195233.jpg,153,28,car plate,932,601,1085,629
4#35AH9223#06062020#030450.jpg,194,29,car plate,748,567,942,596
4#35AHK152#08062020#192058.jpg,153,24,car plate,409,627,562,651
4#35AR3663#06062020#034744.jpg,197,33,car plate,760,590,957,623
4#35AV9224#06062020#031506.jpg,186,28,car plate,791,533,977,561
4#35AY2572#06062020#001059.jpg,191,29,car plate,836,557,1027,586
4#35BET49#06062020#002931.jpg,197,32,car plate,751,622,948,654
4#35CNT97#06062020#033456.jpg,175,27,car plate,791,496,966,523
4#35DAD16#07062020#013053.jpg,148,25,car plate,566,530,714,555
4#35DD4826#06062020#002502.jpg,176,28,car plate,656,476,832,504
4#35DD5402#06062020#034153.jpg,191,33,car plate,756,504,947,537
4#35EB5575#06062020#032220.jpg,199,34,car plate,726,560,925,594
4#35EB8169#05062020#233451.jpg,185,27,car plate,834,530,1019,557
4#35EC4958#06062020#025529.jpg,195,33,car plate,757,551,952,584
4#35EL237#06062020#033338.jpg,200,33,car plate,683,581,883,614
4#35EYR07#03062020#104534.jpg,173,32,car plate,552,578,725,610
4#35HA5198#03062020#103746.jpg,163,27,car plate,817,554,980,581
4#35HC3238#06062020#030232.jpg,207,34,car plate,808,600,1015,634
4#35HD7233#06062020#143201.jpg,209,32,car plate,717,624,926,656
4#35JM227#05062020#104814.jpg,159,27,car plate,865,450,1024,477
4#35KF0338#06062020#002608.jpg,199,32,car plate,753,558,952,590
4#35KF3968#07062020#230755.jpg,150,26,car plate,970,540,1120,566
4#35KJ592#05062020#105511.jpg,222,33,car plate,589,633,811,666
4#35KJ778#03062020#213006.jpg,205,33,car plate,651,616,856,649
4#35KOU87#06062020#033105.jpg,197,29,car plate,813,576,1010,605
4#35NLU72#06062020#025302.jpg,182,29,car plate,751,582,933,611
4#35TBU49#06062020#032544.jpg,193,28,car plate,759,579,952,607
4#35ZF448#05062020#234602.jpg,183,28,car plate,778,533,961,561
4#35ZV0688#06062020#001000.jpg,195,29,car plate,753,562,948,591
4#37BE856#06062020#034638.jpg,199,33,car plate,733,610,932,643
4#38BB366#05062020#103911.jpg,202,32,car plate,706,598,908,630
4#38GB276#06062020#001006.jpg,176,29,car plate,796,494,972,523
4#38GY171#06062020#002603.jpg,206,33,car plate,790,618,996,651
4#38J0445#05062020#105335.jpg,196,32,car plate,771,570,967,602
4#38SN501#06062020#140102.jpg,168,27,car plate,686,435,854,462
4#38UH067#06062020#002912.jpg,152,26,car plate,611,444,763,470
4#38VP087#05062020#104657.jpg,195,32,car plate,741,600,936,632
4#38YC357#06062020#030638.jpg,196,29,car plate,664,541,860,570
4#38ZL800#06062020#033944.jpg,200,33,car plate,679,570,879,603
4#38ZV733#06062020#142339.jpg,212,32,car plate,651,613,863,645
4#39AB818#06062020#001749.jpg,197,29,car plate,741,621,938,650
4#39EE125#08062020#194141.jpg,160,27,car plate,538,649,698,676
4#40AG987#06062020#000640.jpg,197,33,car plate,756,542,953,575
4#40AT321#06062020#142032.jpg,191,29,car plate,736,565,927,594
4#41AAU016#06062020#002226.jpg,198,32,car plate,747,549,945,581
4#41ABR716#06062020#031306.jpg,213,32,car plate,715,605,928,637
4#41ACC226#08062020#193005.jpg,158,27,car plate,185,614,343,641
4#41BJ863#06062020#000114.jpg,194,34,car plate,625,591,819,625
4#41GP760#05062020#200453.jpg,144,24,car plate,439,582,583,606
4#41GP760#06062020#011044.jpg,165,29,car plate,376,540,541,569
4#41H7994#06062020#142435.jpg,201,32,car plate,738,620,939,652
4#41HA872#06062020#033248.jpg,208,33,car plate,793,612,1001,645
4#41L5433#08062020#191943.jpg,148,25,car plate,369,637,517,662
4#41TK003#07062020#225817.jpg,152,28,car plate,801,615,953,643
4#42ABP776#05062020#235120.jpg,183,28,car plate,663,550,846,578
4#42BG914#06062020#000747.jpg,210,32,car plate,560,611,770,643
4#42CLL32#06062020#030212.jpg,184,29,car plate,725,524,909,553
4#42D0448#08062020#191710.jpg,153,26,car plate,528,642,681,668
4#42DK516#08062020#200334.jpg,151,27,car plate,349,597,500,624
4#42DNB15#03062020#142338.jpg,157,29,car plate,472,506,629,535
4#42DSK08#08062020#200833.jpg,135,24,car plate,629,651,764,675
4#42ELJ52#03062020#001926.jpg,161,27,car plate,486,597,647,624
4#42FHD64#06062020#032548.jpg,180,29,car plate,829,515,1009,544
4#42GU445#08062020#191708.jpg,160,27,car plate,652,656,812,683
4#42PS137#08062020#191729.jpg,159,27,car plate,708,658,867,685
4#42SR772#05062020#104847.jpg,69,50,car plate,817,596,886,646
4#43NU550#06062020#000707.jpg,189,28,car plate,755,539,944,567
4#43UC660#08062020#191928.jpg,149,25,car plate,519,607,668,632
4#43Y4440#08062020#195115.jpg,153,26,car plate,673,611,826,637
4#44EA837#03062020#172756.jpg,201,37,car plate,664,629,865,666
4#44KC525#08062020#193205.jpg,148,26,car plate,610,580,758,606
4#44LY226#08062020#172054.jpg,152,28,car plate,821,583,973,611
4#44LY226#08062020#191105.jpg,159,28,car plate,824,628,983,656
4#45EE660#06062020#001420.jpg,198,33,car plate,787,593,985,626
4#45FM638#06062020#002026.jpg,195,27,car plate,858,561,1053,588
4#45HD3013#05062020#100433.jpg,185,29,car plate,777,529,962,558
4#45HD3763#08062020#192205.jpg,153,26,car plate,458,613,611,639
4#45SE245#06062020#000753.jpg,185,28,car plate,763,535,948,563
4#45UB3555#06062020#025617.jpg,189,28,car plate,715,528,904,556
4#45YA9716#08062020#194126.jpg,157,25,car plate,556,654,713,679
4#48AAF316#06062020#140953.jpg,195,33,car plate,777,571,972,604
4#48AAJ204#06062020#033624.jpg,180,28,car plate,779,555,959,583
4#48AAP632#06062020#143322.jpg,211,33,car plate,755,601,966,634
4#48AAT991#06062020#031100.jpg,192,33,car plate,688,596,880,629
4#48ABZ863#06062020#142556.jpg,208,33,car plate,747,507,955,540
4#48GS388#06062020#024829.jpg,192,32,car plate,809,537,1001,569
4#48JD9984#08062020#195931.jpg,153,27,car plate,939,643,1092,670
4#50FN763#03062020#164605.jpg,136,33,car plate,496,571,632,604
4#50SB706#06062020#140650.jpg,194,32,car plate,617,544,811,576
4#51ER886#03062020#142129.jpg,184,28,car plate,592,648,776,676
4#51KE494#06062020#000234.jpg,182,29,car plate,693,492,875,521
4#52BN168#03062020#010746.jpg,152,25,car plate,575,580,727,605
4#53BA469#05062020#100409.jpg,207,33,car plate,808,607,1015,640
4#53DY115#05062020#101258.jpg,197,32,car plate,802,533,999,565
4#54ABY584#06062020#030226.jpg,186,28,car plate,725,557,911,585
4#54HU533#03062020#154149.jpg,174,33,car plate,406,663,580,696
4#54PJ723#03062020#094908.jpg,159,26,car plate,658,622,817,648
4#54PP492#03062020#154756.jpg,179,28,car plate,591,626,770,654
4#55ABJ337#08062020#134425.jpg,146,24,car plate,428,548,574,572
4#55AOY49#03062020#012249.jpg,104,23,car plate,185,645,289,668
4#55BF080#05062020#105604.jpg,193,28,car plate,705,507,898,535
4#55BM001#06062020#023839.jpg,151,29,car plate,470,605,621,634
4#55KJ787#05062020#233533.jpg,185,28,car plate,790,557,975,585
4#55SY516#03062020#095310.jpg,160,26,car plate,745,627,905,653
4#57AAJ356#05062020#100140.jpg,173,28,car plate,712,484,885,512
4#58ABP056#06062020#140357.jpg,186,32,car plate,815,524,1001,556
4#58TE568#06062020#025613.jpg,189,28,car plate,770,548,959,576
4#59RN534#03062020#142823.jpg,169,33,car plate,514,594,683,627
4#59VD342#03062020#171310.jpg,211,34,car plate,741,642,952,676
4#59YZ616#06062020#032352.jpg,196,32,car plate,731,486,927,518
4#60BP432#08062020#195018.jpg,157,25,car plate,586,644,743,669
4#60TR048#05062020#110553.jpg,189,29,car plate,707,533,896,562
4#60ZM611#08062020#191634.jpg,157,26,car plate,381,587,538,613
4#61ET144#05062020#101853.jpg,183,29,car plate,870,529,1053,558
4#61ET144#06062020#030248.jpg,183,29,car plate,773,500,956,529
4#63AK044#03062020#155229.jpg,172,28,car plate,617,568,789,596
4#65AR449#03062020#164758.jpg,136,32,car plate,516,508,652,540
4#66AAE463#06062020#001707.jpg,205,32,car plate,786,594,991,626
4#66AF492#03062020#171334.jpg,186,37,car plate,911,592,1097,629
4#66KL825#07062020#230748.jpg,161,27,car plate,518,603,679,630
4#67AS505#06062020#025649.jpg,185,32,car plate,638,512,823,544
4#67UB220#06062020#140836.jpg,184,28,car plate,787,563,971,591
4#68LB478#05062020#233232.jpg,198,29,car plate,646,573,844,602
4#6M84830#06062020#002910.jpg,179,27,car plate,756,520,935,547
4#706YZV10#08062020#195006.jpg,149,27,car plate,893,565,1042,592
4#71EV314#06062020#135737.jpg,195,29,car plate,683,582,878,611
4#71FC210#06062020#033026.jpg,207,34,car plate,701,600,908,634
4#77DR661#05062020#233209.jpg,195,32,car plate,789,582,984,614
4#78BD069#06062020#135201.jpg,198,27,car plate,828,574,1026,601
4#78SF793#03062020#153441.jpg,166,24,car plate,598,592,764,616
4#78SSC26#08062020#195622.jpg,151,28,car plate,627,577,778,605
4#80AH767#06062020#030818.jpg,189,28,car plate,783,559,972,587
4#81AS948#08062020#195656.jpg,141,26,car plate,619,656,760,682
4#81DY672#03062020#142659.jpg,163,27,car plate,645,584,808,611
4#81FK834#03062020#095200.jpg,161,25,car plate,530,661,691,686
4#AAV017#08062020#194130.jpg,156,26,car plate,576,609,732,635
4#AP403#08062020#194002.jpg,147,26,car plate,550,521,697,547
4#BA802362#05062020#102540.jpg,175,27,car plate,800,509,975,536
4#BU8434#08062020#194518.jpg,160,26,car plate,472,648,632,674
4#DMCD713#06062020#031018.jpg,200,33,car plate,698,576,898,609
4#EM812#08062020#191534.jpg,161,27,car plate,584,658,745,685
4#FM290#08062020#171409.jpg,159,25,car plate,545,632,704,657
4#FM290#08062020#190823.jpg,152,25,car plate,552,584,704,609
4#GN07WWC#05062020#135806.jpg,156,27,car plate,308,523,464,550
4#JU631#08062020#194441.jpg,142,26,car plate,633,502,775,528
4#LDH968#08062020#191302.jpg,135,24,car plate,478,487,613,511
4#OG468599#05062020#195429.jpg,133,24,car plate,523,612,656,636
4#OG802562#08062020#195014.jpg,145,26,car plate,715,562,860,588
4#OG809582#06062020#033432.jpg,194,29,car plate,653,555,847,584
4#OG809923#06062020#024754.jpg,202,29,car plate,766,601,968,630
4#SA99760#03062020#124103.jpg,179,28,car plate,278,560,457,588
4#ZA81BEL#08062020#200522.jpg,148,27,car plate,648,499,796,526
4#ZG444716#08062020#125332.jpg,128,25,car plate,683,580,811,605
4#ZG480007#08062020#200839.jpg,118,24,car plate,236,573,354,597
image--000.jpg,173,54,car plate,313,602,486,656
image--002.jpg,114,27,car plate,717,406,831,433
image--003.jpg,120,37,car plate,373,485,493,522
image--004.jpg,178,41,car plate,504,471,682,512
image--00444 (1).jpg,176,51,car plate,319,669,495,720
image--00444 (10).jpg,196,49,car plate,339,292,535,341
image--00444 (11).jpg,119,26,car plate,609,398,728,424
image--00444 (12).jpg,221,44,car plate,157,664,378,708
image--00444 (13).jpg,174,45,car plate,342,503,516,548
image--00444 (14).jpg,137,36,car plate,552,482,689,518
image--00444 (15).jpg,117,27,car plate,364,338,481,365
image--00444 (16).jpg,189,50,car plate,444,669,633,719
image--00444 (17).jpg,174,43,car plate,400,649,574,692
image--00444 (18).jpg,194,45,car plate,431,532,625,577
image--00444 (2).jpg,137,35,car plate,580,497,717,532
image--00444 (20).jpg,182,52,car plate,413,661,595,713
image--00444 (21).jpg,140,35,car plate,650,460,790,495
image--00444 (22).jpg,149,38,car plate,488,554,637,592
image--00444 (23).jpg,180,42,car plate,347,610,527,652
image--00444 (24).jpg,201,59,car plate,149,586,350,645
image--00444 (25).jpg,196,46,car plate,450,293,646,339
image--00444 (26).jpg,127,36,car plate,548,472,675,508
image--00444 (27).jpg,177,38,car plate,448,630,625,668
image--00444 (28).jpg,156,44,car plate,474,444,630,488
image--00444 (29).jpg,181,44,car plate,389,676,570,720
image--00444 (3).jpg,147,38,car plate,557,548,704,586
image--00444 (30).jpg,131,29,car plate,627,463,758,492
image--00444 (31).jpg,141,36,car plate,622,390,763,426
image--00444 (32).jpg,104,43,car plate,43,371,147,414
image--00444 (33).jpg,134,32,car plate,576,470,710,502
image--00444 (34).jpg,164,51,car plate,273,613,437,664
image--00444 (35).jpg,175,53,car plate,358,658,533,711
image--00444 (36).jpg,134,34,car plate,534,491,668,525
image--00444 (37).jpg,151,29,car plate,725,483,876,512
image--00444 (38).jpg,120,26,car plate,662,314,782,340
image--00444 (39).jpg,168,46,car plate,401,614,569,660
image--00444 (4).jpg,129,34,car plate,577,441,706,475
image--00444 (40).jpg,183,36,car plate,374,676,557,712
image--00444 (41).jpg,133,29,car plate,618,427,751,456
image--00444 (42).jpg,166,50,car plate,370,638,536,688
image--00444 (43).jpg,158,42,car plate,540,451,698,493
image--00444 (44).jpg,176,44,car plate,411,411,587,455
image--00444 (45).jpg,119,63,car plate,0,513,119,576
image--00444 (46).jpg,173,53,car plate,306,637,479,690
image--00444 (47).jpg,186,49,car plate,436,669,622,718
image--00444 (48).jpg,175,42,car plate,459,615,634,657
image--00444 (49).jpg,164,37,car plate,394,592,558,629
image--00444 (5).jpg,140,35,car plate,558,475,698,510
image--00444 (50).jpg,159,43,car plate,399,464,558,507
image--00444 (51).jpg,190,44,car plate,403,673,593,717
image--00444 (52).jpg,211,53,car plate,140,660,351,713
image--00444 (53).jpg,146,34,car plate,618,511,764,545
image--00444 (54).jpg,190,51,car plate,341,529,531,580
image--00444 (55).jpg,112,25,car plate,649,393,761,418
image--00444 (56).jpg,185,42,car plate,370,678,555,720
image--00444 (57).jpg,165,45,car plate,453,573,618,618
image--00444 (58).jpg,175,41,car plate,460,622,635,663
image--00444 (59).jpg,161,62,car plate,304,656,465,718
image--00444 (6).jpg,145,41,car plate,592,520,737,561
image--00444 (60).jpg,184,43,car plate,440,666,624,709
image--00444 (61).jpg,145,41,car plate,576,462,721,503
image--00444 (62).jpg,172,42,car plate,512,478,684,520
image--00444 (63).jpg,163,43,car plate,395,437,558,480
image--00444 (64).jpg,189,46,car plate,430,670,619,716
image--00444 (65).jpg,205,50,car plate,262,623,467,673
image--00444 (66).jpg,151,37,car plate,645,408,796,445
image--00444 (67).jpg,135,36,car plate,198,650,333,686
image--00444 (7).jpg,168,43,car plate,455,490,623,533
image--00444 (8).jpg,181,50,car plate,353,648,534,698
image--00444 (9).jpg,186,63,car plate,227,634,413,697
image--005.jpg,151,37,car plate,477,550,628,587
image--006.jpg,189,42,car plate,409,495,598,537
image--007.jpg,142,32,car plate,603,497,745,529
image--008.jpg,108,26,car plate,680,377,788,403
image--009.jpg,183,50,car plate,350,669,533,719
image--010.jpg,190,51,car plate,355,597,545,648
image--011.jpg,197,46,car plate,368,544,565,590
image--012.jpg,194,44,car plate,404,273,598,317
image--013.jpg,178,44,car plate,417,510,595,554
image--014.jpg,165,37,car plate,502,537,667,574
image--015.jpg,183,41,car plate,420,632,603,673
image--016.jpg,179,44,car plate,333,288,512,332
image--017.jpg,190,44,car plate,388,652,578,696
image--018.jpg,147,32,car plate,580,404,727,436
image--019.jpg,214,72,car plate,64,644,278,716
image--020.jpg,193,49,car plate,397,524,590,573
image--021.jpg,195,52,car plate,328,525,523,577
image--022.jpg,153,42,car plate,529,555,682,597
image--023.jpg,146,34,car plate,563,398,709,432
image--024.jpg,194,58,car plate,331,561,525,619
image--025.jpg,200,53,car plate,317,553,517,606
image--026.jpg,193,46,car plate,404,501,597,547
image--027.jpg,128,29,car plate,612,431,740,460
image--028.jpg,273,53,car plate,478,344,751,397
image--029.jpg,169,45,car plate,298,501,467,546
image--030.jpg,117,27,car plate,778,414,895,441
image--031.jpg,142,33,car plate,543,499,685,532
image--032.jpg,144,37,car plate,592,511,736,548
image--033.jpg,118,26,car plate,531,425,649,451
image--034.jpg,149,43,car plate,100,304,249,347
image--035.jpg,172,38,car plate,439,469,611,507
image--036.jpg,135,41,car plate,452,498,587,539
image--037.jpg,175,43,car plate,433,547,608,590
image--038.jpg,289,61,car plate,135,370,424,431
image--039.jpg,190,50,car plate,409,670,599,720
image--040.jpg,177,41,car plate,436,679,613,720
image--041.jpg,223,66,car plate,298,645,521,711
image--042.jpg,143,55,car plate,318,520,461,575
image--043.jpg,217,60,car plate,210,659,427,719
image--044.jpg,180,53,car plate,466,657,646,710
image--045.jpg,131,33,car plate,619,454,750,487
image--046.jpg,165,44,car plate,483,467,648,511
image--047.jpg,179,43,car plate,421,251,600,294
image--048.jpg,183,50,car plate,274,670,457,720
image--049.jpg,150,35,car plate,573,402,723,437
image--050.jpg,183,51,car plate,508,473,691,524
image--051.jpg,158,41,car plate,486,574,644,615
image--052.jpg,213,72,car plate,128,636,341,708
image--053.jpg,228,62,car plate,284,655,512,717
image--054.jpg,197,57,car plate,80,663,277,720
image--055.jpg,206,69,car plate,97,640,303,709
image--056.jpg,227,38,car plate,181,672,408,710
image--057.jpg,121,32,car plate,593,415,714,447
image--059.jpg,158,38,car plate,221,520,379,558
image--060.jpg,207,53,car plate,365,590,572,643
image--061.jpg,178,45,car plate,455,480,633,525
image--062.jpg,166,41,car plate,461,671,627,712
image--063.jpg,198,60,car plate,304,556,502,616
image--064.jpg,191,42,car plate,287,541,478,583
image--065.jpg,167,42,car plate,310,513,477,555
image--066.jpg,141,35,car plate,618,397,759,432
image--067.jpg,111,27,car plate,600,396,711,423
image--068.jpg,172,43,car plate,495,437,667,480
image--070.jpg,222,71,car plate,187,641,409,712
image--071.jpg,160,36,car plate,474,444,634,480
image--072.jpg,197,52,car plate,368,623,565,675
image--073.jpg,189,45,car plate,347,304,536,349
image--074.jpg,175,45,car plate,367,487,542,532
image--075.jpg,144,29,car plate,526,313,670,342
image--076.jpg,144,35,car plate,629,490,773,525
image--077.jpg,210,51,car plate,339,609,549,660
image--078.jpg,209,55,car plate,270,580,479,635
image--079.jpg,131,34,car plate,378,618,509,652
image--080.jpg,169,43,car plate,373,642,542,685
image--081.jpg,128,49,car plate,128,568,256,617
image--082.jpg,184,36,car plate,400,669,584,705
image--083.jpg,181,41,car plate,467,271,648,312
image--084.jpg,184,41,car plate,511,474,695,515
image--085.jpg,150,37,car plate,505,542,655,579
image--086.jpg,168,41,car plate,187,508,355,549
image--087.jpg,211,63,car plate,245,600,456,663
image--088.jpg,157,37,car plate,523,551,680,588
image--090.jpg,151,33,car plate,549,406,700,439
image--091.jpg,195,41,car plate,404,674,599,715
image--092.jpg,169,50,car plate,354,657,523,707
image--093.jpg,191,60,car plate,309,535,500,595
image--094.jpg,176,41,car plate,479,480,655,521
image--095.jpg,179,52,car plate,314,543,493,595
image--096.jpg,137,37,car plate,526,512,663,549
image--097.jpg,176,46,car plate,261,674,437,720
image--098.jpg,168,41,car plate,191,512,359,553
image--099.jpg,113,33,car plate,256,436,369,469
image--100.jpg,158,34,car plate,219,521,377,555
image--101.jpg,178,46,car plate,387,661,565,707
image--102.jpg,182,42,car plate,535,477,717,519
image--103.jpg,228,60,car plate,247,651,475,711
image--104.jpg,124,123,car plate,754,553,878,676
image--105.jpg,224,46,car plate,144,666,368,712
image--106.jpg,174,52,car plate,429,407,603,459
image--107.jpg,169,44,car plate,376,429,545,473
image--108.jpg,186,80,car plate,53,612,239,692
image--109.jpg,165,46,car plate,409,386,574,432
image--110.jpg,185,52,car plate,377,431,562,483
image--111.jpg,166,50,car plate,397,412,563,462
image--112.jpg,190,44,car plate,373,676,563,720
image--113.jpg,164,46,car plate,433,390,597,436
image--114.jpg,185,46,car plate,411,426,596,472
image--115.jpg,200,46,car plate,385,583,585,629
image--116.jpg,115,26,car plate,564,321,679,347
image--117.jpg,181,46,car plate,442,650,623,696
image--118.jpg,130,34,car plate,418,500,548,534
image--119.jpg,180,41,car plate,485,488,665,529
image--120.jpg,189,45,car plate,388,672,577,717
image--121.jpg,110,29,car plate,672,380,782,409
image--122.jpg,117,29,car plate,620,413,737,442
image--123.jpg,162,44,car plate,392,606,554,650
image--124.jpg,153,35,car plate,501,564,654,599
image--125.jpg,157,43,car plate,151,515,308,558
image--126.jpg,161,45,car plate,375,664,536,709
image--127.jpg,146,36,car plate,586,497,732,533
image--128.jpg,96,32,car plate,11,300,107,332
image--129.jpg,134,35,car plate,598,377,732,412
image--130.jpg,174,42,car plate,433,594,607,636
image--131.jpg,182,58,car plate,293,662,475,720
image--132.jpg,174,38,car plate,531,606,705,644
image--133.jpg,173,38,car plate,511,450,684,488
image--134.jpg,192,44,car plate,412,530,604,574
image--135.jpg,164,44,car plate,545,442,709,486
image--136.jpg,159,41,car plate,257,510,416,551
image--137.jpg,194,55,car plate,390,663,584,718
image--138.jpg,135,34,car plate,672,346,807,380
image--139.jpg,148,36,car plate,200,499,348,535
image--140.jpg,146,33,car plate,612,369,758,402
image--141.jpg,142,33,car plate,450,385,592,418
image--142.jpg,181,53,car plate,284,665,465,718
image--143.jpg,117,32,car plate,619,454,736,486
image--144.jpg,161,34,car plate,558,528,719,562
image--145.jpg,130,29,car plate,329,384,459,413
image--146.jpg,162,46,car plate,42,308,204,354
image--147.jpg,160,43,car plate,469,458,629,501
image--148.jpg,159,37,car plate,429,457,588,494
image--149.jpg,176,41,car plate,466,445,642,486
image--150.jpg,162,37,car plate,225,526,387,563
image--151.jpg,158,35,car plate,263,518,421,553
image--152.jpg,158,37,car plate,254,517,412,554
image--153.jpg,143,35,car plate,244,516,387,551
image--154.jpg,160,38,car plate,150,519,310,557
image--155.jpg,161,38,car plate,172,502,333,540
image--156.jpg,162,36,car plate,178,525,340,561
image--157.jpg,159,37,car plate,203,510,362,547
image--158.jpg,151,43,car plate,193,514,344,557
image--159.jpg,160,36,car plate,164,520,324,556
image--160.jpg,164,38,car plate,188,521,352,559
image--161.jpg,160,38,car plate,162,510,322,548
image--162.jpg,179,46,car plate,207,511,386,557
image--163.jpg,160,37,car plate,194,518,354,555
image--164.jpg,160,38,car plate,282,515,442,553
image--165.jpg,162,37,car plate,222,520,384,557
image--168.jpg,160,44,car plate,179,514,339,558
image--169.jpg,162,42,car plate,176,516,338,558
image--170.jpg,156,36,car plate,212,510,368,546
image--171.jpg,159,38,car plate,208,516,367,554
image--172.jpg,160,37,car plate,318,517,478,554
image--173.jpg,159,37,car plate,185,527,344,564
image--174.jpg,159,43,car plate,271,516,430,559
image--175.jpg,159,38,car plate,193,505,352,543
image--176.jpg,157,50,car plate,250,516,407,566
image--177.jpg,152,41,car plate,240,522,392,563
image--178.jpg,151,36,car plate,229,521,380,557
image--179.jpg,157,35,car plate,220,516,377,551
image--180.jpg,153,42,car plate,149,519,302,561
image--181.jpg,161,36,car plate,186,514,347,550
image--182.jpg,157,41,car plate,179,515,336,556
image--183.jpg,156,38,car plate,158,518,314,556
image--184.jpg,162,41,car plate,132,520,294,561
image--185.jpg,157,38,car plate,276,510,433,548
image--186.jpg,162,38,car plate,221,515,383,553
image--187.jpg,157,34,car plate,185,518,342,552
image--188.jpg,159,37,car plate,212,513,371,550
image--189.jpg,157,41,car plate,116,510,273,551
image--190.jpg,158,37,car plate,184,525,342,562
image--191.jpg,153,35,car plate,211,515,364,550
image--192.jpg,153,36,car plate,271,520,424,556
image--193.jpg,158,37,car plate,205,513,363,550
image--194.jpg,159,36,car plate,214,509,373,545
image--195.jpg,147,34,car plate,273,522,420,556
image--196.jpg,153,42,car plate,241,514,394,556
image--197.jpg,168,43,car plate,233,518,401,561
image--198.jpg,164,38,car plate,236,521,400,559
image--199.jpg,152,37,car plate,245,516,397,553
image--200.jpg,153,45,car plate,232,514,385,559
image--201.jpg,156,36,car plate,197,519,353,555
image--202.jpg,163,44,car plate,181,516,344,560
image--203.jpg,162,37,car plate,195,527,357,564
image--204.jpg,156,42,car plate,191,518,347,560
image--205.jpg,160,37,car plate,234,524,394,561
image--206.jpg,158,38,car plate,149,516,307,554
image--207.jpg,157,41,car plate,204,521,361,562
image--208.jpg,158,42,car plate,237,515,395,557
image--209.jpg,161,42,car plate,169,514,330,556
image--210.jpg,156,34,car plate,203,502,359,536
image--211.jpg,156,37,car plate,198,515,354,552
image--212.jpg,163,41,car plate,222,516,385,557
image--213.jpg,151,42,car plate,197,501,348,543
image--214.jpg,153,42,car plate,247,509,400,551
image--215.jpg,160,42,car plate,164,515,324,557
image--216.jpg,153,41,car plate,193,515,346,556
image--217.jpg,150,43,car plate,258,519,408,562
image--218.jpg,161,42,car plate,258,516,419,558
image--219.jpg,159,41,car plate,233,505,392,546
image--220.jpg,153,35,car plate,174,507,327,542
image--221.jpg,166,36,car plate,237,519,403,555
image--222.jpg,157,36,car plate,205,512,362,548
image--223.jpg,159,34,car plate,226,516,385,550
image--224.jpg,163,43,car plate,170,509,333,552
image--225.jpg,160,42,car plate,280,517,440,559
image--226.jpg,151,35,car plate,253,513,404,548
image--227.jpg,156,37,car plate,168,512,324,549
image--228.jpg,83,52,car plate,315,507,398,559
image--229.jpg,159,37,car plate,239,518,398,555
image--230.jpg,157,36,car plate,246,507,403,543
image--231.jpg,153,41,car plate,237,519,390,560
image--232.jpg,152,42,car plate,205,515,357,557
image--233.jpg,146,36,car plate,202,476,348,512
image--234.jpg,159,42,car plate,304,518,463,560
image--235.jpg,160,41,car plate,259,500,419,541
image--236.jpg,161,44,car plate,151,515,312,559
image--237.jpg,153,36,car plate,199,515,352,551
image--238.jpg,158,35,car plate,268,514,426,549
image--240.jpg,162,41,car plate,212,516,374,557
image--241.jpg,159,37,car plate,220,521,379,558
image--242.jpg,163,36,car plate,190,518,353,554
image--243.jpg,161,37,car plate,269,519,430,556
image--244.jpg,158,38,car plate,235,514,393,552
image--245.jpg,176,44,car plate,205,518,381,562
image--246.jpg,159,41,car plate,222,514,381,555
image--247.jpg,159,42,car plate,209,509,368,551
image--248.jpg,163,41,car plate,191,521,354,562
image--249.jpg,153,35,car plate,248,505,401,540
image--250.jpg,164,36,car plate,321,520,485,556
image--251.jpg,173,42,car plate,184,514,357,556
image--252.jpg,162,35,car plate,235,518,397,553
image--253.jpg,158,37,car plate,160,525,318,562
image--254.jpg,162,59,car plate,375,507,537,566
image--256.jpg,162,44,car plate,195,517,357,561
image--257.jpg,162,42,car plate,291,527,453,569
image--258.jpg,166,42,car plate,209,523,375,565
image--259.jpg,152,41,car plate,172,515,324,556
image--260.jpg,158,42,car plate,127,519,285,561
image--261.jpg,165,37,car plate,177,517,342,554
image--262.jpg,156,42,car plate,235,507,391,549
image--263.jpg,161,42,car plate,256,514,417,556
image--264.jpg,146,35,car plate,258,523,404,558
image--265.jpg,156,42,car plate,200,512,356,554
image--266.jpg,157,38,car plate,259,513,416,551
image--267.jpg,163,43,car plate,219,518,382,561
image--268.jpg,156,41,car plate,145,518,301,559
image--269.jpg,153,36,car plate,200,516,353,552
image--270.jpg,157,44,car plate,224,519,381,563
image--271.jpg,160,36,car plate,158,516,318,552
image--272.jpg,161,38,car plate,225,518,386,556
image--273.jpg,157,38,car plate,208,518,365,556
image--274.jpg,156,35,car plate,201,517,357,552
image--275.jpg,153,34,car plate,185,520,338,554
image--276.jpg,158,37,car plate,265,515,423,552
image--277.jpg,166,42,car plate,187,521,353,563
image--278.jpg,161,34,car plate,175,515,336,549
image--279.jpg,163,38,car plate,259,513,422,551
image--280.jpg,162,37,car plate,187,521,349,558
image--281.jpg,158,38,car plate,231,511,389,549
image--282.jpg,162,34,car plate,225,524,387,558
image--283.jpg,147,33,car plate,250,522,397,555
image--284.jpg,150,35,car plate,170,510,320,545
image--285.jpg,159,38,car plate,209,517,368,555
image--286.jpg,142,37,car plate,188,494,330,531
image--287.jpg,162,37,car plate,246,519,408,556
image--288.jpg,149,41,car plate,227,504,376,545
image--289.jpg,159,43,car plate,236,516,395,559
image--290.jpg,164,37,car plate,208,516,372,553
image--291.jpg,149,37,car plate,176,511,325,548
image--292.jpg,156,36,car plate,186,517,342,553
image--293.jpg,161,37,car plate,207,520,368,557
image--294.jpg,160,38,car plate,195,515,355,553
image--295.jpg,159,38,car plate,256,517,415,555
image--296.jpg,153,41,car plate,239,510,392,551
image--297.jpg,152,42,car plate,152,518,304,560
image--298.jpg,153,38,car plate,173,517,326,555
image--299.jpg,159,43,car plate,208,516,367,559
image--300.jpg,147,42,car plate,280,515,427,557
image--301.jpg,160,42,car plate,192,515,352,557
image--302.jpg,159,42,car plate,220,515,379,557
image--303.jpg,159,41,car plate,210,511,369,552
image--304.jpg,152,35,car plate,190,499,342,534
image--305.jpg,167,36,car plate,232,513,399,549
image--306.jpg,152,42,car plate,261,518,413,560
image--307.jpg,163,37,car plate,207,517,370,554
image--308.jpg,156,41,car plate,177,519,333,560
image--309.jpg,161,41,car plate,205,519,366,560
image--310.jpg,153,37,car plate,234,518,387,555
image--311.jpg,158,38,car plate,215,526,373,564
image--312.jpg,167,46,car plate,180,515,347,561
image--313.jpg,152,43,car plate,200,506,352,549
image--314.jpg,169,43,car plate,108,513,277,556
image--315.jpg,148,36,car plate,266,523,414,559
image--316.jpg,153,42,car plate,216,512,369,554
image--317.jpg,163,44,car plate,239,513,402,557
image--318.jpg,164,42,car plate,178,513,342,555
image--319.jpg,161,38,car plate,249,518,410,556
image--320.jpg,160,42,car plate,156,516,316,558
image--321.jpg,152,38,car plate,193,516,345,554
image--322.jpg,159,42,car plate,207,520,366,562
image--323.jpg,167,37,car plate,207,520,374,557
image--324.jpg,161,38,car plate,246,517,407,555
image--325.jpg,159,42,car plate,159,517,318,559
image--326.jpg,153,38,car plate,192,518,345,556
image--327.jpg,163,38,car plate,201,512,364,550
image--328.jpg,162,41,car plate,218,516,380,557
image--329.jpg,157,37,car plate,243,510,400,547
image--330.jpg,156,42,car plate,236,511,392,553
image--331.jpg,158,42,car plate,219,516,377,558
image--332.jpg,147,37,car plate,218,517,365,554
image--333.jpg,166,45,car plate,181,522,347,567
image--334.jpg,163,41,car plate,191,513,354,554
image--335.jpg,157,41,car plate,186,522,343,563
image--336.jpg,161,36,car plate,216,525,377,561
image--337.jpg,152,38,car plate,162,527,314,565
image--338.jpg,173,45,car plate,141,507,314,552
image--339.jpg,157,42,car plate,205,515,362,557
image--340.jpg,156,36,car plate,126,521,282,557
image--341.jpg,161,42,car plate,233,513,394,555
image--342.jpg,158,38,car plate,195,515,353,553
image--343.jpg,158,41,car plate,192,513,350,554
image--344.jpg,153,41,car plate,187,510,340,551
image--345.jpg,162,43,car plate,241,510,403,553
image--346.jpg,164,41,car plate,191,516,355,557
image--347.jpg,152,36,car plate,214,517,366,553
image--348.jpg,166,35,car plate,243,513,409,548
image--349.jpg,159,45,car plate,132,506,291,551
image--350.jpg,157,36,car plate,225,510,382,546
image--351.jpg,158,37,car plate,117,513,275,550
image--352.jpg,178,45,car plate,93,514,271,559
image--353.jpg,159,36,car plate,182,515,341,551
image--354.jpg,160,34,car plate,230,515,390,549
image--355.jpg,156,36,car plate,205,519,361,555
image--356.jpg,158,41,car plate,217,518,375,559
image--357.jpg,163,45,car plate,142,513,305,558
image--358.jpg,147,33,car plate,260,517,407,550
image--359.jpg,159,38,car plate,229,518,388,556
image--360.jpg,163,33,car plate,214,526,377,559
image--361.jpg,161,37,car plate,213,528,374,565
image--362.jpg,165,37,car plate,235,511,400,548
image--363.jpg,163,41,car plate,226,524,389,565
image--364.jpg,166,37,car plate,230,527,396,564
image--365.jpg,158,41,car plate,207,514,365,555
image--366.jpg,131,34,car plate,287,412,418,446
image--367.jpg,147,43,car plate,208,516,355,559
image--368.jpg,153,38,car plate,210,516,363,554
image--369.jpg,159,41,car plate,230,515,389,556
image--370.jpg,145,33,car plate,215,510,360,543
image--371.jpg,157,36,car plate,138,520,295,556
image--372.jpg,161,42,car plate,215,519,376,561
image--373.jpg,144,33,car plate,227,518,371,551
image--374.jpg,153,43,car plate,188,512,341,555
image--375.jpg,151,41,car plate,172,515,323,556
image--376.jpg,147,33,car plate,216,521,363,554
image--377.jpg,150,35,car plate,234,513,384,548
image--378.jpg,159,38,car plate,247,521,406,559
image--379.jpg,160,38,car plate,196,518,356,556
image--380.jpg,156,37,car plate,244,514,400,551
image--381.jpg,162,41,car plate,179,513,341,554
image--382.jpg,162,41,car plate,256,513,418,554
image--383.jpg,160,37,car plate,189,524,349,561
image--384.jpg,162,43,car plate,230,520,392,563
image--385.jpg,152,36,car plate,210,515,362,551
image--386.jpg,161,37,car plate,228,516,389,553
image--387.jpg,162,35,car plate,134,515,296,550
image--388.jpg,160,41,car plate,216,511,376,552
image--389.jpg,159,34,car plate,297,512,456,546
image--390.jpg,158,41,car plate,281,516,439,557
image--391.jpg,160,42,car plate,200,521,360,563
image--392.jpg,151,41,car plate,205,515,356,556
image--393.jpg,158,37,car plate,173,522,331,559
image--394.jpg,153,36,car plate,238,520,391,556
image--395.jpg,159,37,car plate,122,526,281,563
image--396.jpg,152,37,car plate,195,516,347,553
image--397.jpg,152,42,car plate,162,509,314,551
image--398.jpg,160,38,car plate,191,522,351,560
image--399.jpg,153,44,car plate,115,517,268,561
image--400.jpg,161,37,car plate,182,519,343,556
image--401.jpg,157,36,car plate,204,520,361,556
image--402.jpg,162,38,car plate,274,519,436,557
image--403.jpg,161,35,car plate,211,507,372,542
image--404.jpg,157,37,car plate,217,518,374,555
image--405.jpg,160,38,car plate,147,521,307,559
image--406.jpg,164,38,car plate,247,523,411,561
image--407.jpg,160,38,car plate,276,514,436,552
image--408.jpg,163,43,car plate,244,515,407,558
image--409.jpg,158,36,car plate,189,521,347,557
image--410.jpg,97,28,car plate,317,352,414,380
image--411.jpg,165,41,car plate,204,513,369,554
image--412.jpg,164,37,car plate,191,512,355,549
image--413.jpg,158,42,car plate,231,515,389,557
image--414.jpg,160,43,car plate,178,515,338,558
image--415.jpg,163,36,car plate,215,517,378,553
image--416.jpg,159,41,car plate,221,496,380,537
image--417.jpg,157,35,car plate,195,519,352,554
image--418.jpg,164,35,car plate,272,517,436,552
image--419.jpg,160,38,car plate,201,515,361,553
image--420.jpg,161,36,car plate,260,522,421,558
image--421.jpg,180,46,car plate,114,507,294,553
image--422.jpg,158,42,car plate,247,510,405,552
image--423.jpg,168,41,car plate,140,517,308,558
image--424.jpg,151,41,car plate,243,512,394,553
image--425.jpg,156,37,car plate,190,517,346,554
image--426.jpg,149,42,car plate,201,519,350,561
image--427.jpg,160,38,car plate,193,514,353,552
image--428.jpg,157,37,car plate,202,515,359,552
image--429.jpg,120,34,car plate,323,405,443,439
image--430.jpg,164,38,car plate,224,517,388,555
image--431.jpg,157,38,car plate,211,516,368,554
image--432.jpg,168,37,car plate,191,518,359,555
image--433.jpg,162,42,car plate,175,520,337,562
image--434.jpg,159,38,car plate,277,516,436,554
image--435.jpg,104,27,car plate,368,324,472,351
image--436.jpg,128,28,car plate,340,359,468,387
image--437.jpg,153,38,car plate,122,512,275,550
image--438.jpg,164,38,car plate,150,514,314,552
image--439.jpg,163,36,car plate,249,525,412,561
image--440.jpg,161,41,car plate,244,519,405,560
image--441.jpg,169,42,car plate,169,521,338,563
image--442.jpg,156,36,car plate,207,526,363,562
image--443.jpg,157,37,car plate,155,522,312,559
image--444.jpg,159,38,car plate,232,524,391,562
image--445.jpg,158,37,car plate,295,515,453,552
image--446.jpg,158,38,car plate,218,518,376,556
image--447.jpg,156,41,car plate,230,512,386,553
image--448.jpg,159,43,car plate,145,520,304,563
image--449.jpg,156,41,car plate,250,519,406,560
image--450.jpg,157,37,car plate,180,517,337,554
image--451.jpg,164,38,car plate,233,516,397,554
image--452.jpg,158,36,car plate,229,494,387,530
image--453.jpg,158,42,car plate,267,511,425,553
image--454.jpg,163,43,car plate,165,517,328,560
image--455.jpg,161,44,car plate,262,511,423,555
image--456.jpg,160,42,car plate,191,511,351,553
image--457.jpg,163,44,car plate,243,525,406,569
image--458.jpg,158,37,car plate,257,518,415,555
image--459.jpg,159,41,car plate,246,514,405,555
image--460.jpg,173,41,car plate,234,506,407,547
image--461.jpg,160,43,car plate,216,516,376,559
image--462.jpg,165,38,car plate,156,517,321,555
image--463.jpg,159,37,car plate,242,515,401,552
image--464.jpg,143,41,car plate,226,511,369,552
image--465.jpg,158,42,car plate,194,512,352,554
image--466.jpg,161,43,car plate,208,520,369,563
image--467.jpg,159,38,car plate,200,522,359,560
image--468.jpg,160,33,car plate,232,519,392,552
image--469.jpg,96,55,car plate,262,506,358,561
image--470.jpg,160,41,car plate,204,518,364,559
image--471.jpg,163,36,car plate,196,510,359,546
image--472.jpg,153,44,car plate,186,519,339,563
image--473.jpg,156,49,car plate,248,502,404,551
image--474.jpg,110,26,car plate,399,313,509,339
image--475.jpg,163,36,car plate,214,519,377,555
image--476.jpg,143,35,car plate,214,492,357,527
image--477.jpg,164,38,car plate,262,522,426,560
image--478.jpg,157,36,car plate,190,514,347,550
image--479.jpg,162,38,car plate,173,519,335,557
image--480.jpg,96,58,car plate,226,505,322,563
image--481.jpg,160,37,car plate,180,521,340,558
image--482.jpg,153,36,car plate,159,517,312,553
image--483.jpg,160,38,car plate,239,520,399,558
image--484.jpg,156,42,car plate,219,521,375,563
image--485.jpg,153,37,car plate,246,518,399,555
image--486.jpg,161,38,car plate,206,519,367,557
image--487.jpg,159,35,car plate,208,519,367,554
image--488.jpg,163,35,car plate,180,514,343,549
image--489.jpg,162,36,car plate,234,514,396,550
image--490.jpg,141,32,car plate,314,422,455,454
image--491.jpg,150,38,car plate,269,493,419,531
image--492.jpg,169,46,car plate,168,512,337,558
image--493.jpg,156,43,car plate,194,523,350,566
image--494.jpg,148,36,car plate,198,516,346,552
image--495.jpg,156,36,car plate,242,511,398,547
image--496.jpg,160,36,car plate,247,517,407,553
image--497.jpg,157,35,car plate,192,518,349,553
image--498.jpg,161,37,car plate,160,517,321,554
image--499.jpg,163,38,car plate,245,513,408,551
image--500.jpg,159,37,car plate,150,510,309,547
image--501.jpg,158,37,car plate,203,522,361,559
image--502.jpg,160,43,car plate,176,519,336,562
image--503.jpg,160,38,car plate,214,524,374,562
image--504.jpg,157,37,car plate,135,516,292,553
image--505.jpg,161,38,car plate,203,514,364,552
image--506.jpg,160,38,car plate,197,514,357,552
image--507.jpg,159,37,car plate,251,510,410,547
image--508.jpg,145,34,car plate,289,508,434,542
image--509.jpg,156,36,car plate,247,519,403,555
image--510.jpg,146,36,car plate,212,505,358,541
image--511.jpg,165,38,car plate,272,517,437,555
image--512.jpg,86,33,car plate,319,383,405,416
image--513.jpg,119,37,car plate,238,501,357,538
image--514.jpg,142,38,car plate,228,514,370,552
image--515.jpg,140,41,car plate,229,513,369,554
image--516.jpg,162,38,car plate,224,519,386,557
image--517.jpg,153,38,car plate,161,522,314,560
image--518.jpg,150,37,car plate,224,512,374,549
image--519.jpg,151,37,car plate,104,512,255,549
image--520.jpg,160,41,car plate,221,511,381,552
image--521.jpg,152,35,car plate,278,504,430,539
image--522.jpg,160,37,car plate,230,514,390,551
image--523.jpg,162,44,car plate,164,513,326,557
image--524.jpg,157,35,car plate,228,517,385,552
image--525.jpg,161,37,car plate,171,515,332,552
image--526.jpg,162,38,car plate,214,518,376,556
image--527.jpg,162,36,car plate,294,516,456,552
image--528.jpg,136,33,car plate,313,514,449,547
image--529.jpg,167,43,car plate,194,509,361,552
image--530.jpg,161,41,car plate,210,507,371,548
image--531.jpg,165,38,car plate,218,515,383,553
image--532.jpg,153,36,car plate,240,514,393,550
image--533.jpg,161,44,car plate,168,515,329,559
image--534.jpg,158,37,car plate,182,509,340,546
image--535.jpg,156,41,car plate,252,515,408,556
image--536.jpg,160,37,car plate,163,497,323,534
image--537.jpg,165,38,car plate,184,510,349,548
image--538.jpg,151,41,car plate,243,506,394,547
image--539.jpg,157,43,car plate,186,509,343,552
image--540.jpg,158,44,car plate,219,517,377,561
image--541.jpg,161,43,car plate,244,522,405,565
image--542.jpg,162,41,car plate,200,517,362,558
image--543.jpg,157,42,car plate,171,499,328,541
image--544.jpg,159,41,car plate,182,515,341,556
image--545.jpg,153,45,car plate,177,501,330,546
image--546.jpg,153,37,car plate,228,516,381,553
image--547.jpg,152,36,car plate,89,515,241,551
image--548.jpg,158,35,car plate,171,515,329,550
image--549.jpg,157,41,car plate,183,506,340,547
image--550.jpg,39,49,car plate,247,505,286,554
image--551.jpg,157,42,car plate,198,514,355,556
image--552.jpg,160,36,car plate,235,513,395,549
image--553.jpg,157,37,car plate,176,524,333,561
image--554.jpg,158,43,car plate,240,504,398,547
image--555.jpg,163,41,car plate,195,521,358,562
image--556.jpg,161,32,car plate,136,524,297,556
image--557.jpg,149,33,car plate,248,509,397,542
image--558.jpg,153,37,car plate,167,517,320,554
image--559.jpg,151,36,car plate,222,517,373,553
image--560.jpg,156,35,car plate,208,523,364,558
image--561.jpg,152,37,car plate,233,515,385,552
image--562.jpg,157,43,car plate,162,515,319,558
image--563.jpg,153,38,car plate,283,509,436,547
image--564.jpg,156,35,car plate,204,512,360,547
image--565.jpg,156,43,car plate,175,508,331,551
image--566.jpg,107,32,car plate,265,438,372,470
image--567.jpg,109,34,car plate,255,454,364,488
image--568.jpg,159,42,car plate,211,521,370,563
image--569.jpg,157,38,car plate,157,511,314,549
image--570.jpg,161,41,car plate,185,521,346,562
image--571.jpg,156,35,car plate,129,520,285,555
image--572.jpg,163,38,car plate,174,511,337,549
image--573.jpg,164,38,car plate,180,519,344,557
image--574.jpg,151,36,car plate,157,508,308,544
image--575.jpg,156,38,car plate,200,519,356,557
image--576.jpg,150,38,car plate,182,507,332,545
image--577.jpg,153,34,car plate,207,514,360,548
image--578.jpg,97,60,car plate,380,496,477,556
image--579.jpg,157,38,car plate,201,519,358,557
image--580.jpg,157,37,car plate,226,527,383,564
image--581.jpg,162,35,car plate,258,524,420,559
image--582.jpg,160,36,car plate,248,519,408,555
image--583.jpg,161,37,car plate,197,516,358,553
image--584.jpg,156,41,car plate,204,515,360,556
image--585.jpg,174,45,car plate,181,502,355,547
image--586.jpg,144,34,car plate,196,527,340,561
image--587.jpg,158,37,car plate,199,514,357,551
image--588.jpg,159,41,car plate,209,519,368,560
image--589.jpg,157,36,car plate,270,515,427,551
image--590.jpg,160,41,car plate,208,519,368,560
image--591.jpg,163,44,car plate,188,513,351,557
image--592.jpg,156,38,car plate,233,518,389,556
image--593.jpg,158,36,car plate,184,519,342,555
image--594.jpg,160,41,car plate,232,515,392,556
image--595.jpg,159,37,car plate,195,517,354,554
image--596.jpg,161,38,car plate,181,522,342,560
image--597.jpg,157,34,car plate,221,515,378,549
image--598.jpg,157,37,car plate,224,512,381,549
image--599.jpg,160,41,car plate,272,513,432,554
image--600.jpg,166,43,car plate,219,519,385,562
image--601.jpg,162,38,car plate,271,524,433,562
image--602.jpg,162,43,car plate,251,514,413,557
image--603.jpg,156,37,car plate,223,507,379,544
image--604.jpg,159,37,car plate,242,522,401,559
image--605.jpg,161,41,car plate,195,523,356,564
image--606.jpg,153,37,car plate,193,513,346,550
image--607.jpg,153,42,car plate,201,512,354,554
image--608.jpg,153,36,car plate,162,523,315,559
image--609.jpg,157,41,car plate,201,512,358,553
image--610.jpg,176,42,car plate,106,499,282,541
image--611.jpg,157,37,car plate,191,520,348,557
image--612.jpg,158,38,car plate,113,524,271,562
image--613.jpg,151,43,car plate,157,518,308,561
image--614.jpg,153,43,car plate,169,514,322,557
image--615.jpg,158,38,car plate,213,518,371,556
image--616.jpg,147,28,car plate,255,525,402,553
image--617.jpg,158,36,car plate,191,518,349,554
image--618.jpg,157,37,car plate,260,513,417,550
image--619.jpg,159,41,car plate,238,517,397,558
image--620.jpg,150,43,car plate,189,514,339,557
image--621.jpg,163,41,car plate,240,520,403,561
image--622.jpg,152,38,car plate,224,517,376,555
image--623.jpg,160,42,car plate,204,511,364,553
image--624.jpg,161,37,car plate,231,515,392,552
image--625.jpg,157,38,car plate,252,508,409,546
image--626.jpg,156,36,car plate,277,514,433,550
image--627.jpg,150,35,car plate,198,515,348,550
image--628.jpg,160,42,car plate,249,513,409,555
image--629.jpg,160,41,car plate,231,516,391,557
image--630.jpg,166,37,car plate,157,522,323,559
image--631.jpg,169,35,car plate,199,520,368,555
image--632.jpg,160,37,car plate,249,519,409,556
image--633.jpg,153,36,car plate,173,515,326,551
image--634.jpg,162,36,car plate,170,517,332,553
image--635.jpg,167,37,car plate,185,519,352,556
image--636.jpg,147,41,car plate,142,495,289,536
image--637.jpg,162,34,car plate,283,517,445,551
image--638.jpg,160,34,car plate,175,524,335,558
image--639.jpg,149,36,car plate,119,516,268,552
image--640.jpg,147,36,car plate,277,527,424,563
image--641.jpg,151,36,car plate,226,516,377,552
image--642.jpg,160,38,car plate,231,524,391,562
image--643.jpg,152,41,car plate,244,511,396,552
image--644.jpg,157,37,car plate,231,523,388,560
image--645.jpg,151,38,car plate,226,512,377,550
image--646.jpg,162,43,car plate,192,521,354,564
image--647.jpg,159,37,car plate,158,521,317,558
image--648.jpg,153,38,car plate,202,499,355,537
image--650.jpg,153,36,car plate,210,520,363,556
image--651.jpg,166,41,car plate,177,511,343,552
image--652.jpg,152,34,car plate,191,517,343,551
image--653.jpg,152,43,car plate,223,512,375,555
image--654.jpg,166,37,car plate,201,514,367,551
image--655.jpg,159,37,car plate,219,522,378,559
image--656.jpg,160,44,car plate,175,514,335,558
image--657.jpg,168,45,car plate,230,518,398,563
image--658.jpg,161,41,car plate,270,512,431,553
image--659.jpg,160,37,car plate,160,512,320,549
image--660.jpg,147,33,car plate,274,530,421,563
image--661.jpg,145,36,car plate,298,519,443,555
image--662.jpg,156,38,car plate,234,505,390,543
image--663.jpg,160,41,car plate,200,521,360,562
image--664.jpg,165,38,car plate,215,516,380,554
image--665.jpg,158,36,car plate,228,518,386,554
image--666.jpg,158,42,car plate,214,521,372,563
image--667.jpg,153,38,car plate,231,517,384,555
image--668.jpg,158,38,car plate,176,517,334,555
image--669.jpg,164,38,car plate,190,514,354,552
image--670.jpg,182,46,car plate,105,498,287,544
image--671.jpg,162,36,car plate,214,516,376,552
image--672.jpg,153,42,car plate,170,518,323,560
image--673.jpg,163,37,car plate,224,515,387,552
image--674.jpg,161,38,car plate,228,522,389,560
image--675.jpg,156,37,car plate,209,515,365,552
image--676.jpg,160,41,car plate,179,507,339,548
image--677.jpg,156,33,car plate,244,514,400,547
image--678.jpg,159,35,car plate,239,516,398,551
image--679.jpg,159,34,car plate,236,520,395,554
image--680.jpg,156,43,car plate,169,511,325,554
image--681.jpg,167,42,car plate,226,515,393,557
image--682.jpg,152,41,car plate,231,512,383,553
image--683.jpg,160,38,car plate,171,514,331,552
image--684.jpg,163,37,car plate,142,522,305,559
image--685.jpg,162,38,car plate,151,517,313,555
image--686.jpg,156,44,car plate,166,509,322,553
image--687.jpg,160,37,car plate,240,516,400,553
image--688.jpg,157,36,car plate,211,526,368,562
image--689.jpg,153,35,car plate,148,512,301,547
image--690.jpg,160,42,car plate,175,518,335,560
image--691.jpg,161,42,car plate,193,518,354,560
image--692.jpg,161,37,car plate,208,517,369,554
image--693.jpg,166,42,car plate,209,517,375,559
image--694.jpg,162,36,car plate,275,514,437,550
image--695.jpg,137,34,car plate,343,500,480,534
image--696.jpg,151,37,car plate,209,525,360,562
image--697.jpg,153,42,car plate,271,511,424,553
image--698.jpg,145,33,car plate,263,465,408,498
image--699.jpg,152,38,car plate,244,506,396,544
image--700.jpg,159,38,car plate,196,514,355,552
image--701.jpg,167,37,car plate,211,515,378,552
image--702.jpg,165,38,car plate,202,517,367,555
image--703.jpg,157,38,car plate,219,519,376,557
image--704.jpg,144,29,car plate,237,521,381,550
image--705.jpg,149,34,car plate,160,519,309,553
image--706.jpg,151,36,car plate,262,473,413,509
image--707.jpg,150,29,car plate,287,520,437,549
image--708.jpg,161,41,car plate,206,520,367,561
image--709.jpg,159,38,car plate,156,518,315,556
image--710.jpg,158,44,car plate,275,521,433,565
image--711.jpg,158,60,car plate,359,491,517,551
image--712.jpg,150,36,car plate,219,506,369,542
image--713.jpg,161,37,car plate,255,519,416,556
image--714.jpg,160,38,car plate,197,523,357,561
image--715.jpg,164,41,car plate,194,515,358,556
image--716.jpg,161,38,car plate,177,523,338,561
image--717.jpg,162,37,car plate,235,519,397,556
image--718.jpg,160,37,car plate,260,522,420,559
image--719.jpg,161,37,car plate,247,512,408,549
image--720.jpg,166,41,car plate,213,519,379,560
image--721.jpg,163,36,car plate,241,523,404,559
image--722.jpg,162,38,car plate,238,510,400,548
image--723.jpg,156,37,car plate,180,514,336,551
image--724.jpg,158,38,car plate,199,514,357,552
image--725.jpg,160,43,car plate,231,512,391,555
image--726.jpg,156,37,car plate,190,513,346,550
image--727.jpg,161,37,car plate,294,518,455,555
image--728.jpg,166,38,car plate,234,522,400,560
image--729.jpg,149,38,car plate,159,507,308,545
image--730.jpg,158,43,car plate,195,507,353,550
image--731.jpg,164,43,car plate,197,518,361,561
image--732.jpg,169,37,car plate,220,521,389,558
image--733.jpg,152,38,car plate,218,514,370,552
image--734.jpg,156,35,car plate,264,517,420,552
image--735.jpg,161,38,car plate,228,515,389,553
image--736.jpg,126,32,car plate,216,446,342,478
image--737.jpg,159,43,car plate,182,508,341,551
image--738.jpg,150,41,car plate,198,519,348,560
image--739.jpg,173,43,car plate,201,517,374,560
image--740.jpg,160,37,car plate,225,516,385,553
image--741.jpg,160,37,car plate,237,517,397,554
image--742.jpg,167,42,car plate,169,516,336,558
image--743.jpg,149,41,car plate,235,510,384,551
image--744.jpg,161,37,car plate,226,526,387,563
image--745.jpg,148,38,car plate,210,505,358,543
image--746.jpg,163,41,car plate,194,524,357,565
image--747.jpg,158,38,car plate,225,520,383,558
image--748.jpg,162,36,car plate,187,514,349,550
image--749.jpg,156,38,car plate,205,519,361,557
image--750.jpg,158,41,car plate,197,514,355,555
image--751.jpg,167,46,car plate,123,515,290,561
image--752.jpg,157,36,car plate,228,516,385,552
image--753.jpg,159,42,car plate,202,519,361,561
image--754.jpg,149,36,car plate,307,524,456,560
image--755.jpg,159,38,car plate,265,511,424,549
image--756.jpg,161,38,car plate,239,504,400,542
image--757.jpg,158,41,car plate,225,523,383,564
image--758.jpg,151,38,car plate,193,497,344,535
image--759.jpg,160,37,car plate,272,519,432,556
image--760.jpg,158,38,car plate,265,503,423,541
image--761.jpg,164,37,car plate,202,524,366,561
image--762.jpg,93,55,car plate,243,496,336,551
image--763.jpg,160,38,car plate,242,525,402,563
image--764.jpg,157,38,car plate,224,512,381,550
image--765.jpg,157,37,car plate,147,518,304,555
image--766.jpg,161,42,car plate,230,514,391,556
image--767.jpg,162,37,car plate,245,518,407,555
image--768.jpg,165,36,car plate,212,514,377,550
image--769.jpg,157,34,car plate,183,523,340,557
image--770.jpg,165,36,car plate,222,514,387,550
image--771.jpg,156,42,car plate,247,510,403,552
image--772.jpg,160,42,car plate,245,508,405,550
image--773.jpg,158,38,car plate,220,511,378,549
image--774.jpg,149,38,car plate,197,514,346,552
image--775.jpg,151,38,car plate,201,517,352,555
image--776.jpg,164,37,car plate,205,502,369,539
image--777.jpg,163,44,car plate,162,514,325,558
image--778.jpg,153,35,car plate,156,518,309,553
image--779.jpg,159,42,car plate,264,504,423,546
image--780.jpg,158,38,car plate,187,509,345,547
image--781.jpg,158,37,car plate,168,516,326,553
image--782.jpg,156,36,car plate,112,519,268,555
image--783.jpg,157,44,car plate,155,518,312,562
image--784.jpg,160,38,car plate,219,515,379,553
image--785.jpg,152,36,car plate,228,499,380,535
image--786.jpg,163,38,car plate,257,519,420,557
image--787.jpg,162,37,car plate,209,513,371,550
image--788.jpg,153,43,car plate,214,514,367,557
image--789.jpg,161,44,car plate,188,515,349,559
image--790.jpg,172,42,car plate,185,506,357,548
image--791.jpg,153,38,car plate,173,508,326,546
image--792.jpg,162,38,car plate,221,522,383,560
image--793.jpg,167,43,car plate,230,521,397,564
image--794.jpg,151,37,car plate,205,506,356,543
image--795.jpg,161,43,car plate,176,517,337,560
image--796.jpg,152,37,car plate,192,514,344,551
image--797.jpg,147,49,car plate,205,506,352,555
image--798.jpg,160,41,car plate,250,493,410,534
image--799.jpg,160,37,car plate,179,513,339,550
image--800.jpg,158,37,car plate,204,527,362,564
image--801.jpg,183,50,car plate,162,513,345,563
image--802.jpg,153,38,car plate,176,518,329,556
image--803.jpg,159,41,car plate,187,511,346,552
image--804.jpg,158,38,car plate,219,518,377,556
image--805.jpg,160,45,car plate,202,513,362,558
image--806.jpg,160,41,car plate,191,512,351,553
image--807.jpg,163,38,car plate,186,516,349,554
image--808.jpg,160,42,car plate,159,515,319,557
image--809.jpg,159,38,car plate,239,503,398,541
image--810.jpg,173,36,car plate,205,513,378,549
image--811.jpg,163,36,car plate,213,517,376,553
image--812.jpg,153,38,car plate,278,510,431,548
image--813.jpg,163,36,car plate,101,521,264,557
image--814.jpg,161,41,car plate,203,521,364,562
image--815.jpg,151,38,car plate,227,511,378,549
image--816.jpg,147,41,car plate,211,512,358,553
image--817.jpg,159,38,car plate,214,519,373,557
image--818.jpg,161,34,car plate,233,516,394,550
image--819.jpg,156,37,car plate,173,518,329,555
image--820.jpg,158,36,car plate,145,514,303,550
image--821.jpg,158,38,car plate,215,507,373,545
image--822.jpg,158,36,car plate,216,516,374,552
image--823.jpg,158,42,car plate,283,517,441,559
image--824.jpg,160,41,car plate,206,518,366,559
image--825.jpg,152,36,car plate,228,515,380,551
image--826.jpg,157,36,car plate,215,521,372,557
image--827.jpg,164,37,car plate,171,513,335,550
image--828.jpg,162,37,car plate,236,524,398,561
image--829.jpg,153,34,car plate,208,516,361,550
image--830.jpg,158,42,car plate,192,506,350,548
image--831.jpg,159,43,car plate,229,510,388,553
image--832.jpg,156,36,car plate,140,521,296,557
image--833.jpg,161,42,car plate,220,509,381,551
image--834.jpg,184,46,car plate,141,509,325,555
image--835.jpg,160,41,car plate,198,523,358,564
image--836.jpg,163,41,car plate,171,517,334,558
image--837.jpg,163,44,car plate,177,519,340,563
image--838.jpg,158,37,car plate,225,523,383,560
image--839.jpg,162,37,car plate,223,518,385,555
image--840.jpg,162,36,car plate,198,518,360,554
image--841.jpg,160,41,car plate,222,510,382,551
image--842.jpg,162,38,car plate,231,517,393,555
image--843.jpg,163,42,car plate,271,506,434,548
image--844.jpg,162,38,car plate,216,529,378,567
image--845.jpg,149,43,car plate,22,520,171,563
image--846.jpg,158,38,car plate,228,519,386,557
image--847.jpg,165,35,car plate,187,511,352,546
image--848.jpg,160,36,car plate,179,517,339,553
image--849.jpg,160,35,car plate,175,505,335,540
image--850.jpg,152,43,car plate,127,514,279,557
image--851.jpg,161,37,car plate,180,517,341,554
image--852.jpg,156,34,car plate,222,519,378,553
image--853.jpg,167,33,car plate,147,514,314,547
image--854.jpg,162,36,car plate,193,524,355,560
image--855.jpg,158,36,car plate,184,515,342,551
otogar-1_1-260_1476395011.jpg,120,33,car plate,639,418,759,451
otogar-1_1-260_1476395012.jpg,151,36,car plate,721,287,872,323
otogar-1_1-260_1476395013.jpg,142,29,car plate,600,380,742,409
otogar-1_1-260_1476395014.jpg,130,36,car plate,619,418,749,454
otogar-1_1-260_1476395015.jpg,136,34,car plate,598,395,734,429
otogar-1_1-260_1476395016.jpg,143,35,car plate,691,461,834,496
otogar-1_1-260_1476395017.jpg,144,32,car plate,579,303,723,335
otogar-1_1-260_1476395018.jpg,212,49,car plate,576,390,788,439
otogar-1_1-260_1476395020.jpg,230,55,car plate,698,233,928,288
otogar-1_1-260_1476395021.jpg,164,45,car plate,508,312,672,357
otogar-1_1-260_1476395022.jpg,206,49,car plate,402,177,608,226
otogar-1_1-260_1476395023.jpg,143,33,car plate,535,465,678,498
otogar-1_1-260_1476395024.jpg,165,44,car plate,607,315,772,359
otogar-1_1-260_1476395025.jpg,229,62,car plate,546,239,775,301
otogar-1_1-260_1476395026.jpg,144,33,car plate,736,430,880,463
otogar-1_1-260_1476395027.jpg,143,29,car plate,604,402,747,431
otogar-1_1-260_1476395028.jpg,146,32,car plate,643,408,789,440
otogar-1_1-260_1476395029.jpg,213,54,car plate,510,415,723,469
otogar-1_1-260_1476395031.jpg,128,36,car plate,700,417,828,453
otogar-1_1-260_1476395032.jpg,194,53,car plate,478,346,672,399
otogar-1_1-260_1476395033.jpg,143,33,car plate,675,333,818,366
otogar-1_1-260_1476395034.jpg,178,45,car plate,821,180,999,225
otogar-1_1-260_1476395035.jpg,140,29,car plate,548,406,688,435
otogar-1_1-260_1476395036.jpg,157,36,car plate,522,277,679,313
otogar-1_1-260_1476395037.jpg,142,33,car plate,663,423,805,456
otogar-1_1-260_1476395038.jpg,145,32,car plate,621,399,766,431
otogar-1_1-260_1476395039.jpg,135,29,car plate,602,378,737,407
otogar-1_1-260_1476395040.jpg,141,33,car plate,532,403,673,436
otogar-1_1-260_1476395042.jpg,130,34,car plate,652,424,782,458
otogar-1_1-260_1476395043.jpg,156,33,car plate,667,421,823,454
otogar-1_1-260_1476395044.jpg,192,54,car plate,556,338,748,392
otogar-1_1-260_1476395045.jpg,239,70,car plate,83,448,322,518
otogar-1_1-260_1476395046.jpg,145,36,car plate,652,393,797,429
otogar-1_1-260_1476395047.jpg,126,37,car plate,784,427,910,464
otogar-1_1-260_1476395048.jpg,190,50,car plate,662,212,852,262
otogar-1_1-260_1476395049.jpg,133,29,car plate,645,377,778,406
otogar-1_1-260_1476395050.jpg,126,32,car plate,668,417,794,449
otogar-1_1-260_1476395051.jpg,146,36,car plate,658,371,804,407
otogar-1_1-260_1476395053.jpg,126,29,car plate,522,299,648,328
otogar-1_1-260_1476395054.jpg,158,35,car plate,599,265,757,300
otogar-1_1-260_1476395055.jpg,231,60,car plate,492,245,723,305
otogar-1_1-260_1476395056.jpg,158,35,car plate,648,405,806,440
otogar-1_1-260_1476395057.jpg,126,27,car plate,675,322,801,349
otogar-1_1-260_1476395058.jpg,176,41,car plate,481,410,657,451
otogar-1_1-260_1476395059.jpg,244,69,car plate,187,481,431,550
otogar-1_1-260_1476395060.jpg,182,51,car plate,524,331,706,382
otogar-1_1-260_1476395061.jpg,149,36,car plate,558,427,707,463
otogar-1_1-260_1476395062.jpg,151,34,car plate,586,290,737,324
otogar-1_1-260_1476395064.jpg,143,33,car plate,574,394,717,427
otogar-1_1-260_1476395065.jpg,149,32,car plate,531,428,680,460
otogar-1_1-260_1476395066.jpg,183,45,car plate,476,365,659,410
otogar-1_1-260_1476395067.jpg,144,32,car plate,606,305,750,337
otogar-1_1-260_1476395068.jpg,144,32,car plate,565,407,709,439
otogar-1_1-260_1476395069.jpg,151,34,car plate,700,426,851,460
otogar-1_1-260_1476395070.jpg,266,69,car plate,96,583,362,652
otogar-1_1-260_1476395071.jpg,151,37,car plate,845,144,996,181
otogar-1_1-260_1476395072.jpg,136,33,car plate,649,389,785,422
otogar-1_1-260_1476395073.jpg,130,33,car plate,666,422,796,455
otogar-1_1-260_1476395075.jpg,134,29,car plate,560,376,694,405
otogar-1_1-260_1476395076.jpg,197,42,car plate,466,411,663,453
otogar-1_1-260_1476395077.jpg,158,35,car plate,469,317,627,352
otogar-1_1-260_1476395078.jpg,202,50,car plate,402,438,604,488
otogar-1_1-260_1476395079.jpg,167,36,car plate,573,277,740,313
otogar-1_1-260_1476395080.jpg,126,35,car plate,691,435,817,470
otogar-1_1-260_1476395081.jpg,192,58,car plate,491,353,683,411
otogar-1_1-260_1476395082.jpg,149,32,car plate,717,396,866,428
otogar-1_1-260_1476395083.jpg,143,32,car plate,629,290,772,322
otogar-1_1-260_1476395084.jpg,134,34,car plate,648,389,782,423
otogar-1_1-260_1476395086.jpg,127,29,car plate,539,351,666,380
otogar-1_1-260_1476395087.jpg,144,35,car plate,653,390,797,425
otogar-1_1-260_1476395088.jpg,199,44,car plate,725,316,924,360
otogar-1_1-260_1476395089.jpg,148,33,car plate,618,393,766,426
otogar-1_1-260_1476395090.jpg,156,33,car plate,680,433,836,466
otogar-1_1-260_1476395091.jpg,163,37,car plate,856,162,1019,199
otogar-1_1-260_1476395092.jpg,202,50,car plate,463,446,665,496
otogar-1_1-260_1476395093.jpg,191,51,car plate,528,347,719,398
otogar-1_1-260_1476395094.jpg,161,34,car plate,698,367,859,401
otogar-1_1-260_1476395095.jpg,126,28,car plate,671,335,797,363
otogar-1_1-260_1476395097.jpg,136,28,car plate,533,409,669,437
otogar-1_1-260_1476395098.jpg,152,35,car plate,689,417,841,452
otogar-1_1-260_1476395099.jpg,150,36,car plate,452,307,602,343
otogar-1_1-260_1476395100.jpg,196,45,car plate,503,186,699,231
otogar-1_1-260_1476395101.jpg,114,24,car plate,624,284,738,308
otogar-1_1-260_1476395102.jpg,158,42,car plate,816,221,974,263
otogar-1_1-260_1476395103.jpg,150,34,car plate,706,332,856,366
otogar-1_1-260_1476395104.jpg,147,33,car plate,500,412,647,445
otogar-1_1-260_1476395105.jpg,141,33,car plate,663,431,804,464
otogar-1_1-260_1476395106.jpg,129,36,car plate,739,423,868,459
otogar-1_1-260_1476395108.jpg,120,28,car plate,584,212,704,240
otogar-1_1-260_1476395109.jpg,142,33,car plate,565,395,707,428
otogar-1_1-260_1476395110.jpg,117,26,car plate,647,322,764,348
otogar-1_1-260_1476395111.jpg,148,36,car plate,703,490,851,526
otogar-1_1-260_1476395112.jpg,229,70,car plate,206,416,435,486
otogar-1_1-260_1476395113.jpg,151,33,car plate,723,420,874,453
otogar-1_1-260_1476395114.jpg,146,33,car plate,614,302,760,335
otogar-1_1-260_1476395115.jpg,191,44,car plate,514,408,705,452
otogar-1_1-260_1476395116.jpg,209,59,car plate,259,445,468,504
otogar-1_1-260_1476395117.jpg,143,32,car plate,686,433,829,465
otogar-1_1-260_1476395119.jpg,137,33,car plate,554,285,691,318
otogar-1_1-260_1476395120.jpg,148,35,car plate,598,376,746,411
otogar-1_1-260_1476395121.jpg,119,27,car plate,652,314,771,341
otogar-1_1-260_1476395122.jpg,156,43,car plate,619,123,775,166
otogar-1_1-260_1476395123.jpg,146,32,car plate,664,397,810,429
otogar-1_1-260_1476395124.jpg,180,42,car plate,612,369,792,411
otogar-1_1-260_1476395125.jpg,172,44,car plate,368,291,540,335
otogar-1_1-260_1476395126.jpg,143,33,car plate,597,295,740,328
otogar-1_1-260_1476395127.jpg,147,37,car plate,686,394,833,431
otogar-1_1-260_1476395128.jpg,135,32,car plate,584,392,719,424
otogar-1_1-260_1476395130.jpg,129,37,car plate,647,425,776,462
otogar-1_1-260_1476395131.jpg,121,28,car plate,746,322,867,350
otogar-1_1-260_1476395132.jpg,262,76,car plate,217,541,479,617
otogar-1_1-260_1476395133.jpg,156,37,car plate,907,156,1063,193
otogar-1_1-260_1476395134.jpg,257,71,car plate,232,533,489,604
otogar-1_1-260_1476395136.jpg,251,62,car plate,508,389,759,451
otogar-1_1-260_1476395137.jpg,145,32,car plate,638,392,783,424
otogar-1_1-260_1476395138.jpg,133,33,car plate,623,409,756,442
otogar-1_1-260_1476395139.jpg,152,35,car plate,527,411,679,446
otogar-1_1-260_1476395141.jpg,136,32,car plate,644,418,780,450
otogar-1_1-260_1476395142.jpg,238,53,car plate,565,367,803,420
otogar-1_1-260_1476395144.jpg,141,32,car plate,655,392,796,424
otogar-1_1-260_1476395145.jpg,145,32,car plate,583,389,728,421
otogar-1_1-260_1476395146.jpg,153,35,car plate,639,395,792,430
otogar-1_1-260_1476395147.jpg,168,37,car plate,517,286,685,323
otogar-1_1-260_1476395148.jpg,131,33,car plate,587,399,718,432
otogar-1_1-260_1476395149.jpg,144,34,car plate,566,388,710,422
otogar-1_1-260_1476395150.jpg,147,38,car plate,846,148,993,186
otogar-1_1-260_1476395152.jpg,238,67,car plate,91,511,329,578
otogar-1_1-260_1476395153.jpg,178,42,car plate,270,397,448,439
otogar-1_1-260_1476395154.jpg,179,51,car plate,612,331,791,382
otogar-1_1-260_1476395156.jpg,163,42,car plate,515,274,678,316
otogar-1_1-260_1476395157.jpg,150,34,car plate,569,310,719,344
otogar-1_1-260_1476395160.jpg,149,38,car plate,937,134,1086,172
otogar-1_1-260_1476395161.jpg,142,33,car plate,652,397,794,430
otogar-1_1-260_1476395163.jpg,165,37,car plate,514,338,679,375
otogar-1_1-260_1476395165.jpg,160,43,car plate,610,317,770,360
otogar-1_1-260_1476395166.jpg,177,42,car plate,552,406,729,448
otogar-1_1-260_1476395167.jpg,152,50,car plate,639,304,791,354
otogar-1_1-260_1476395168.jpg,127,35,car plate,681,412,808,447
otogar-1_1-260_1476395169.jpg,132,28,car plate,610,368,742,396
otogar-1_1-260_1476395170.jpg,158,38,car plate,557,277,715,315
otogar-1_1-260_1476395171.jpg,132,33,car plate,561,224,693,257
otogar-1_1-260_1476395174.jpg,142,33,car plate,548,403,690,436
otogar-1_1-260_1476395175.jpg,240,77,car plate,98,554,338,631
otogar-1_1-260_1476395176.jpg,129,29,car plate,751,307,880,336
otogar-1_1-260_1476395177.jpg,186,51,car plate,820,194,1006,245
otogar-1_1-260_1476395178.jpg,147,35,car plate,504,303,651,338
otogar-1_1-260_1476395179.jpg,144,35,car plate,723,463,867,498
otogar-1_1-260_1476395180.jpg,244,80,car plate,71,562,315,642
otogar-1_1-260_1476395181.jpg,258,87,car plate,183,571,441,658
otogar-1_1-260_1476395182.jpg,150,34,car plate,624,349,774,383
otogar-1_1-260_1476395183.jpg,147,35,car plate,677,367,824,402
otogar-1_1-260_1476395185.jpg,150,34,car plate,667,309,817,343
otogar-1_1-260_1476395186.jpg,135,33,car plate,628,445,763,478
otogar-1_1-260_1476395187.jpg,125,33,car plate,604,427,729,460
otogar-1_1-260_1476395188.jpg,196,46,car plate,482,332,678,378
otogar-1_1-260_1476395189.jpg,274,77,car plate,54,556,328,633
otogar-1_1-260_1476395190.jpg,176,43,car plate,665,388,841,431
otogar-1_1-260_1476395191.jpg,185,45,car plate,730,220,915,265
otogar-1_1-260_1476395192.jpg,148,33,car plate,533,397,681,430
otogar-1_1-260_1476395193.jpg,221,45,car plate,650,305,871,350
otogar-1_1-260_1476395196.jpg,131,34,car plate,631,426,762,460
otogar-1_1-260_1476395197.jpg,136,32,car plate,608,387,744,419
otogar-1_1-260_1476395198.jpg,118,25,car plate,692,320,810,345
otogar-1_1-260_1476395199.jpg,163,43,car plate,617,319,780,362
otogar-1_1-260_1476395200.jpg,161,38,car plate,865,167,1026,205
otogar-1_1-260_1476395201.jpg,161,36,car plate,587,389,748,425
otogar-1_1-260_1476395202.jpg,132,33,car plate,574,421,706,454
otogar-1_1-260_1476395203.jpg,150,33,car plate,624,289,774,322
otogar-1_1-260_1476395204.jpg,146,32,car plate,700,406,846,438
otogar-1_1-260_1476395205.jpg,166,45,car plate,618,325,784,370
otogar-1_1-260_1476395207.jpg,121,25,car plate,705,319,826,344
otogar-1_1-260_1476395208.jpg,129,35,car plate,569,432,698,467
otogar-1_1-260_1476395209.jpg,152,32,car plate,681,413,833,445
otogar-1_1-260_1476395210.jpg,124,29,car plate,643,331,767,360
otogar-1_1-260_1476395211.jpg,166,35,car plate,491,410,657,445
otogar-1_1-260_1476395212.jpg,133,32,car plate,541,392,674,424
otogar-1_1-260_1476395213.jpg,140,38,car plate,596,371,736,409
otogar-1_1-260_1476395214.jpg,120,27,car plate,651,307,771,334
otogar-1_1-260_1476395215.jpg,148,34,car plate,625,302,773,336
otogar-1_1-260_1476395216.jpg,147,33,car plate,636,423,783,456
otogar-1_1-260_1476395218.jpg,141,33,car plate,640,408,781,441
otogar-1_1-260_1476395219.jpg,133,29,car plate,517,399,650,428
otogar-1_1-260_1476395220.jpg,149,34,car plate,522,370,671,404
otogar-1_1-260_1476395221.jpg,120,27,car plate,685,330,805,357
otogar-1_1-260_1476395222.jpg,151,33,car plate,668,426,819,459
otogar-1_1-260_1476395223.jpg,167,45,car plate,578,128,745,173
otogar-1_1-260_1476395224.jpg,147,33,car plate,730,306,877,339
otogar-1_1-260_1476395225.jpg,168,45,car plate,815,188,983,233
otogar-1_1-260_1476395226.jpg,128,32,car plate,535,392,663,424
otogar-1_1-260_1476395227.jpg,148,34,car plate,674,469,822,503
otogar-1_1-260_1476395229.jpg,206,46,car plate,384,338,590,384
otogar-1_1-260_1476395230.jpg,130,33,car plate,656,420,786,453
otogar-1_1-260_1476395231.jpg,158,42,car plate,619,314,777,356
otogar-1_1-260_1476395232.jpg,112,25,car plate,579,295,691,320
otogar-1_1-260_1476395233.jpg,145,32,car plate,658,395,803,427
otogar-1_1-260_1476395234.jpg,248,68,car plate,244,532,492,600
otogar-1_1-260_1476395235.jpg,130,32,car plate,573,411,703,443
otogar-1_1-260_1476395236.jpg,222,52,car plate,391,452,613,504
otogar-1_1-260_1476395237.jpg,175,42,car plate,885,179,1060,221
otogar-1_1-260_1476395238.jpg,146,34,car plate,640,414,786,448
otogar-1_1-260_1476395240.jpg,145,38,car plate,655,303,800,341
otogar-1_1-260_1476395241.jpg,143,33,car plate,608,303,751,336
otogar-1_1-260_1476395243.jpg,128,35,car plate,709,404,837,439
otogar-1_1-260_1476395244.jpg,211,54,car plate,439,424,650,478
otogar-1_1-260_1476395245.jpg,137,38,car plate,733,487,870,525
otogar-1_1-260_1476395246.jpg,159,38,car plate,593,382,752,420
otogar-1_1-260_1476395247.jpg,161,41,car plate,932,167,1093,208
otogar-1_1-260_1476395248.jpg,147,32,car plate,548,394,695,426
otogar-1_1-260_1476395249.jpg,134,29,car plate,633,380,767,409
otogar-1_1-260_1476395251.jpg,134,32,car plate,542,280,676,312
otogar-1_1-260_1476395252.jpg,135,36,car plate,665,432,800,468
otogar-1_1-260_1476395253.jpg,212,59,car plate,294,435,506,494
otogar-1_1-260_1476395254.jpg,146,33,car plate,616,396,762,429
otogar-1_1-260_1476395255.jpg,149,36,car plate,581,330,730,366
otogar-1_1-260_1476395256.jpg,134,34,car plate,595,410,729,444
otogar-1_1-260_1476395257.jpg,145,32,car plate,615,404,760,436
otogar-1_1-260_1476395258.jpg,131,34,car plate,777,427,908,461
otogar-1_1-260_1476395259.jpg,264,78,car plate,211,522,475,600
otogar-1_1-260_1476395260.jpg,135,33,car plate,674,428,809,461
otogar-1_1-260_1476395262.jpg,132,29,car plate,497,401,629,430
otogar-1_1-260_1476395263.jpg,250,79,car plate,56,507,306,586
otogar-1_1-260_1476395264.jpg,275,81,car plate,170,537,445,618
otogar-1_1-260_1476395265.jpg,222,68,car plate,193,402,415,470
otogar-1_1-260_1476395266.jpg,113,25,car plate,680,293,793,318
otogar-1_1-260_1476395267.jpg,134,28,car plate,618,210,752,238
otogar-1_1-260_1476395268.jpg,192,42,car plate,772,305,964,347
otogar-1_1-260_1476395269.jpg,127,33,car plate,634,463,761,496
otogar-1_1-260_1476395271.jpg,214,60,car plate,441,366,655,426
otogar-1_1-260_1476395273.jpg,153,35,car plate,665,341,818,376
otogar-1_1-260_1476395274.jpg,131,34,car plate,622,419,753,453
otogar-1_1-260_1476395275.jpg,120,25,car plate,653,316,773,341
otogar-1_1-260_1476395276.jpg,225,58,car plate,556,273,781,331
otogar-1_1-260_1476395277.jpg,110,75,car plate,0,521,110,596
otogar-1_1-260_1476395278.jpg,142,29,car plate,578,290,720,319
otogar-1_1-260_1476395279.jpg,228,51,car plate,398,342,626,393
otogar-1_1-260_1476395280.jpg,134,35,car plate,731,471,865,506
otogar-1_1-260_1476395281.jpg,270,78,car plate,119,318,389,396
otogar-1_1-260_1476395282.jpg,263,76,car plate,242,570,505,646
otogar-1_1-260_1476395284.jpg,146,33,car plate,714,401,860,434
otogar-1_1-260_1476395285.jpg,178,43,car plate,572,367,750,410
otogar-1_1-260_1476395286.jpg,137,32,car plate,632,389,769,421
otogar-1_1-260_1476395287.jpg,145,33,car plate,504,406,649,439
otogar-1_1-260_1476395288.jpg,146,33,car plate,671,328,817,361
otogar-1_1-260_1476395289.jpg,144,32,car plate,817,252,961,284
otogar-1_1-260_1476395290.jpg,150,33,car plate,618,443,768,476
otogar-1_1-260_1476395291.jpg,125,35,car plate,705,429,830,464
otogar-1_1-260_1476395292.jpg,265,71,car plate,334,347,599,418
otogar-1_1-260_1476395293.jpg,205,50,car plate,462,411,667,461
otogar-1_1-260_1476395295.jpg,173,44,car plate,651,315,824,359
otogar-1_1-260_1476395296.jpg,250,78,car plate,38,536,288,614
otogar-1_1-260_1476395297.jpg,148,34,car plate,723,313,871,347
otogar-1_1-260_1476395298.jpg,201,43,car plate,470,325,671,368
otogar-1_1-260_1476395299.jpg,152,33,car plate,715,429,867,462
otogar-1_1-260_1476395300.jpg,183,42,car plate,715,289,898,331
otogar-1_1-260_1476395301.jpg,232,66,car plate,371,451,603,517
otogar-1_1-260_1476395302.jpg,168,42,car plate,554,119,722,161
otogar-1_1-260_1476395303.jpg,146,29,car plate,608,397,754,426
otogar-1_1-260_1476395304.jpg,124,28,car plate,657,307,781,335
otogar-1_1-260_1476395306.jpg,167,49,car plate,566,318,733,367
otogar-1_1-260_1476395307.jpg,221,52,car plate,371,338,592,390
otogar-1_1-260_1476395308.jpg,279,78,car plate,204,560,483,638
otogar-1_1-260_1476395309.jpg,147,32,car plate,712,397,859,429
otogar-1_1-260_1476395310.jpg,167,42,car plate,507,286,674,328
otogar-1_1-260_1476395311.jpg,131,35,car plate,597,423,728,458
otogar-1_1-260_1476395312.jpg,149,32,car plate,591,380,740,412
otogar-1_1-260_1476395313.jpg,149,34,car plate,746,448,895,482
otogar-1_1-260_1476395314.jpg,248,66,car plate,283,449,531,515
otogar-1_1-260_1476395315.jpg,166,42,car plate,495,99,661,141
otogar-1_1-260_1476395317.jpg,147,36,car plate,650,293,797,329
otogar-1_1-260_1476395318.jpg,156,34,car plate,583,276,739,310
otogar-1_1-260_1476395319.jpg,246,61,car plate,575,254,821,315
otogar-1_1-260_1476395320.jpg,127,35,car plate,709,432,836,467
otogar-1_1-260_1476395321.jpg,215,46,car plate,783,339,998,385
otogar-1_1-260_1476395322.jpg,222,62,car plate,193,469,415,531
otogar-1_1-260_1476395324.jpg,120,34,car plate,669,429,789,463
otogar-1_1-260_1476395325.jpg,144,36,car plate,673,264,817,300
otogar-1_1-260_1476395326.jpg,235,60,car plate,499,285,734,345
otogar-1_1-260_1476395328.jpg,197,41,car plate,519,338,716,379
otogar-1_1-260_1476395329.jpg,141,33,car plate,476,291,617,324
otogar-1_1-260_1476395330.jpg,131,35,car plate,700,429,831,464
otogar-1_1-260_1476395331.jpg,199,59,car plate,466,338,665,397
otogar-1_1-260_1476395332.jpg,241,66,car plate,426,256,667,322
otogar-1_1-260_1476395333.jpg,278,85,car plate,186,541,464,626
otogar-1_1-260_1476395334.jpg,140,29,car plate,554,372,694,401
otogar-1_1-260_1476395335.jpg,216,49,car plate,459,360,675,409
otogar-1_1-260_1476395336.jpg,132,33,car plate,625,422,757,455
otogar-1_1-260_1476395337.jpg,146,36,car plate,676,301,822,337
otogar-1_1-260_1476395339.jpg,163,37,car plate,542,380,705,417
otogar-1_1-260_1476395340.jpg,160,42,car plate,828,171,988,213
otogar-1_1-260_1476395341.jpg,135,29,car plate,578,385,713,414
otogar-1_1-260_1476395342.jpg,134,34,car plate,686,425,820,459
otogar-1_1-260_1476395343.jpg,221,51,car plate,373,352,594,403
otogar-1_1-260_1476395344.jpg,140,32,car plate,481,395,621,427
otogar-1_1-260_1476395346.jpg,120,27,car plate,654,317,774,344
otogar-1_1-260_1476395347.jpg,286,78,car plate,132,653,418,731
otogar-1_1-260_1476395348.jpg,135,36,car plate,716,436,851,472
otogar-1_1-260_1476395350.jpg,147,38,car plate,577,340,724,378
otogar-1_1-260_1476395351.jpg,165,44,car plate,593,323,758,367
otogar-1_1-260_1476395352.jpg,134,33,car plate,589,439,723,472
otogar-1_1-260_1476395353.jpg,173,38,car plate,590,300,763,338
otogar-1_1-260_1476395354.jpg,132,33,car plate,608,392,740,425
otogar-1_1-260_1476395355.jpg,125,35,car plate,733,413,858,448
otogar-1_1-260_1476395356.jpg,206,49,car plate,526,427,732,476
otogar-1_1-260_1476395357.jpg,172,44,car plate,814,249,986,293
otogar-1_1-260_1476395358.jpg,172,37,car plate,529,424,701,461
otogar-1_1-260_1476395359.jpg,133,29,car plate,608,379,741,408
otogar-1_1-260_1476395361.jpg,149,34,car plate,757,461,906,495
otogar-1_1-260_1476395362.jpg,135,32,car plate,610,383,745,415
otogar-1_1-260_1476395363.jpg,184,37,car plate,840,357,1024,394
otogar-1_1-260_1476395364.jpg,176,45,car plate,592,334,768,379
otogar-1_1-260_1476395365.jpg,183,38,car plate,513,309,696,347
otogar-1_1-260_1476395366.jpg,172,42,car plate,855,173,1027,215
otogar-1_1-260_1476395367.jpg,137,32,car plate,599,421,736,453
otogar-1_1-260_1476395368.jpg,141,36,car plate,580,347,721,383
otogar-1_1-260_1476395369.jpg,231,59,car plate,135,390,366,449
otogar-1_1-260_1476395370.jpg,152,35,car plate,688,300,840,335
otogar-1_1-260_1476395372.jpg,112,25,car plate,633,279,745,304
otogar-1_1-260_1476395373.jpg,145,38,car plate,634,286,779,324
otogar-1_1-260_1476395374.jpg,125,34,car plate,711,419,836,453
otogar-1_1-260_1476395375.jpg,159,41,car plate,779,139,938,180
otogar-1_1-260_1476395376.jpg,144,35,car plate,497,452,641,487
otogar-1_1-260_1476395377.jpg,143,33,car plate,725,428,868,461
otogar-1_1-260_1476395378.jpg,147,36,car plate,512,358,659,394
otogar-1_1-260_1476395379.jpg,143,28,car plate,601,404,744,432
otogar-1_1-260_1476395380.jpg,136,33,car plate,574,272,710,305
otogar-1_1-260_1476395381.jpg,152,35,car plate,949,129,1101,164
otogar-1_1-260_1476395383.jpg,153,34,car plate,644,437,797,471
otogar-1_1-260_1476395384.jpg,118,33,car plate,546,332,664,365
otogar-1_1-260_1476395385.jpg,132,29,car plate,577,374,709,403
otogar-1_1-260_1476395386.jpg,178,45,car plate,840,158,1018,203
otogar-1_1-260_1476395387.jpg,183,42,car plate,550,285,733,327
otogar-1_1-260_1476395388.jpg,238,63,car plate,228,492,466,555
otogar-1_1-260_1476395389.jpg,143,33,car plate,557,371,700,404
otogar-1_1-260_1476395390.jpg,145,33,car plate,615,277,760,310
otogar-1_1-260_1476395391.jpg,222,59,car plate,178,200,400,259
otogar-1_1-260_1476395392.jpg,223,59,car plate,188,457,411,516
otogar-1_1-260_1476395394.jpg,150,33,car plate,745,411,895,444
otogar-1_1-260_1476395395.jpg,152,33,car plate,620,293,772,326
otogar-1_1-260_1476395396.jpg,169,38,car plate,386,292,555,330
otogar-1_1-260_1476395397.jpg,142,35,car plate,572,93,714,128
otogar-1_1-260_1476395398.jpg,189,41,car plate,572,448,761,489
otogar-1_1-260_1476395399.jpg,144,34,car plate,609,389,753,423
otogar-1_1-260_1476395400.jpg,135,28,car plate,606,389,741,417
otogar-1_1-260_1476395401.jpg,145,35,car plate,766,448,911,483
otogar-1_1-260_1476395402.jpg,143,29,car plate,639,298,782,327
otogar-1_1-260_1476395403.jpg,150,32,car plate,605,256,755,288
otogar-1_1-260_1476395405.jpg,211,55,car plate,564,233,775,288
otogar-1_1-260_1476395406.jpg,150,33,car plate,614,312,764,345
otogar-1_1-260_1476395407.jpg,140,34,car plate,636,424,776,458
otogar-1_1-260_1476395408.jpg,222,53,car plate,619,354,841,407
otogar-1_1-260_1476395409.jpg,120,28,car plate,746,322,866,350
otogar-1_1-260_1476395410.jpg,140,33,car plate,596,420,736,453
otogar-1_1-260_1476395411.jpg,136,33,car plate,565,394,701,427
otogar-1_1-260_1476395412.jpg,166,44,car plate,586,316,752,360
otogar-1_1-260_1476395413.jpg,153,41,car plate,755,159,908,200
otogar-1_1-260_1476395414.jpg,150,35,car plate,605,304,755,339
otogar-1_1-260_1476395416.jpg,136,33,car plate,602,429,738,462
otogar-1_1-260_1476395417.jpg,150,34,car plate,575,414,725,448
otogar-1_1-260_1476395418.jpg,168,38,car plate,530,290,698,328
otogar-1_1-260_1476395419.jpg,157,35,car plate,650,307,807,342
otogar-1_1-260_1476395420.jpg,137,32,car plate,597,385,734,417
otogar-1_1-260_1476395421.jpg,150,37,car plate,661,293,811,330
otogar-1_1-260_1476395422.jpg,148,33,car plate,771,229,919,262
otogar-1_1-260_1476395423.jpg,137,36,car plate,566,387,703,423
otogar-1_1-260_1476395424.jpg,167,41,car plate,507,406,674,447
otogar-1_1-260_1476395425.jpg,208,54,car plate,583,239,791,293
otogar-1_1-260_1476395427.jpg,136,28,car plate,556,416,692,444
otogar-1_1-260_1476395428.jpg,135,33,car plate,600,443,735,476
otogar-1_1-260_1476395429.jpg,166,41,car plate,681,380,847,421
otogar-1_1-260_1476395430.jpg,181,46,car plate,677,187,858,233
otogar-1_1-260_1476395431.jpg,146,34,car plate,561,421,707,455
otogar-1_1-260_1476395433.jpg,113,26,car plate,719,316,832,342
otogar-1_1-260_1476395434.jpg,143,34,car plate,562,389,705,423
otogar-1_1-260_1476395435.jpg,135,89,car plate,175,529,310,618
otogar-1_1-260_1476395436.jpg,134,33,car plate,521,427,655,460
otogar-1_1-260_1476395438.jpg,134,86,car plate,606,284,740,370
otogar-1_1-260_1476395439.jpg,190,45,car plate,445,411,635,456
otogar-1_1-260_1476395440.jpg,134,43,car plate,759,384,893,427
otogar-1_1-260_1476395441.jpg,278,61,car plate,226,387,504,448
otogar-1_1-260_1476395442.jpg,158,41,car plate,532,379,690,420
otogar-1_1-260_1476395443.jpg,131,34,car plate,610,430,741,464
otogar-1_1-260_1476395444.jpg,137,28,car plate,649,461,786,489
otogar-1_1-260_1476395445.jpg,215,55,car plate,710,227,925,282
otogar-1_1-260_1476395446.jpg,156,45,car plate,598,308,754,353
otogar-1_1-260_1476395447.jpg,151,32,car plate,543,417,694,449
otogar-1_1-260_1476395449.jpg,207,46,car plate,529,328,736,374
otogar-1_1-260_1476395450.jpg,148,35,car plate,553,438,701,473
otogar-1_1-260_1476395451.jpg,211,55,car plate,254,430,465,485
otogar-1_1-260_1476395452.jpg,109,24,car plate,732,265,841,289
otogar-1_1-260_1476395453.jpg,141,33,car plate,543,413,684,446
otogar-1_1-260_1476395454.jpg,234,60,car plate,597,280,831,340
otogar-1_1-260_1476395456.jpg,163,36,car plate,586,293,749,329
otogar-1_1-260_1476395457.jpg,212,61,car plate,223,441,435,502
otogar-1_1-260_1476395458.jpg,176,45,car plate,624,316,800,361
otogar-1_1-260_1476395460.jpg,152,36,car plate,682,369,834,405
otogar-1_1-260_1476395461.jpg,261,70,car plate,409,316,670,386
otogar-1_1-260_1476395462.jpg,146,42,car plate,558,98,704,140
otogar-1_1-260_1476395463.jpg,68,51,car plate,566,314,634,365
otogar-1_1-260_1476395464.jpg,215,59,car plate,272,413,487,472
otogar-1_1-260_1476395465.jpg,148,33,car plate,662,405,810,438
otogar-1_1-260_1476395466.jpg,245,55,car plate,287,398,532,453
otogar-1_1-260_1476395467.jpg,141,33,car plate,515,306,656,339
otogar-1_1-260_1476395468.jpg,271,75,car plate,341,346,612,421
otogar-1_1-260_1476395469.jpg,197,58,car plate,455,366,652,424
otogar-1_1-260_1476395472.jpg,217,54,car plate,293,486,510,540
otogar-1_1-260_1476395473.jpg,149,29,car plate,664,412,813,441
otogar-1_1-260_1476395474.jpg,131,35,car plate,619,435,750,470
otogar-1_1-260_1476395475.jpg,163,36,car plate,577,279,740,315
otogar-1_1-260_1476395476.jpg,179,37,car plate,746,266,925,303
otogar-1_1-260_1476395477.jpg,245,63,car plate,409,268,654,331
otogar-1_1-260_1476395478.jpg,169,46,car plate,523,316,692,362
otogar-1_1-260_1476395479.jpg,248,67,car plate,131,521,379,588
otogar-1_1-260_1476395480.jpg,148,34,car plate,537,309,685,343
otogar-1_1-260_1476395482.jpg,145,33,car plate,646,337,791,370
otogar-1_1-260_1476395483.jpg,152,38,car plate,621,311,773,349
otogar-1_1-260_1476395484.jpg,142,29,car plate,567,290,709,319
otogar-1_1-260_1476395485.jpg,202,51,car plate,666,226,868,277
otogar-1_1-260_1476395486.jpg,142,29,car plate,621,387,763,416
otogar-1_1-260_1476395487.jpg,117,27,car plate,688,311,805,338
otogar-1_1-260_1476395488.jpg,185,45,car plate,440,445,625,490
otogar-1_1-260_1476395489.jpg,151,41,car plate,784,468,935,509
otogar-1_1-260_1476395490.jpg,178,42,car plate,342,403,520,445
otogar-1_1-260_1476395491.jpg,159,35,car plate,683,428,842,463
otogar-1_1-260_1476395493.jpg,150,33,car plate,628,307,778,340
otogar-1_1-260_1476395494.jpg,213,45,car plate,308,333,521,378
otogar-1_1-260_1476395495.jpg,208,51,car plate,715,228,923,279
otogar-1_1-260_1476395496.jpg,149,33,car plate,590,307,739,340
otogar-1_1-260_1476395497.jpg,238,58,car plate,464,449,702,507
otogar-1_1-260_1476395498.jpg,211,55,car plate,313,363,524,418
otogar-1_1-260_1476395499.jpg,150,35,car plate,595,360,745,395
otogar-1_1-260_1476395500.jpg,127,29,car plate,561,380,688,409
otogar-1_1-260_1476395501.jpg,192,43,car plate,371,294,563,337
otogar-1_1-260_1476395502.jpg,150,32,car plate,627,300,777,332
otogar-1_1-260_1476395504.jpg,140,36,car plate,751,431,891,467
otogar-1_1-260_1476395506.jpg,141,32,car plate,581,315,722,347
otogar-1_1-260_1476395507.jpg,189,51,car plate,794,180,983,231
otogar-1_1-260_1476395508.jpg,134,29,car plate,705,320,839,349
otogar-1_1-260_1476395509.jpg,159,35,car plate,549,252,708,287
otogar-1_1-260_1476395510.jpg,150,41,car plate,605,373,755,414
otogar-1_1-260_1476395511.jpg,244,78,car plate,26,464,270,542
otogar-1_1-260_1476395512.jpg,153,32,car plate,661,301,814,333
otogar-1_1-260_1476395513.jpg,178,50,car plate,551,313,729,363
otogar-1_1-260_1476395515.jpg,133,34,car plate,594,402,727,436
otogar-1_1-260_1476395516.jpg,134,35,car plate,698,452,832,487
otogar-1_1-260_1476395517.jpg,144,33,car plate,613,387,757,420
otogar-1_1-260_1476395518.jpg,126,27,car plate,685,296,811,323
otogar-1_1-260_1476395519.jpg,228,58,car plate,585,255,813,313
otogar-1_1-260_1476395520.jpg,158,33,car plate,697,310,855,343
otogar-1_1-260_1476395521.jpg,150,43,car plate,665,289,815,332
otogar-1_1-260_1476395522.jpg,201,45,car plate,434,317,635,362
otogar-1_1-260_1476395523.jpg,128,34,car plate,643,435,771,469
otogar-1_1-260_1476395524.jpg,144,32,car plate,621,416,765,448
otogar-1_1-260_1476395526.jpg,120,28,car plate,611,278,731,306
otogar-1_1-260_1476395527.jpg,173,36,car plate,539,293,712,329
otogar-1_1-260_1476395528.jpg,163,38,car plate,846,479,1009,517
otogar-1_1-260_1476395529.jpg,135,33,car plate,659,465,794,498
otogar-1_1-260_1476395530.jpg,143,35,car plate,927,122,1070,157
otogar-1_1-260_1476395532.jpg,134,32,car plate,524,389,658,421
otogar-1_1-260_1476395533.jpg,254,71,car plate,359,525,613,596
otogar-1_1-260_1476395534.jpg,141,33,car plate,717,398,858,431
otogar-1_1-260_1476395535.jpg,149,34,car plate,660,295,809,329
otogar-1_1-260_1476395537.jpg,185,44,car plate,454,327,639,371
otogar-1_1-260_1476395538.jpg,125,29,car plate,643,329,768,358
otogar-1_1-260_1476395539.jpg,215,62,car plate,218,214,433,276
otogar-1_1-260_1476395540.jpg,226,51,car plate,381,470,607,521
otogar-1_1-260_1476395541.jpg,117,27,car plate,638,315,755,342
otogar-1_1-260_1476395542.jpg,127,34,car plate,679,423,806,457
otogar-1_1-260_1476395543.jpg,183,55,car plate,549,348,732,403
otogar-1_1-260_1476395544.jpg,136,29,car plate,597,387,733,416
otogar-1_1-260_1476395545.jpg,142,33,car plate,613,388,755,421
otogar-1_1-260_1476395546.jpg,168,42,car plate,838,184,1006,226
otogar-1_1-260_1476395548.jpg,137,29,car plate,551,288,688,317
otogar-1_1-260_1476395549.jpg,200,51,car plate,354,254,554,305
otogar-1_1-260_1476395550.jpg,164,42,car plate,552,130,716,172
otogar-1_1-260_1476395551.jpg,128,35,car plate,720,433,848,468
otogar-1_1-260_1476395552.jpg,143,29,car plate,533,385,676,414
otogar-1_1-260_1476395553.jpg,168,44,car plate,435,397,603,441
otogar-1_1-260_1476395554.jpg,147,32,car plate,576,254,723,286
otogar-1_1-260_1476395555.jpg,147,33,car plate,455,440,602,473
otogar-1_1-260_1476395556.jpg,177,46,car plate,799,194,976,240
otogar-1_1-260_1476395557.jpg,145,33,car plate,718,432,863,465
otogar-1_1-260_1476395559.jpg,151,33,car plate,732,292,883,325
otogar-1_1-260_1476395560.jpg,174,49,car plate,617,328,791,377
otogar-1_1-260_1476395561.jpg,134,28,car plate,553,375,687,403
otogar-1_1-260_1476395562.jpg,118,27,car plate,627,312,745,339
otogar-1_1-260_1476395563.jpg,181,46,car plate,479,377,660,423
otogar-1_1-260_1476395564.jpg,158,37,car plate,686,260,844,297
otogar-1_1-260_1476395565.jpg,158,36,car plate,446,399,604,435
otogar-1_1-260_1476395566.jpg,222,71,car plate,404,382,626,453
otogar-1_1-260_1476395567.jpg,217,52,car plate,366,349,583,401
otogar-1_1-260_1476395568.jpg,120,27,car plate,768,313,888,340
otogar-1_1-260_1476395570.jpg,149,34,car plate,612,409,761,443
otogar-1_1-260_1476395571.jpg,173,44,car plate,843,188,1016,232
otogar-1_1-260_1476395572.jpg,262,61,car plate,674,391,936,452
otogar-1_1-260_1476395573.jpg,210,60,car plate,444,366,654,426
otogar-1_1-260_1476395574.jpg,133,34,car plate,573,436,706,470
otogar-1_1-260_1476395575.jpg,167,36,car plate,623,392,790,428
otogar-1_1-260_1476395576.jpg,141,37,car plate,686,296,827,333
otogar-1_1-260_1476395577.jpg,134,41,car plate,691,449,825,490
otogar-1_1-260_1476395578.jpg,165,41,car plate,610,361,775,402
otogar-1_1-260_1476395579.jpg,178,42,car plate,486,287,664,329
otogar-1_1-260_1476395581.jpg,299,77,car plate,212,545,511,622
otogar-1_1-260_1476395582.jpg,125,32,car plate,594,332,719,364
otogar-1_1-260_1476395583.jpg,168,46,car plate,597,301,765,347
otogar-1_1-260_1476395584.jpg,158,35,car plate,679,420,837,455
otogar-1_1-260_1476395585.jpg,142,33,car plate,614,286,756,319
otogar-1_1-260_1476395586.jpg,221,52,car plate,589,234,810,286
otogar-1_1-260_1476395587.jpg,265,80,car plate,297,526,562,606
otogar-1_1-260_1476395588.jpg,117,27,car plate,647,294,764,321
otogar-1_1-260_1476395589.jpg,234,58,car plate,346,490,580,548
otogar-1_1-260_1476395590.jpg,221,63,car plate,469,367,690,430
otogar-1_1-260_1476395592.jpg,141,33,car plate,649,368,790,401
otogar-1_1-260_1476395593.jpg,163,34,car plate,522,265,685,299
otogar-1_1-260_1476395594.jpg,129,34,car plate,712,427,841,461
otogar-1_1-260_1476395595.jpg,201,50,car plate,734,236,935,286
otogar-1_1-260_1476395596.jpg,174,49,car plate,629,320,803,369
otogar-1_1-260_1476395597.jpg,165,41,car plate,502,351,667,392
otogar-1_1-260_1476395598.jpg,192,41,car plate,841,292,1033,333
otogar-1_1-260_1476395599.jpg,159,35,car plate,604,429,763,464
otogar-1_1-260_1476395600.jpg,148,33,car plate,568,328,716,361
otogar-1_1-260_1476395601.jpg,205,53,car plate,402,438,607,491
otogar-1_1-260_1476395604.jpg,127,35,car plate,644,438,771,473
otogar-1_1-260_1476395605.jpg,145,32,car plate,587,397,732,429
otogar-1_1-260_1476395606.jpg,235,61,car plate,364,435,599,496
otogar-1_1-260_1476395607.jpg,232,55,car plate,608,213,840,268
otogar-1_1-260_1476395608.jpg,128,34,car plate,609,424,737,458
otogar-1_1-260_1476395609.jpg,255,78,car plate,63,634,318,712
otogar-1_1-260_1476395610.jpg,229,70,car plate,246,464,475,534
otogar-1_1-260_1476395611.jpg,116,25,car plate,685,319,801,344
otogar-1_1-260_1476395612.jpg,179,38,car plate,807,266,986,304
otogar-1_1-260_1476395614.jpg,146,32,car plate,634,400,780,432
otogar-1_1-260_1476395615.jpg,143,32,car plate,640,312,783,344
otogar-1_1-260_1476395616.jpg,163,35,car plate,588,250,751,285
otogar-1_1-260_1476395618.jpg,192,52,car plate,567,337,759,389
otogar-1_1-260_1476395619.jpg,153,33,car plate,725,403,878,436
otogar-1_1-260_1476395620.jpg,130,34,car plate,654,428,784,462
otogar-1_1-260_1476395621.jpg,160,37,car plate,810,164,970,201
otogar-1_1-260_1476395622.jpg,153,33,car plate,644,302,797,335
otogar-1_1-260_1476395623.jpg,133,29,car plate,618,380,751,409
otogar-1_1-260_1476395625.jpg,130,37,car plate,839,473,969,510
otogar-1_1-260_1476395626.jpg,229,61,car plate,422,385,651,446
otogar-1_1-260_1476395627.jpg,142,32,car plate,585,383,727,415
otogar-1_1-260_1476395628.jpg,118,26,car plate,684,307,802,333
otogar-1_1-260_1476395629.jpg,149,34,car plate,586,307,735,341
otogar-1_1-260_1476395630.jpg,133,32,car plate,651,408,784,440
otogar-1_1-260_1476395631.jpg,177,45,car plate,751,181,928,226
otogar-1_1-260_1476395632.jpg,177,52,car plate,548,332,725,384
otogar-1_1-260_1476395633.jpg,264,69,car plate,388,438,652,507
otogar-1_1-260_1476395634.jpg,153,33,car plate,695,412,848,445
otogar-1_1-260_1476395636.jpg,142,33,car plate,593,396,735,429
otogar-1_1-260_1476395637.jpg,146,32,car plate,549,310,695,342
otogar-1_1-260_1476395638.jpg,142,38,car plate,702,296,844,334
otogar-1_1-260_1476395639.jpg,146,32,car plate,547,403,693,435
otogar-1_1-260_1476395640.jpg,159,43,car plate,791,169,950,212
otogar-1_1-260_1476395641.jpg,120,26,car plate,664,297,784,323
otogar-1_1-260_1476395642.jpg,131,33,car plate,455,380,586,413
otogar-1_1-260_1476395643.jpg,150,36,car plate,584,425,734,461
otogar-1_1-260_1476395644.jpg,201,46,car plate,750,322,951,368
otogar-1_1-260_1476395645.jpg,213,58,car plate,562,345,775,403
otogar-1_1-260_1476395647.jpg,142,37,car plate,535,454,677,491
otogar-1_1-260_1476395648.jpg,151,33,car plate,620,311,771,344
otogar-1_1-260_1476395649.jpg,150,34,car plate,524,284,674,318
otogar-1_1-260_1476395650.jpg,148,33,car plate,689,397,837,430
otogar-1_1-260_1476395651.jpg,159,42,car plate,891,150,1050,192
otogar-1_1-260_1476395652.jpg,149,34,car plate,659,384,808,418
otogar-1_1-260_1476395653.jpg,145,35,car plate,637,448,782,483
otogar-1_1-260_1476395654.jpg,208,49,car plate,616,317,824,366
otogar-1_1-260_1476395655.jpg,135,29,car plate,585,392,720,421
otogar-1_1-260_1476395656.jpg,145,33,car plate,561,289,706,322
otogar-1_1-260_1476395658.jpg,136,35,car plate,682,308,818,343
otogar-1_1-260_1476395659.jpg,137,33,car plate,613,385,750,418
otogar-1_1-260_1476395660.jpg,148,32,car plate,677,391,825,423
otogar-1_1-260_1476395661.jpg,147,33,car plate,644,305,791,338
otogar-1_1-260_1476395662.jpg,141,35,car plate,501,344,642,379
otogar-1_1-260_1476395663.jpg,153,42,car plate,856,140,1009,182
otogar-1_1-260_1476395664.jpg,186,51,car plate,379,345,565,396
otogar-1_1-260_1476395665.jpg,144,32,car plate,629,386,773,418
otogar-1_1-260_1476395666.jpg,248,67,car plate,407,426,655,493
otogar-1_1-260_1476395667.jpg,159,36,car plate,652,414,811,450
otogar-1_1-260_1476395669.jpg,148,34,car plate,702,280,850,314
otogar-1_1-260_1476395670.jpg,134,33,car plate,602,421,736,454
otogar-1_1-260_1476395671.jpg,232,71,car plate,197,404,429,475
otogar-1_1-260_1476395672.jpg,216,50,car plate,408,457,624,507
otogar-1_1-260_1476395673.jpg,141,37,car plate,678,453,819,490
otogar-1_1-260_1476395674.jpg,165,41,car plate,922,160,1087,201
otogar-1_1-260_1476395675.jpg,262,72,car plate,367,455,629,527
otogar-1_1-260_1476395676.jpg,151,33,car plate,665,257,816,290
otogar-1_1-260_1476395677.jpg,141,32,car plate,541,382,682,414
otogar-1_1-260_1476395678.jpg,191,44,car plate,708,288,899,332
otogar-1_1-260_1476395680.jpg,135,36,car plate,570,437,705,473
otogar-1_1-260_1476395681.jpg,149,33,car plate,695,408,844,441
otogar-1_1-260_1476395682.jpg,140,29,car plate,570,271,710,300
otogar-1_1-260_1476395683.jpg,191,51,car plate,474,432,665,483
otogar-1_1-260_1476395684.jpg,129,32,car plate,527,432,656,464
otogar-1_1-260_1476395685.jpg,129,33,car plate,574,417,703,450
otogar-1_1-260_1476395686.jpg,196,58,car plate,537,361,733,419
otogar-1_1-260_1476395687.jpg,226,54,car plate,661,341,887,395
otogar-1_1-260_1476395688.jpg,178,38,car plate,473,290,651,328
otogar-1_1-260_1476395689.jpg,147,34,car plate,609,404,756,438
otogar-1_1-260_1476395691.jpg,126,29,car plate,657,415,783,444
otogar-1_1-260_1476395692.jpg,144,32,car plate,575,401,719,433
otogar-1_1-260_1476395693.jpg,160,42,car plate,512,299,672,341
otogar-1_1-260_1476395694.jpg,226,58,car plate,236,512,462,570
otogar-1_1-260_1476395695.jpg,176,42,car plate,871,179,1047,221
otogar-1_1-260_1476395696.jpg,143,41,car plate,599,388,742,429
otogar-1_1-260_1476395697.jpg,144,34,car plate,636,291,780,325
otogar-1_1-260_1476395698.jpg,142,36,car plate,506,277,648,313
otogar-1_1-260_1476395699.jpg,226,58,car plate,413,456,639,514
otogar-1_1-260_1476395700.jpg,134,32,car plate,617,379,751,411
otogar-1_1-260_1476395702.jpg,166,35,car plate,608,337,774,372
otogar-1_1-260_1476395703.jpg,159,36,car plate,544,431,703,467
otogar-1_1-260_1476395704.jpg,148,36,car plate,648,287,796,323
otogar-1_1-260_1476395705.jpg,131,32,car plate,521,403,652,435
otogar-1_1-260_1476395706.jpg,145,33,car plate,582,303,727,336
otogar-1_1-260_1476395707.jpg,247,69,car plate,524,308,771,377
otogar-1_1-260_1476395708.jpg,250,77,car plate,158,556,408,633
otogar-1_1-260_1476395709.jpg,149,33,car plate,599,312,748,345
otogar-1_1-260_1476395710.jpg,134,35,car plate,661,291,795,326
otogar-1_1-260_1476395711.jpg,133,33,car plate,689,422,822,455
otogar-1_1-260_1476395713.jpg,124,27,car plate,670,315,794,342
otogar-1_1-260_1476395714.jpg,159,34,car plate,887,296,1046,330
otogar-1_1-260_1476395715.jpg,147,32,car plate,624,370,771,402
otogar-1_1-260_1476395717.jpg,239,60,car plate,199,508,438,568
otogar-1_1-260_1476395718.jpg,137,34,car plate,604,310,741,344
otogar-1_1-260_1476395719.jpg,141,34,car plate,564,384,705,418
otogar-1_1-260_1476395720.jpg,168,37,car plate,544,274,712,311
otogar-1_1-260_1476395721.jpg,147,35,car plate,552,430,699,465
otogar-1_1-260_1476395722.jpg,151,34,car plate,651,305,802,339
otogar-1_1-260_1476395724.jpg,158,36,car plate,568,373,726,409
otogar-1_1-260_1476395725.jpg,135,29,car plate,589,386,724,415
otogar-1_1-260_1476395726.jpg,153,34,car plate,735,398,888,432
otogar-1_1-260_1476395727.jpg,142,34,car plate,508,281,650,315
otogar-1_1-260_1476395728.jpg,260,85,car plate,178,601,438,686
otogar-1_1-260_1476395729.jpg,266,70,car plate,195,503,461,573
otogar-1_1-260_1476395730.jpg,148,33,car plate,595,264,743,297
otogar-1_1-260_1476395731.jpg,124,35,car plate,538,329,662,364
otogar-1_1-260_1476395732.jpg,159,44,car plate,601,304,760,348
otogar-1_1-260_1476395733.jpg,151,33,car plate,698,315,849,348
otogar-1_1-260_1476395735.jpg,144,35,car plate,750,465,894,500
otogar-1_1-260_1476395736.jpg,144,34,car plate,618,385,762,419
otogar-1_1-260_1476395737.jpg,198,46,car plate,344,445,542,491
otogar-1_1-260_1476395738.jpg,153,34,car plate,694,406,847,440
otogar-1_1-260_1476395739.jpg,150,33,car plate,633,308,783,341
otogar-1_1-260_1476395740.jpg,119,28,car plate,690,306,809,334
otogar-1_1-260_1476395741.jpg,201,46,car plate,759,211,960,257
otogar-1_1-260_1476395742.jpg,158,32,car plate,629,276,787,308
otogar-1_1-260_1476395743.jpg,146,35,car plate,685,367,831,402
otogar-1_1-260_1476395744.jpg,194,51,car plate,579,330,773,381
otogar-1_1-260_1476395746.jpg,259,70,car plate,92,278,351,348
otogar-1_1-260_1476395747.jpg,142,34,car plate,643,406,785,440
otogar-1_1-260_1476395748.jpg,243,71,car plate,117,502,360,573
otogar-1_1-260_1476395749.jpg,152,35,car plate,643,293,795,328
otogar-1_1-260_1476395750.jpg,144,32,car plate,694,407,838,439
otogar-1_1-260_1476395752.jpg,160,37,car plate,469,417,629,454
otogar-1_1-260_1476395753.jpg,118,26,car plate,678,318,796,344
otogar-1_1-260_1476395754.jpg,241,70,car plate,244,434,485,504
otogar-1_1-260_1476395755.jpg,162,36,car plate,587,380,749,416
otogar-1_1-260_1476395757.jpg,173,43,car plate,550,148,723,191
otogar-1_1-260_1476395758.jpg,152,33,car plate,652,311,804,344
otogar-1_1-260_1476395759.jpg,151,33,car plate,680,403,831,436
otogar-1_1-260_1476395760.jpg,241,67,car plate,319,284,560,351
otogar-1_1-260_1476395761.jpg,178,38,car plate,563,294,741,332
otogar-1_1-260_1476395762.jpg,191,55,car plate,403,351,594,406
otogar-1_1-260_1476395763.jpg,134,34,car plate,614,431,748,465
otogar-1_1-260_1476395764.jpg,146,36,car plate,640,306,786,342
otogar-1_1-260_1476395765.jpg,227,62,car plate,590,279,817,341
otogar-1_1-260_1476395766.jpg,136,34,car plate,572,419,708,453
otogar-1_1-260_1476395768.jpg,152,33,car plate,625,264,777,297
otogar-1_1-260_1476395769.jpg,160,43,car plate,608,300,768,343
otogar-1_1-260_1476395770.jpg,145,37,car plate,522,345,667,382
otogar-1_1-260_1476395771.jpg,164,36,car plate,649,395,813,431
otogar-1_1-260_1476395772.jpg,140,29,car plate,687,310,827,339
otogar-1_1-260_1476395773.jpg,132,35,car plate,758,461,890,496
otogar-1_1-260_1476395774.jpg,120,27,car plate,682,319,802,346
otogar-1_1-260_1476395775.jpg,135,34,car plate,587,429,722,463
otogar-1_1-260_1476395776.jpg,164,44,car plate,766,167,930,211
otogar-1_1-260_1476395777.jpg,147,33,car plate,410,299,557,332
otogar-1_1-260_1476395779.jpg,146,36,car plate,556,347,702,383
otogar-1_1-260_1476395780.jpg,141,29,car plate,781,448,922,477
otogar-1_1-260_1476395781.jpg,166,35,car plate,535,240,701,275
otogar-1_1-260_1476395782.jpg,146,34,car plate,674,343,820,377
otogar-1_1-260_1476395783.jpg,243,68,car plate,117,504,360,572
otogar-1_1-260_1476395784.jpg,142,33,car plate,662,393,804,426
otogar-1_1-260_1476395785.jpg,182,42,car plate,653,272,835,314
otogar-1_1-260_1476395786.jpg,135,34,car plate,584,434,719,468
otogar-1_1-260_1476395787.jpg,283,85,car plate,187,573,470,658
otogar-1_1-260_1476395788.jpg,245,69,car plate,116,503,361,572
otogar-1_1-260_1476395790.jpg,157,36,car plate,363,349,520,385
otogar-1_1-260_1476395791.jpg,158,45,car plate,541,327,699,372
otogar-1_1-260_1476395792.jpg,169,43,car plate,659,326,828,369
otogar-1_1-260_1476395793.jpg,143,36,car plate,524,340,667,376
otogar-1_1-260_1476395794.jpg,177,45,car plate,455,425,632,470
otogar-1_1-260_1476395795.jpg,136,32,car plate,591,413,727,445
otogar-1_1-260_1476395796.jpg,143,35,car plate,599,410,742,445
otogar-1_1-260_1476395797.jpg,144,35,car plate,433,325,577,360
otogar-1_1-260_1476395798.jpg,244,68,car plate,117,504,361,572
otogar-1_1-260_1476395799.jpg,176,43,car plate,791,177,967,220
otogar-1_1-260_1476395801.jpg,146,41,car plate,657,294,803,335
otogar-1_1-260_1476395802.jpg,135,33,car plate,575,412,710,445
otogar-1_1-260_1476395803.jpg,149,33,car plate,622,384,771,417
otogar-1_1-260_1476395804.jpg,198,43,car plate,451,345,649,388
otogar-1_1-260_1476395805.jpg,160,38,car plate,325,368,485,406
otogar-1_1-260_1476395806.jpg,175,38,car plate,795,273,970,311
otogar-1_1-260_1476395808.jpg,146,35,car plate,630,414,776,449
otogar-1_1-260_1476395809.jpg,150,34,car plate,718,313,868,347
otogar-1_1-260_1476395810.jpg,152,34,car plate,561,417,713,451
otogar-1_1-260_1476395812.jpg,173,43,car plate,820,181,993,224
otogar-1_1-260_1476395813.jpg,132,34,car plate,603,422,735,456
otogar-1_1-260_1476395814.jpg,255,63,car plate,115,394,370,457
otogar-1_1-260_1476395815.jpg,145,33,car plate,553,397,698,430
otogar-1_1-260_1476395816.jpg,146,29,car plate,681,317,827,346
otogar-1_1-260_1476395817.jpg,145,35,car plate,516,425,661,460
otogar-1_1-260_1476395818.jpg,183,42,car plate,341,363,524,405
otogar-1_1-260_1476395819.jpg,158,42,car plate,645,309,803,351
otogar-1_1-260_1476395820.jpg,221,55,car plate,258,461,479,516
otogar-1_1-260_1476395821.jpg,246,63,car plate,519,282,765,345
otogar-1_1-260_1476395823.jpg,134,32,car plate,625,378,759,410
otogar-1_1-260_1476395824.jpg,146,35,car plate,563,301,709,336
otogar-1_1-260_1476395826.jpg,141,33,car plate,515,426,656,459
otogar-1_1-260_1476395827.jpg,197,44,car plate,697,305,894,349
otogar-1_1-260_1476395828.jpg,107,24,car plate,679,278,786,302
otogar-1_1-260_1476395829.jpg,248,61,car plate,577,331,825,392
otogar-1_1-260_1476395830.jpg,150,41,car plate,632,291,782,332
otogar-1_1-260_1476395831.jpg,140,35,car plate,619,422,759,457
otogar-1_1-260_1476395832.jpg,214,55,car plate,539,499,753,554
otogar-1_1-260_1476395834.jpg,147,33,car plate,572,424,719,457
otogar-1_1-260_1476395835.jpg,140,29,car plate,530,400,670,429
otogar-1_1-260_1476395836.jpg,243,53,car plate,229,381,472,434
otogar-1_1-260_1476395837.jpg,153,37,car plate,577,442,730,479
otogar-1_1-260_1476395838.jpg,233,55,car plate,638,273,871,328
otogar-1_1-260_1476395839.jpg,213,45,car plate,630,333,843,378
otogar-1_1-260_1476395840.jpg,145,33,car plate,630,460,775,493
otogar-1_1-260_1476395841.jpg,149,33,car plate,620,388,769,421
otogar-1_1-260_1476395842.jpg,207,49,car plate,336,342,543,391
otogar-1_1-260_1476395843.jpg,127,29,car plate,675,407,802,436
otogar-1_1-260_1476395845.jpg,144,34,car plate,699,332,843,366
otogar-1_1-260_1476395846.jpg,160,44,car plate,629,298,789,342
otogar-1_1-260_1476395847.jpg,248,62,car plate,517,284,765,346
otogar-1_1-260_1476395848.jpg,147,34,car plate,695,318,842,352
otogar-1_1-260_1476395849.jpg,164,35,car plate,714,424,878,459
otogar-1_1-260_1476395850.jpg,193,59,car plate,459,353,652,412
otogar-1_1-260_1476395851.jpg,125,35,car plate,675,365,800,400
otogar-1_1-260_1476395852.jpg,128,28,car plate,703,374,831,402
otogar-1_1-260_1476395853.jpg,150,33,car plate,490,417,640,450
otogar-1_1-260_1476395854.jpg,165,34,car plate,650,423,815,457
otogar-1_1-260_1476395856.jpg,147,32,car plate,575,227,722,259
otogar-1_1-260_1476395857.jpg,216,53,car plate,457,320,673,373
otogar-1_1-260_1476395858.jpg,157,43,car plate,629,309,786,352
otogar-1_1-260_1476395859.jpg,212,53,car plate,319,401,531,454
otogar-1_1-260_1476395860.jpg,265,66,car plate,154,438,419,504
otogar-1_1-260_1476395861.jpg,156,36,car plate,681,431,837,467
otogar-1_1-260_1476395862.jpg,146,35,car plate,539,394,685,429
otogar-1_1-260_1476395863.jpg,146,34,car plate,736,366,882,400
otogar-1_1-260_1476395865.jpg,183,38,car plate,479,315,662,353
otogar-1_1-260_1476395867.jpg,147,36,car plate,581,439,728,475
otogar-1_1-260_1476395868.jpg,126,27,car plate,685,320,811,347
otogar-1_1-260_1476395869.jpg,144,41,car plate,689,380,833,421
otogar-1_1-260_1476395870.jpg,168,38,car plate,594,455,762,493
otogar-1_1-260_1476395872.jpg,159,42,car plate,609,298,768,340
otogar-1_1-260_1476395873.jpg,145,32,car plate,647,409,792,441
otogar-1_1-260_1476395874.jpg,182,43,car plate,344,309,526,352
otogar-1_1-260_1476395875.jpg,121,28,car plate,630,320,751,348
otogar-1_1-260_1476395878.jpg,214,60,car plate,243,169,457,229
otogar-1_1-260_1476395879.jpg,133,32,car plate,566,381,699,413
otogar-1_1-260_1476395880.jpg,172,46,car plate,539,337,711,383
otogar-1_1-260_1476395881.jpg,215,49,car plate,485,451,700,500
otogar-1_1-260_1476395882.jpg,251,60,car plate,597,378,848,438
otogar-1_1-260_1476395883.jpg,148,32,car plate,749,411,897,443
otogar-1_1-260_1476395884.jpg,182,46,car plate,580,413,762,459
otogar-1_1-260_1476395885.jpg,214,61,car plate,244,168,458,229
otogar-1_1-260_1476395886.jpg,193,41,car plate,366,306,559,347
otogar-1_1-260_1476395887.jpg,157,42,car plate,522,104,679,146
otogar-1_1-260_1476395889.jpg,116,26,car plate,669,325,785,351
otogar-1_1-260_1476395890.jpg,130,35,car plate,597,426,727,461
otogar-1_1-260_1476395891.jpg,148,29,car plate,605,423,753,452
otogar-1_1-260_1476395892.jpg,143,34,car plate,536,370,679,404
otogar-1_1-260_1476395893.jpg,143,32,car plate,623,386,766,418
otogar-1_1-260_1476395894.jpg,134,34,car plate,719,449,853,483
otogar-1_1-260_1476395895.jpg,197,58,car plate,530,354,727,412
otogar-1_1-260_1476395896.jpg,142,34,car plate,647,431,789,465
otogar-1_1-260_1476395897.jpg,163,35,car plate,688,253,851,288
otogar-1_1-260_1476395898.jpg,148,32,car plate,672,370,820,402
otogar-1_1-260_1476395900.jpg,146,38,car plate,754,467,900,505
otogar-1_1-260_1476395901.jpg,148,34,car plate,501,306,649,340
otogar-1_1-260_1476395902.jpg,146,34,car plate,645,399,791,433
otogar-1_1-260_1476395903.jpg,191,46,car plate,413,300,604,346
otogar-1_1-260_1476395904.jpg,180,49,car plate,593,317,773,366
otogar-1_1-260_1476395905.jpg,145,33,car plate,669,398,814,431
otogar-1_1-260_1476395906.jpg,159,35,car plate,487,318,646,353
otogar-1_1-260_1476395907.jpg,147,36,car plate,615,357,762,393
otogar-1_1-260_1476395908.jpg,141,32,car plate,626,285,767,317
otogar-1_1-260_1476395909.jpg,158,36,car plate,576,266,734,302
otogar-1_1-260_1476395911.jpg,147,33,car plate,736,412,883,445
otogar-1_1-260_1476395912.jpg,146,32,car plate,573,267,719,299
otogar-1_1-260_1476395913.jpg,147,32,car plate,679,388,826,420
otogar-1_1-260_1476395914.jpg,172,38,car plate,543,402,715,440
otogar-1_1-260_1476395915.jpg,145,33,car plate,594,245,739,278
otogar-1_1-260_1476395916.jpg,200,45,car plate,717,299,917,344
otogar-1_1-260_1476395917.jpg,150,34,car plate,572,327,722,361
otogar-1_1-260_1476395918.jpg,87,51,car plate,681,426,768,477
otogar-1_1-260_1476395919.jpg,191,42,car plate,632,296,823,338
otogar-1_1-260_1476395920.jpg,135,32,car plate,646,388,781,420
otogar-1_1-260_1476395922.jpg,161,42,car plate,895,176,1056,218
otogar-1_1-260_1476395923.jpg,124,32,car plate,658,393,782,425
otogar-1_1-260_1476395924.jpg,149,34,car plate,608,369,757,403
otogar-1_1-260_1476395925.jpg,239,67,car plate,314,397,553,464
otogar-1_1-260_1476395926.jpg,140,33,car plate,485,307,625,340
otogar-1_1-260_1476395927.jpg,145,34,car plate,456,368,601,402
otogar-1_1-260_1476395928.jpg,126,27,car plate,670,371,796,398
otogar-1_1-260_1476395929.jpg,104,24,car plate,652,277,756,301
otogar-1_1-260_1476395930.jpg,157,35,car plate,437,304,594,339
otogar-1_1-260_1476395931.jpg,230,61,car plate,78,523,308,584
otogar-1_1-260_1476395933.jpg,135,28,car plate,593,384,728,412
otogar-1_1-260_1476395934.jpg,164,36,car plate,586,446,750,482
otogar-1_1-260_1476395935.jpg,129,33,car plate,693,420,822,453
otogar-1_1-260_1476395936.jpg,145,33,car plate,495,307,640,340
otogar-1_1-260_1476395937.jpg,142,36,car plate,496,271,638,307
otogar-1_1-260_1476395938.jpg,147,33,car plate,603,403,750,436
otogar-1_1-260_1476395939.jpg,164,35,car plate,667,439,831,474
otogar-1_1-260_1476395940.jpg,128,34,car plate,625,420,753,454
otogar-1_1-260_1476395941.jpg,143,33,car plate,640,304,783,337
otogar-1_1-260_1476395942.jpg,143,36,car plate,956,130,1099,166
otogar-1_1-260_1476395944.jpg,141,32,car plate,617,397,758,429
otogar-1_1-260_1476395945.jpg,197,49,car plate,416,433,613,482
otogar-1_1-260_1476395946.jpg,149,35,car plate,669,402,818,437
otogar-1_1-260_1476395947.jpg,222,49,car plate,670,307,892,356
otogar-1_1-260_1476395948.jpg,119,29,car plate,669,315,788,344
otogar-1_1-260_1476395949.jpg,114,25,car plate,646,290,760,315
otogar-1_1-260_1476395950.jpg,156,38,car plate,559,430,715,468
otogar-1_1-260_1476395951.jpg,130,34,car plate,583,433,713,467
otogar-1_1-260_1476395952.jpg,156,34,car plate,635,305,791,339
otogar-1_1-260_1476395953.jpg,136,29,car plate,648,403,784,432
otogar-1_1-260_1476395955.jpg,162,36,car plate,480,280,642,316
otogar-1_1-260_1476395956.jpg,216,49,car plate,614,323,830,372
otogar-1_1-260_1476395957.jpg,262,71,car plate,76,429,338,500
otogar-1_1-260_1476395958.jpg,137,32,car plate,603,382,740,414
otogar-1_1-260_1476395959.jpg,168,41,car plate,381,420,549,461
otogar-1_1-260_1476395960.jpg,150,41,car plate,693,298,843,339
otogar-1_1-260_1476395961.jpg,150,34,car plate,605,306,755,340
otogar-1_1-260_1476395962.jpg,126,33,car plate,686,414,812,447
otogar-1_1-260_1476395963.jpg,181,41,car plate,592,479,773,520
otogar-1_1-260_1476395964.jpg,146,34,car plate,632,399,778,433
otogar-1_1-260_1476395966.jpg,150,35,car plate,571,219,721,254
otogar-1_1-260_1476395967.jpg,144,33,car plate,616,347,760,380
otogar-1_1-260_1476395968.jpg,254,68,car plate,277,512,531,580
otogar-1_1-260_1476395969.jpg,120,27,car plate,725,324,845,351
otogar-1_1-260_1476395970.jpg,198,53,car plate,488,396,686,449
otogar-1_1-260_1476395971.jpg,256,63,car plate,161,433,417,496
otogar-1_1-260_1476395972.jpg,149,37,car plate,930,148,1079,185
otogar-1_1-260_1476395973.jpg,150,33,car plate,608,297,758,330
otogar-1_1-260_1476395974.jpg,217,62,car plate,441,427,658,489
otogar-1_1-260_1476395975.jpg,132,33,car plate,680,421,812,454
otogar-1_1-260_1476395977.jpg,202,50,car plate,520,430,722,480
otogar-1_1-260_1476395978.jpg,127,72,car plate,87,583,214,655
otogar-1_1-260_1476395979.jpg,202,44,car plate,436,315,638,359
otogar-1_1-260_1476395980.jpg,152,34,car plate,675,431,827,465
otogar-1_1-260_1476395981.jpg,163,38,car plate,620,373,783,411
otogar-1_1-260_1476395982.jpg,146,33,car plate,584,293,730,326
otogar-1_1-260_1476395983.jpg,206,50,car plate,425,161,631,211
otogar-1_1-260_1476395984.jpg,270,87,car plate,207,528,477,615
otogar-1_1-260_1476395985.jpg,117,25,car plate,685,278,802,303
otogar-1_1-260_1476395986.jpg,165,44,car plate,788,143,953,187
otogar-1_1-260_1476395988.jpg,145,32,car plate,619,371,764,403
otogar-1_1-260_1476395989.jpg,159,34,car plate,590,271,749,305
otogar-1_1-260_1476395990.jpg,143,33,car plate,582,321,725,354
otogar-1_1-260_1476395991.jpg,124,32,car plate,584,327,708,359
otogar-1_1-260_1476395992.jpg,143,28,car plate,659,387,802,415
otogar-1_1-260_1476395993.jpg,262,76,car plate,224,462,486,538
otogar-1_1-260_1476395994.jpg,131,34,car plate,661,433,792,467
otogar-1_1-260_1476395995.jpg,146,36,car plate,907,137,1053,173
otogar-1_1-260_1476395996.jpg,140,34,car plate,572,365,712,399
otogar-1_1-260_1476395997.jpg,127,33,car plate,644,410,771,443
otogar-1_1-260_1476395999.jpg,209,50,car plate,508,347,717,397
otogar-1_1-260_1476396000.jpg,145,33,car plate,621,304,766,337
otogar-1_1-260_1476396001.jpg,184,49,car plate,563,406,747,455
otogar-1_1-260_1476396002.jpg,163,35,car plate,565,263,728,298
otogar-1_1-260_1476396003.jpg,266,63,car plate,295,474,561,537
otogar-1_1-260_1476396004.jpg,120,27,car plate,666,306,786,333
otogar-1_1-260_1476396005.jpg,153,36,car plate,620,434,773,470
otogar-1_1-260_1476396006.jpg,243,87,car plate,95,473,338,560
otogar-1_1-260_1476396007.jpg,144,32,car plate,548,398,692,430
otogar-1_1-260_1476396008.jpg,156,41,car plate,761,153,917,194
otogar-1_1-260_1476396010.jpg,144,34,car plate,591,407,735,441
otogar-1_1-260_1476396011.jpg,210,55,car plate,354,417,564,472
otogar-1_1-260_1476396012.jpg,181,51,car plate,543,337,724,388
otogar-1_1-260_1476396013.jpg,146,41,car plate,661,390,807,431
otogar-1_1-260_1476396014.jpg,181,42,car plate,632,281,813,323
otogar-1_1-260_1476396015.jpg,126,33,car plate,688,419,814,452
otogar-1_1-260_1476396016.jpg,128,29,car plate,633,321,761,350
otogar-1_1-260_1476396017.jpg,91,20,car plate,704,262,795,282
otogar-1_1-260_1476396018.jpg,143,35,car plate,989,138,1132,173
otogar-1_1-260_1476396019.jpg,150,33,car plate,721,406,871,439
otogar-1_1-260_1476396021.jpg,142,33,car plate,551,392,693,425
otogar-1_1-260_1476396022.jpg,131,35,car plate,661,433,792,468
otogar-1_1-260_1476396023.jpg,231,59,car plate,424,381,655,440
otogar-1_1-260_1476396024.jpg,163,45,car plate,558,315,721,360
otogar-1_1-260_1476396025.jpg,141,35,car plate,586,348,727,383
otogar-1_1-260_1476396026.jpg,195,43,car plate,496,305,691,348
otogar-1_1-260_1476396027.jpg,141,36,car plate,674,452,815,488
otogar-1_1-260_1476396028.jpg,194,44,car plate,366,314,560,358
otogar-1_1-260_1476396029.jpg,142,32,car plate,629,400,771,432
otogar-1_1-260_1476396030.jpg,119,27,car plate,546,299,665,326
otogar-1_1-260_1476396032.jpg,210,50,car plate,395,327,605,377
otogar-1_1-260_1476396033.jpg,134,29,car plate,597,422,731,451
otogar-1_1-260_1476396034.jpg,146,35,car plate,683,317,829,352
otogar-1_1-260_1476396035.jpg,121,27,car plate,715,315,836,342
otogar-1_1-260_1476396036.jpg,120,34,car plate,558,387,678,421
otogar-1_1-260_1476396037.jpg,149,37,car plate,574,288,723,325
otogar-1_1-260_1476396038.jpg,146,34,car plate,575,368,721,402
otogar-1_1-260_1476396039.jpg,164,42,car plate,433,394,597,436
otogar-1_1-260_1476396040.jpg,175,44,car plate,793,179,968,223
otogar-1_1-260_1476396043.jpg,136,34,car plate,609,432,745,466
otogar-1_1-260_1476396044.jpg,146,32,car plate,561,331,707,363
otogar-1_1-260_1476396045.jpg,150,34,car plate,722,298,872,332
otogar-1_1-260_1476396046.jpg,233,75,car plate,100,413,333,488
otogar-1_1-260_1476396047.jpg,126,34,car plate,683,433,809,467
otogar-1_1-260_1476396048.jpg,140,38,car plate,905,138,1045,176
otogar-1_1-260_1476396049.jpg,148,33,car plate,712,411,860,444
otogar-1_1-260_1476396050.jpg,190,41,car plate,571,305,761,346
otogar-1_1-260_1476396051.jpg,241,66,car plate,316,517,557,583
otogar-1_1-260_1476396052.jpg,147,32,car plate,572,257,719,289
otogar-1_1-260_1476396054.jpg,140,38,car plate,722,422,862,460
otogar-1_1-260_1476396055.jpg,233,60,car plate,437,472,670,532
otogar-1_1-260_1476396056.jpg,134,33,car plate,650,271,784,304
otogar-1_1-260_1476396057.jpg,159,34,car plate,705,431,864,465
otogar-1_1-260_1476396058.jpg,146,37,car plate,607,367,753,404
otogar-1_1-260_1476396059.jpg,174,38,car plate,488,397,662,435
otogar-1_1-260_1476396060.jpg,146,32,car plate,583,297,729,329
otogar-1_1-260_1476396061.jpg,229,66,car plate,289,462,518,528
otogar-1_1-260_1476396062.jpg,159,37,car plate,518,380,677,417
otogar-1_1-260_1476396063.jpg,163,37,car plate,514,289,677,326
otogar-1_1-260_1476396065.jpg,158,33,car plate,887,235,1045,268
otogar-1_1-260_1476396066.jpg,158,44,car plate,588,306,746,350
otogar-1_1-260_1476396067.jpg,212,52,car plate,206,208,418,260
otogar-1_1-260_1476396068.jpg,142,36,car plate,547,429,689,465
otogar-1_1-260_1476396069.jpg,146,32,car plate,702,403,848,435
otogar-1_1-260_1476396071.jpg,142,38,car plate,806,146,948,184
otogar-1_1-260_1476396072.jpg,266,87,car plate,37,540,303,627
otogar-1_1-260_1476396073.jpg,194,44,car plate,664,308,858,352
otogar-1_1-260_1476396074.jpg,136,28,car plate,480,423,616,451
otogar-1_1-260_1476396076.jpg,148,32,car plate,520,406,668,438
otogar-1_1-260_1476396077.jpg,135,32,car plate,712,414,847,446
otogar-1_1-260_1476396078.jpg,246,72,car plate,397,465,643,537
otogar-1_1-260_1476396079.jpg,160,38,car plate,415,386,575,424
otogar-1_1-260_1476396080.jpg,242,63,car plate,0,299,242,362
otogar-1_1-260_1476396081.jpg,205,41,car plate,776,311,981,352
otogar-1_1-260_1476396082.jpg,177,36,car plate,637,297,814,333
otogar-1_1-260_1476396083.jpg,255,60,car plate,65,267,320,327
otogar-1_1-260_1476396084.jpg,265,75,car plate,54,535,319,610
otogar-1_1-260_1476396085.jpg,134,36,car plate,644,433,778,469
otogar-1_1-260_1476396087.jpg,141,34,car plate,577,417,718,451
otogar-1_1-260_1476396088.jpg,158,41,car plate,841,155,999,196
otogar-1_1-260_1476396089.jpg,147,37,car plate,656,344,803,381
otogar-1_1-260_1476396090.jpg,272,58,car plate,616,393,888,451
otogar-1_1-260_1476396091.jpg,202,49,car plate,499,410,701,459
otogar-1_1-260_1476396092.jpg,146,33,car plate,710,307,856,340
otogar-1_1-260_1476396093.jpg,133,34,car plate,667,430,800,464
otogar-1_1-260_1476396094.jpg,174,49,car plate,538,306,712,355
otogar-1_1-260_1476396095.jpg,200,51,car plate,449,125,649,176
otogar-1_1-260_1476396096.jpg,189,43,car plate,720,192,909,235
otogar-1_1-260_1476396098.jpg,146,28,car plate,561,416,707,444
otogar-1_1-260_1476396099.jpg,140,29,car plate,595,374,735,403
otogar-1_1-260_1476396100.jpg,117,26,car plate,670,319,787,345
otogar-1_1-260_1476396101.jpg,130,35,car plate,778,437,908,472
otogar-1_1-260_1476396102.jpg,136,33,car plate,579,284,715,317
otogar-1_1-260_1476396103.jpg,221,55,car plate,487,357,708,412
otogar-1_1-260_1476396104.jpg,153,32,car plate,684,420,837,452
otogar-1_1-260_1476396105.jpg,156,43,car plate,663,305,819,348
otogar-1_1-260_1476396106.jpg,173,42,car plate,550,405,723,447
otogar-1_1-260_1476396107.jpg,217,46,car plate,680,336,897,382
otogar-1_1-260_1476396109.jpg,173,41,car plate,859,172,1032,213
otogar-1_1-260_1476396110.jpg,159,35,car plate,680,435,839,470
otogar-1_1-260_1476396111.jpg,149,34,car plate,481,379,630,413
otogar-1_1-260_1476396112.jpg,186,49,car plate,488,391,674,440
otogar-1_1-260_1476396113.jpg,146,36,car plate,693,297,839,333
otogar-1_1-260_1476396114.jpg,140,34,car plate,802,445,942,479
otogar-1_1-260_1476396115.jpg,223,52,car plate,709,339,932,391
otogar-1_1-260_1476396116.jpg,167,42,car plate,827,173,994,215
otogar-1_1-260_1476396117.jpg,212,60,car plate,379,361,591,421
otogar-1_1-260_1476396118.jpg,145,33,car plate,643,402,788,435
otogar-1_1-260_1476396120.jpg,196,45,car plate,364,436,560,481
otogar-1_1-260_1476396121.jpg,148,34,car plate,596,310,744,344
otogar-1_1-260_1476396122.jpg,132,34,car plate,665,425,797,459
otogar-1_1-260_1476396123.jpg,152,32,car plate,627,432,779,464
otogar-1_1-260_1476396124.jpg,141,32,car plate,478,315,619,347
otogar-1_1-260_1476396125.jpg,177,41,car plate,801,271,978,312
otogar-1_1-260_1476396127.jpg,140,29,car plate,571,381,711,410
otogar-1_1-260_1476396128.jpg,165,42,car plate,797,227,962,269
otogar-1_1-260_1476396129.jpg,194,45,car plate,441,330,635,375
otogar-1_1-260_1476396131.jpg,136,38,car plate,735,450,871,488
otogar-1_1-260_1476396132.jpg,115,27,car plate,640,323,755,350
otogar-1_1-260_1476396133.jpg,200,45,car plate,471,434,671,479
otogar-1_1-260_1476396134.jpg,147,33,car plate,677,405,824,438
otogar-1_1-260_1476396135.jpg,209,52,car plate,323,379,532,431
otogar-1_1-260_1476396136.jpg,142,36,car plate,657,412,799,448
otogar-1_1-260_1476396137.jpg,157,38,car plate,727,168,884,206
otogar-1_1-260_1476396138.jpg,142,34,car plate,525,440,667,474
otogar-1_1-260_1476396139.jpg,141,28,car plate,553,307,694,335
otogar-1_1-260_1476396140.jpg,174,38,car plate,722,260,896,298
otogar-1_1-260_1476396142.jpg,148,33,car plate,506,408,654,441
otogar-1_1-260_1476396143.jpg,142,37,car plate,608,451,750,488
otogar-1_1-260_1476396144.jpg,169,50,car plate,618,330,787,380
otogar-1_1-260_1476396145.jpg,132,29,car plate,577,397,709,426
otogar-1_1-260_1476396146.jpg,183,44,car plate,479,107,662,151
otogar-1_1-260_1476396147.jpg,136,36,car plate,580,423,716,459
otogar-1_1-260_1476396148.jpg,143,29,car plate,566,257,709,286
otogar-1_1-260_1476396149.jpg,174,44,car plate,566,338,740,382
otogar-1_1-260_1476396150.jpg,194,44,car plate,760,305,954,349
otogar-1_1-260_1476396151.jpg,137,32,car plate,665,420,802,452
otogar-1_1-260_1476396153.jpg,152,35,car plate,618,403,770,438
otogar-1_1-260_1476396154.jpg,205,66,car plate,403,358,608,424
otogar-1_1-260_1476396155.jpg,223,53,car plate,631,271,854,324
otogar-1_1-260_1476396156.jpg,145,35,car plate,524,378,669,413
otogar-1_1-260_1476396157.jpg,108,24,car plate,682,278,790,302
otogar-1_1-260_1476396158.jpg,194,43,car plate,478,332,672,375
otogar-1_1-260_1476396159.jpg,150,35,car plate,654,475,804,510
otogar-1_1-260_1476396160.jpg,190,44,car plate,614,345,804,389
otogar-1_1-260_1476396161.jpg,152,37,car plate,810,128,962,165
otogar-1_1-260_1476396162.jpg,160,35,car plate,655,326,815,361
otogar-1_1-260_1476396164.jpg,132,33,car plate,666,420,798,453
otogar-1_1-260_1476396165.jpg,102,23,car plate,564,279,666,302
otogar-1_1-260_1476396166.jpg,126,27,car plate,687,314,813,341
otogar-1_1-260_1476396167.jpg,161,36,car plate,632,270,793,306
otogar-1_1-260_1476396168.jpg,131,33,car plate,674,431,805,464
otogar-1_1-260_1476396169.jpg,146,36,car plate,897,128,1043,164
otogar-1_1-260_1476396170.jpg,150,34,car plate,542,414,692,448
otogar-1_1-260_1476396171.jpg,191,43,car plate,768,305,959,348
otogar-1_1-260_1476396172.jpg,133,34,car plate,630,418,763,452
otogar-1_1-260_1476396173.jpg,141,29,car plate,647,391,788,420
otogar-1_1-260_1476396175.jpg,162,34,car plate,683,420,845,454
otogar-1_1-260_1476396176.jpg,162,35,car plate,566,278,728,313
otogar-1_1-260_1476396177.jpg,127,35,car plate,677,425,804,460
otogar-1_1-260_1476396178.jpg,141,35,car plate,687,280,828,315
otogar-1_1-260_1476396179.jpg,261,70,car plate,497,308,758,378
otogar-1_1-260_1476396180.jpg,126,35,car plate,673,375,799,410
otogar-1_1-260_1476396181.jpg,193,45,car plate,379,318,572,363
otogar-1_1-260_1476396182.jpg,149,36,car plate,517,437,666,473
otogar-1_1-260_1476396183.jpg,148,33,car plate,532,442,680,475
otogar-1_1-260_1476396184.jpg,109,23,car plate,669,288,778,311
otogar-1_1-260_1476396186.jpg,143,32,car plate,622,348,765,380
otogar-1_1-260_1476396187.jpg,212,55,car plate,577,246,789,301
otogar-1_1-260_1476396188.jpg,141,29,car plate,615,373,756,402
otogar-1_1-260_1476396189.jpg,129,34,car plate,513,360,642,394
otogar-1_1-260_1476396190.jpg,192,45,car plate,781,323,973,368
otogar-1_1-260_1476396191.jpg,147,37,car plate,628,349,775,386
otogar-1_1-260_1476396192.jpg,152,34,car plate,610,270,762,304
otogar-1_1-260_1476396193.jpg,144,33,car plate,483,409,627,442
otogar-1_1-260_1476396194.jpg,146,35,car plate,685,309,831,344
otogar-1_1-260_1476396195.jpg,149,34,car plate,570,303,719,337
otogar-1_1-260_1476396197.jpg,137,29,car plate,606,387,743,416
otogar-1_1-260_1476396198.jpg,121,29,car plate,733,314,854,343
otogar-1_1-260_1476396199.jpg,133,34,car plate,710,421,843,455
otogar-1_1-260_1476396200.jpg,184,45,car plate,590,392,774,437
otogar-1_1-260_1476396201.jpg,152,33,car plate,690,425,842,458
otogar-1_1-260_1476396202.jpg,197,45,car plate,695,216,892,261
otogar-1_1-260_1476396203.jpg,140,29,car plate,518,386,658,415
otogar-1_1-260_1476396204.jpg,133,35,car plate,681,439,814,474
otogar-1_1-260_1476396205.jpg,185,46,car plate,313,386,498,432
otogar-1_1-260_1476396206.jpg,166,41,car plate,855,162,1021,203
otogar-1_1-260_1476396208.jpg,161,35,car plate,585,278,746,313
otogar-1_1-260_1476396209.jpg,133,28,car plate,599,360,732,388
otogar-1_1-260_1476396210.jpg,172,49,car plate,596,304,768,353
otogar-1_1-260_1476396211.jpg,130,33,car plate,718,429,848,462
otogar-1_1-260_1476396212.jpg,140,32,car plate,567,393,707,425
otogar-1_1-260_1476396213.jpg,144,32,car plate,641,404,785,436
otogar-1_1-260_1476396215.jpg,150,33,car plate,716,411,866,444
otogar-1_1-260_1476396216.jpg,121,26,car plate,627,302,748,328
otogar-1_1-260_1476396217.jpg,176,44,car plate,802,178,978,222
otogar-1_1-260_1476396219.jpg,127,34,car plate,690,401,817,435
otogar-1_1-260_1476396220.jpg,118,28,car plate,723,316,841,344
otogar-1_1-260_1476396221.jpg,244,71,car plate,190,508,434,579
otogar-1_1-260_1476396222.jpg,230,51,car plate,205,280,435,331
otogar-1_1-260_1476396223.jpg,130,33,car plate,722,430,852,463
otogar-1_1-260_1476396224.jpg,145,36,car plate,536,391,681,427
otogar-1_1-260_1476396225.jpg,156,33,car plate,513,228,669,261
otogar-1_1-260_1476396226.jpg,146,36,car plate,664,302,810,338
otogar-1_1-260_1476396227.jpg,136,28,car plate,608,247,744,275
otogar-1_1-260_1476396228.jpg,205,50,car plate,369,373,574,423
otogar-1_1-260_1476396230.jpg,147,33,car plate,580,327,727,360
otogar-1_1-260_1476396231.jpg,130,29,car plate,581,422,711,451
otogar-1_1-260_1476396232.jpg,121,29,car plate,716,331,837,360
otogar-1_1-260_1476396233.jpg,147,34,car plate,656,409,803,443
otogar-1_1-260_1476396234.jpg,151,34,car plate,489,424,640,458
otogar-1_1-260_1476396235.jpg,135,29,car plate,612,391,747,420
otogar-1_1-260_1476396236.jpg,146,33,car plate,632,316,778,349
otogar-1_1-260_1476396237.jpg,148,32,car plate,694,405,842,437
otogar-1_1-260_1476396238.jpg,143,34,car plate,586,406,729,440
otogar-1_1-260_1476396239.jpg,132,29,car plate,538,407,670,436
otogar-1_1-260_1476396241.jpg,214,53,car plate,425,406,639,459
otogar-1_1-260_1476396242.jpg,143,37,car plate,614,408,757,445
otogar-1_1-260_1476396243.jpg,128,28,car plate,661,337,789,365
otogar-1_1-260_1476396244.jpg,161,34,car plate,681,429,842,463
otogar-1_1-260_1476396245.jpg,140,32,car plate,603,389,743,421
otogar-1_1-260_1476396246.jpg,130,35,car plate,704,434,834,469
otogar-1_1-260_1476396247.jpg,112,25,car plate,594,291,706,316
otogar-1_1-260_1476396248.jpg,141,32,car plate,518,287,659,319
otogar-1_1-260_1476396249.jpg,146,32,car plate,609,384,755,416
otogar-1_1-260_1476396250.jpg,128,33,car plate,631,420,759,453
otogar-1_1-260_1476396252.jpg,161,37,car plate,865,152,1026,189
otogar-1_1-260_1476396253.jpg,146,34,car plate,667,425,813,459
otogar-1_1-260_1476396254.jpg,159,36,car plate,579,296,738,332
otogar-1_1-260_1476396255.jpg,165,42,car plate,574,329,739,371
otogar-1_1-260_1476396256.jpg,142,32,car plate,606,355,748,387
otogar-1_1-260_1476396257.jpg,125,34,car plate,729,432,854,466
otogar-1_1-260_1476396258.jpg,142,32,car plate,675,396,817,428
otogar-1_1-260_1476396259.jpg,143,32,car plate,642,382,785,414
otogar-1_1-260_1476396260.jpg,141,29,car plate,598,210,739,239
otogar-1_1-260_1476396261.jpg,110,24,car plate,714,239,824,263
otogar-1_1-260_1476396263.jpg,143,37,car plate,630,354,773,391
otogar-1_1-260_1476396264.jpg,180,50,car plate,583,339,763,389
otogar-1_1-260_1476396265.jpg,136,33,car plate,712,386,848,419
otogar-1_1-260_1476396266.jpg,211,44,car plate,790,315,1001,359
otogar-1_1-260_1476396267.jpg,119,26,car plate,700,321,819,347
otogar-1_1-260_1476396268.jpg,136,32,car plate,598,386,734,418
otogar-1_1-260_1476396269.jpg,157,33,car plate,703,388,860,421
otogar-1_1-260_1476396270.jpg,135,35,car plate,662,420,797,455
otogar-1_1-260_1476396271.jpg,157,41,car plate,672,308,829,349
otogar-1_1-260_1476396272.jpg,145,35,car plate,705,353,850,388
otogar-1_1-260_1476396274.jpg,69,20,car plate,732,268,801,288
otogar-1_1-260_1476396275.jpg,132,28,car plate,597,254,729,282
otogar-1_1-260_1476396276.jpg,165,37,car plate,567,269,732,306
otogar-1_1-260_1476396277.jpg,147,32,car plate,540,396,687,428
otogar-1_1-260_1476396278.jpg,140,29,car plate,549,285,689,314
otogar-1_1-260_1476396279.jpg,207,58,car plate,171,363,378,421
otogar-1_1-260_1476396280.jpg,158,36,car plate,627,440,785,476
otogar-1_1-260_1476396281.jpg,130,33,car plate,642,413,772,446
otogar-1_1-260_1476396282.jpg,150,41,car plate,806,154,956,195
otogar-1_1-260_1476396283.jpg,142,34,car plate,559,343,701,377
otogar-1_1-260_1476396285.jpg,109,25,car plate,640,285,749,310
otogar-1_1-260_1476396286.jpg,136,38,car plate,785,486,921,524
otogar-1_1-260_1476396287.jpg,158,35,car plate,466,346,624,381
otogar-1_1-260_1476396288.jpg,152,34,car plate,555,416,707,450
otogar-1_1-260_1476396289.jpg,126,27,car plate,678,300,804,327
otogar-1_1-260_1476396290.jpg,141,33,car plate,633,392,774,425
otogar-1_1-260_1476396291.jpg,150,33,car plate,513,413,663,446
otogar-1_1-260_1476396292.jpg,146,32,car plate,640,296,786,328
otogar-1_1-260_1476396293.jpg,127,34,car plate,673,417,800,451
otogar-1_1-260_1476396294.jpg,126,32,car plate,776,339,902,371
otogar-1_1-260_1476396296.jpg,156,33,car plate,708,317,864,350
otogar-1_1-260_1476396297.jpg,141,32,car plate,602,447,743,479
otogar-1_1-260_1476396298.jpg,127,28,car plate,659,333,786,361
otogar-1_1-260_1476396299.jpg,178,43,car plate,814,184,992,227
otogar-1_1-260_1476396300.jpg,141,34,car plate,692,408,833,442
otogar-1_1-260_1476396301.jpg,140,29,car plate,550,397,690,426
otogar-1_1-260_1476396302.jpg,136,28,car plate,643,403,779,431
otogar-1_1-260_1476396303.jpg,150,35,car plate,668,412,818,447
otogar-1_1-260_1476396304.jpg,126,34,car plate,719,433,845,467
otogar-1_1-260_1476396305.jpg,126,28,car plate,723,331,849,359
otogar-1_1-260_1476396307.jpg,180,49,car plate,511,379,691,428
otogar-1_1-260_1476396308.jpg,152,36,car plate,581,364,733,400
otogar-1_1-260_1476396309.jpg,152,34,car plate,696,371,848,405
otogar-1_1-260_1476396310.jpg,137,32,car plate,602,399,739,431
otogar-1_1-260_1476396311.jpg,136,36,car plate,738,477,874,513
otogar-1_1-260_1476396312.jpg,196,46,car plate,319,420,515,466
otogar-1_1-260_1476396313.jpg,147,29,car plate,641,425,788,454
otogar-1_1-260_1476396314.jpg,164,38,car plate,631,367,795,405
otogar-1_1-260_1476396315.jpg,147,35,car plate,692,315,839,350
otogar-1_1-260_1476396316.jpg,149,36,car plate,714,299,863,335
otogar-1_1-260_1476396318.jpg,129,34,car plate,667,411,796,445
otogar-1_1-260_1476396319.jpg,146,33,car plate,680,401,826,434
otogar-1_1-260_1476396320.jpg,127,33,car plate,572,187,699,220
otogar-1_1-260_1476396321.jpg,126,27,car plate,703,329,829,356
otogar-1_1-260_1476396322.jpg,162,37,car plate,677,359,839,396
otogar-1_1-260_1476396322.jpg,109,29,car plate,426,152,535,181
otogar-1_1-260_1476396323.jpg,146,37,car plate,671,304,817,341
otogar-1_1-260_1476396324.jpg,117,29,car plate,676,323,793,352
otogar-1_1-260_1476396325.jpg,141,32,car plate,554,305,695,337
otogar-1_1-260_1476396326.jpg,147,36,car plate,703,413,850,449
otogar-1_1-260_1476396327.jpg,136,29,car plate,655,388,791,417
otogar-1_1-260_1476396330.jpg,156,41,car plate,618,237,774,278
otogar-1_1-260_1476396331.jpg,145,35,car plate,571,299,716,334
otogar-1_1-260_1476396332.jpg,129,34,car plate,690,423,819,457
otogar-1_1-260_1476396333.jpg,147,29,car plate,701,378,848,407
otogar-1_1-260_1476396334.jpg,190,44,car plate,536,407,726,451
otogar-1_1-260_1476396335.jpg,147,35,car plate,572,362,719,397
otogar-1_1-260_1476396336.jpg,157,38,car plate,497,113,654,151
otogar-1_1-260_1476396337.jpg,163,43,car plate,944,155,1107,198
otogar-1_1-260_1476396340.jpg,234,59,car plate,270,395,504,454
otogar-1_1-260_1476396341.jpg,174,41,car plate,462,418,636,459
otogar-1_1-260_1476396342.jpg,132,34,car plate,474,388,606,422
otogar-1_1-260_1476396343.jpg,146,33,car plate,583,338,729,371
otogar-1_1-260_1476396344.jpg,143,36,car plate,647,455,790,491
otogar-1_1-260_1476396345.jpg,173,37,car plate,857,259,1030,296
otogar-1_1-260_1476396346.jpg,147,34,car plate,654,347,801,381
otogar-1_1-260_1476396347.jpg,149,35,car plate,624,351,773,386
otogar-1_1-260_1476396348.jpg,134,32,car plate,671,277,805,309
otogar-1_1-260_1476396349.jpg,148,34,car plate,655,409,803,443
otogar-1_1-260_1476396351.jpg,137,36,car plate,652,486,789,522
otogar-1_1-260_1476396352.jpg,125,36,car plate,612,428,737,464
otogar-1_1-260_1476396353.jpg,166,41,car plate,799,189,965,230
otogar-1_1-260_1476396354.jpg,175,44,car plate,537,275,712,319
otogar-1_1-260_1476396355.jpg,145,32,car plate,553,297,698,329
otogar-1_1-260_1476396356.jpg,194,49,car plate,464,318,658,367
otogar-1_1-260_1476396357.jpg,156,42,car plate,884,157,1040,199
otogar-1_1-260_1476396358.jpg,137,33,car plate,672,432,809,465
otogar-1_1-260_1476396359.jpg,144,33,car plate,595,399,739,432
otogar-1_1-260_1476396360.jpg,135,28,car plate,642,326,777,354
otogar-1_1-260_1476396362.jpg,143,36,car plate,503,243,646,279
otogar-1_1-260_1476396363.jpg,159,35,car plate,733,421,892,456
otogar-1_1-260_1476396364.jpg,161,36,car plate,484,294,645,330
otogar-1_1-260_1476396365.jpg,148,32,car plate,742,397,890,429
otogar-1_1-260_1476396366.jpg,215,54,car plate,418,418,633,472
otogar-1_1-260_1476396367.jpg,142,33,car plate,589,389,731,422
otogar-1_1-260_1476396368.jpg,125,32,car plate,692,419,817,451
otogar-1_1-260_1476396369.jpg,167,45,car plate,596,292,763,337
otogar-1_1-260_1476396370.jpg,161,35,car plate,652,388,813,423
otogar-1_1-260_1476396371.jpg,165,41,car plate,650,281,815,322
otogar-1_1-260_1476396373.jpg,137,37,car plate,829,114,966,151
otogar-1_1-260_1476396374.jpg,151,33,car plate,661,433,812,466
otogar-1_1-260_1476396375.jpg,150,33,car plate,662,324,812,357
otogar-1_1-260_1476396376.jpg,135,37,car plate,591,432,726,469
otogar-1_1-260_1476396377.jpg,136,33,car plate,567,386,703,419
otogar-1_1-260_1476396378.jpg,147,33,car plate,608,390,755,423
otogar-1_1-260_1476396379.jpg,192,46,car plate,491,402,683,448
otogar-1_1-260_1476396380.jpg,150,35,car plate,681,303,831,338
otogar-1_1-260_1476396381.jpg,153,33,car plate,662,420,815,453
otogar-1_1-260_1476396384.jpg,144,32,car plate,671,397,815,429
otogar-1_1-260_1476396385.jpg,130,29,car plate,600,393,730,422
otogar-1_1-260_1476396386.jpg,134,35,car plate,676,431,810,466
otogar-1_1-260_1476396387.jpg,195,44,car plate,429,306,624,350
otogar-1_1-260_1476396388.jpg,274,79,car plate,141,535,415,614
otogar-1_1-260_1476396389.jpg,125,33,car plate,565,216,690,249
otogar-1_1-260_1476396390.jpg,159,35,car plate,619,397,778,432
otogar-1_1-260_1476396391.jpg,144,32,car plate,581,390,725,422
otogar-1_1-260_1476396392.jpg,126,34,car plate,629,425,755,459
otogar-1_1-260_1476396393.jpg,232,66,car plate,257,471,489,537
otogar-1_1-260_1476396395.jpg,126,29,car plate,593,337,719,366
otogar-1_1-260_1476396396.jpg,140,32,car plate,563,316,703,348
otogar-1_1-260_1476396397.jpg,144,33,car plate,545,309,689,342
otogar-1_1-260_1476396398.jpg,157,37,car plate,602,283,759,320
otogar-1_1-260_1476396399.jpg,121,34,car plate,704,419,825,453
otogar-1_1-260_1476396400.jpg,153,37,car plate,524,141,677,178
otogar-1_1-260_1476396401.jpg,212,55,car plate,448,412,660,467
otogar-1_1-260_1476396402.jpg,179,44,car plate,485,418,664,462
otogar-1_1-260_1476396403.jpg,147,34,car plate,621,435,768,469
otogar-1_1-260_1476396404.jpg,131,32,car plate,629,409,760,441
otogar-1_1-260_1476396406.jpg,145,32,car plate,593,387,738,419
otogar-1_1-260_1476396407.jpg,169,42,car plate,716,376,885,418
otogar-1_1-260_1476396408.jpg,149,35,car plate,584,402,733,437
otogar-1_1-260_1476396409.jpg,229,58,car plate,405,580,634,638
otogar-1_1-260_1476396410.jpg,147,34,car plate,565,301,712,335
otogar-1_1-260_1476396411.jpg,157,35,car plate,681,416,838,451
otogar-1_1-260_1476396412.jpg,166,37,car plate,458,371,624,408
otogar-1_1-260_1476396413.jpg,177,53,car plate,558,397,735,450
otogar-1_1-260_1476396414.jpg,211,63,car plate,240,404,451,467
otogar-1_1-260_1476396417.jpg,191,49,car plate,329,437,520,486
otogar-1_1-260_1476396418.jpg,211,62,car plate,344,390,555,452
otogar-1_1-260_1476396419.jpg,186,50,car plate,514,396,700,446
otogar-1_1-260_1476396420.jpg,144,32,car plate,596,393,740,425
otogar-1_1-260_1476396421.jpg,147,32,car plate,653,258,800,290
otogar-1_1-260_1476396422.jpg,148,33,car plate,683,412,831,445
otogar-1_1-260_1476396423.jpg,243,62,car plate,328,469,571,531
otogar-1_1-260_1476396425.jpg,130,29,car plate,749,330,879,359
otogar-1_1-260_1476396426.jpg,194,45,car plate,430,322,624,367
otogar-1_1-260_1476396428.jpg,144,38,car plate,690,285,834,323
otogar-1_1-260_1476396429.jpg,212,58,car plate,319,417,531,475
otogar-1_1-260_1476396430.jpg,147,29,car plate,651,301,798,330
otogar-1_1-260_1476396431.jpg,174,45,car plate,622,140,796,185
otogar-1_1-260_1476396432.jpg,280,72,car plate,254,549,534,621
otogar-1_1-260_1476396433.jpg,143,32,car plate,626,407,769,439
otogar-1_1-260_1476396434.jpg,214,44,car plate,716,305,930,349
otogar-1_1-260_1476396435.jpg,145,33,car plate,573,256,718,289
otogar-1_1-260_1476396436.jpg,228,66,car plate,284,542,512,608
otogar-1_1-260_1476396437.jpg,169,38,car plate,594,409,763,447
otogar-1_1-260_1476396439.jpg,147,33,car plate,530,417,677,450
otogar-1_1-260_1476396440.jpg,156,35,car plate,667,428,823,463
otogar-1_1-260_1476396441.jpg,140,32,car plate,550,385,690,417
otogar-1_1-260_1476396442.jpg,167,41,car plate,410,494,577,535
otogar-1_1-260_1476396443.jpg,157,38,car plate,553,300,710,338
otogar-1_1-260_1476396444.jpg,143,33,car plate,574,394,717,427
otogar-1_1-260_1476396445.jpg,140,34,car plate,499,435,639,469
otogar-1_1-260_1476396446.jpg,142,33,car plate,622,296,764,329
otogar-1_1-260_1476396447.jpg,259,66,car plate,362,401,621,467
otogar-1_1-260_1476396450.jpg,137,37,car plate,675,447,812,484
otogar-1_1-260_1476396451.jpg,132,28,car plate,588,385,720,413
otogar-1_1-260_1476396452.jpg,58,51,car plate,552,294,610,345
otogar-1_1-260_1476396453.jpg,157,34,car plate,798,247,955,281
otogar-1_1-260_1476396454.jpg,152,35,car plate,620,453,772,488
otogar-1_1-260_1476396455.jpg,201,61,car plate,444,348,645,409
otogar-1_1-260_1476396456.jpg,127,36,car plate,717,427,844,463
otogar-1_1-260_1476396457.jpg,153,28,car plate,565,363,718,391
otogar-1_1-260_1476396458.jpg,146,34,car plate,588,444,734,478
otogar-1_1-260_1476396459.jpg,142,34,car plate,625,391,767,425
otogar-1_1-260_1476396461.jpg,143,34,car plate,473,329,616,363
otogar-1_1-260_1476396462.jpg,185,41,car plate,477,313,662,354
otogar-1_1-260_1476396463.jpg,211,45,car plate,724,334,935,379
otogar-1_1-260_1476396464.jpg,183,41,car plate,577,365,760,406
otogar-1_1-260_1476396465.jpg,147,33,car plate,577,304,724,337
otogar-1_1-260_1476396466.jpg,234,69,car plate,176,502,410,571
otogar-1_1-260_1476396467.jpg,277,78,car plate,276,508,553,586
otogar-1_1-260_1476396468.jpg,156,34,car plate,464,432,620,466
otogar-1_1-260_1476396469.jpg,152,38,car plate,731,307,883,345
otogar-1_1-260_1476396472.jpg,263,66,car plate,243,395,506,461
otogar-1_1-260_1476396473.jpg,223,51,car plate,272,347,495,398
otogar-1_1-260_1476396474.jpg,296,86,car plate,167,550,463,636
otogar-1_1-260_1476396475.jpg,144,34,car plate,723,302,867,336
otogar-1_1-260_1476396476.jpg,129,36,car plate,712,288,841,324
otogar-1_1-260_1476396477.jpg,185,45,car plate,477,435,662,480
otogar-1_1-260_1476396478.jpg,142,33,car plate,633,394,775,427
otogar-1_1-260_1476396479.jpg,193,46,car plate,340,326,533,372
otogar-1_1-260_1476396480.jpg,146,33,car plate,648,394,794,427
otogar-1_1-260_1476396481.jpg,149,41,car plate,685,445,834,486
otogar-1_1-260_1476396484.jpg,211,52,car plate,476,139,687,191
otogar-1_1-260_1476396485.jpg,213,55,car plate,399,446,612,501
otogar-1_1-260_1476396486.jpg,156,34,car plate,622,405,778,439
otogar-1_1-260_1476396487.jpg,150,35,car plate,687,362,837,397
otogar-1_1-260_1476396488.jpg,164,36,car plate,574,327,738,363
otogar-1_1-260_1476396489.jpg,209,52,car plate,384,454,593,506
otogar-1_1-260_1476396490.jpg,164,42,car plate,626,329,790,371
otogar-1_1-260_1476396491.jpg,144,35,car plate,638,319,782,354
otogar-1_1-260_1476396492.jpg,147,35,car plate,664,349,811,384
otogar-1_1-260_1476396494.jpg,200,45,car plate,487,300,687,345
otogar-1_1-260_1476396495.jpg,121,35,car plate,641,408,762,443
otogar-1_1-260_1476396496.jpg,55,45,car plate,708,391,763,436
otogar-1_1-260_1476396497.jpg,121,72,car plate,458,355,579,427
otogar-1_1-260_1476396498.jpg,169,33,car plate,499,400,668,433
otogar-1_1-260_1476396499.jpg,141,32,car plate,614,390,755,422
otogar-1_1-260_1476396501.jpg,151,35,car plate,678,347,829,382
otogar-1_1-260_1476396502.jpg,124,33,car plate,688,416,812,449
otogar-1_1-260_1476396503.jpg,151,36,car plate,692,295,843,331
otogar-1_1-260_1476396505.jpg,149,32,car plate,693,255,842,287
otogar-1_1-260_1476396506.jpg,147,32,car plate,757,405,904,437
otogar-1_1-260_1476396507.jpg,161,45,car plate,582,304,743,349
otogar-1_1-260_1476396508.jpg,193,49,car plate,563,404,756,453
otogar-1_1-260_1476396509.jpg,194,46,car plate,338,432,532,478
otogar-1_1-260_1476396510.jpg,151,36,car plate,509,261,660,297
otogar-1_1-260_1476396511.jpg,148,36,car plate,650,388,798,424
otogar-1_1-260_1476396512.jpg,150,34,car plate,634,300,784,334
otogar-1_1-260_1476396513.jpg,149,36,car plate,677,402,826,438
otogar-1_1-260_1476396514.jpg,136,37,car plate,722,274,858,311
otogar-1_1-260_1476396516.jpg,124,29,car plate,517,207,641,236
otogar-1_1-260_1476396517.jpg,143,38,car plate,849,493,992,531
otogar-1_1-260_1476396518.jpg,127,33,car plate,620,413,747,446
otogar-1_1-260_1476396519.jpg,156,34,car plate,711,389,867,423
otogar-1_1-260_1476396520.jpg,161,42,car plate,498,127,659,169
otogar-1_1-260_1476396521.jpg,151,34,car plate,664,285,815,319
otogar-1_1-260_1476396522.jpg,136,29,car plate,615,397,751,426
otogar-1_1-260_1476396523.jpg,131,29,car plate,520,262,651,291
otogar-1_1-260_1476396524.jpg,168,36,car plate,808,272,976,308
otogar-1_1-260_1476396525.jpg,153,41,car plate,654,395,807,436
otogar-1_1-260_1476396527.jpg,127,34,car plate,643,449,770,483
otogar-1_1-260_1476396528.jpg,150,33,car plate,696,411,846,444
otogar-1_1-260_1476396529.jpg,161,44,car plate,565,302,726,346
otogar-1_1-260_1476396530.jpg,142,32,car plate,571,288,713,320
otogar-1_1-260_1476396532.jpg,174,38,car plate,516,286,690,324
otogar-1_1-260_1476396533.jpg,135,37,car plate,737,281,872,318
otogar-1_1-260_1476396534.jpg,149,32,car plate,673,414,822,446
otogar-1_1-260_1476396535.jpg,134,28,car plate,495,323,629,351
otogar-1_1-260_1476396536.jpg,240,61,car plate,409,380,649,441
otogar-1_1-260_1476396538.jpg,222,51,car plate,373,337,595,388
otogar-1_1-260_1476396539.jpg,148,36,car plate,624,355,772,391
otogar-1_1-260_1476396540.jpg,151,33,car plate,581,417,732,450
otogar-1_1-260_1476396541.jpg,144,29,car plate,591,385,735,414
otogar-1_1-260_1476396542.jpg,202,44,car plate,534,503,736,547
otogar-1_1-260_1476396543.jpg,129,34,car plate,704,425,833,459
otogar-1_1-260_1476396544.jpg,120,29,car plate,482,229,602,258
otogar-1_1-260_1476396545.jpg,191,44,car plate,304,393,495,437
otogar-1_1-260_1476396547.jpg,149,34,car plate,589,369,738,403
otogar-1_1-260_1476396549.jpg,205,49,car plate,529,431,734,480
otogar-1_1-260_1476396550.jpg,117,27,car plate,710,315,827,342
otogar-1_1-260_1476396551.jpg,132,34,car plate,629,427,761,461
otogar-1_1-260_1476396552.jpg,184,46,car plate,464,384,648,430
otogar-1_1-260_1476396553.jpg,147,32,car plate,598,413,745,445
otogar-1_1-260_1476396554.jpg,242,70,car plate,270,393,512,463
otogar-1_1-260_1476396555.jpg,210,46,car plate,616,328,826,374
otogar-1_1-260_1476396556.jpg,199,63,car plate,115,456,314,519
otogar-1_1-260_1476396557.jpg,137,33,car plate,603,395,740,428
otogar-1_1-260_1476396558.jpg,153,35,car plate,697,317,850,352
otogar-1_1-260_1476396560.jpg,181,43,car plate,503,385,684,428
otogar-1_1-260_1476396561.jpg,133,29,car plate,643,418,776,447
otogar-1_1-260_1476396562.jpg,121,36,car plate,787,461,908,497
otogar-1_1-260_1476396563.jpg,146,32,car plate,683,398,829,430
otogar-1_1-260_1476396564.jpg,131,36,car plate,652,274,783,310
otogar-1_1-260_1476396565.jpg,153,36,car plate,679,287,832,323
otogar-1_1-260_1476396566.jpg,143,32,car plate,660,391,803,423
otogar-1_1-260_1476396567.jpg,162,37,car plate,402,364,564,401
otogar-1_1-260_1476396568.jpg,209,49,car plate,372,459,581,508
otogar-1_1-260_1476396569.jpg,130,35,car plate,704,418,834,453
otogar-1_1-260_1476396571.jpg,141,33,car plate,617,446,758,479
otogar-1_1-260_1476396572.jpg,151,35,car plate,621,457,772,492
otogar-1_1-260_1476396573.jpg,179,38,car plate,876,285,1055,323
otogar-1_1-260_1476396574.jpg,153,34,car plate,616,319,769,353
otogar-1_1-260_1476396575.jpg,239,72,car plate,354,471,593,543
otogar-1_1-260_1476396576.jpg,130,34,car plate,697,429,827,463
otogar-1_1-260_1476396577.jpg,150,34,car plate,564,436,714,470
otogar-1_1-260_1476396578.jpg,116,26,car plate,612,289,728,315
otogar-1_1-260_1476396579.jpg,145,33,car plate,633,406,778,439
otogar-1_1-260_1476396580.jpg,137,29,car plate,608,401,745,430
otogar-1_1-260_1476396582.jpg,140,37,car plate,729,287,869,324
otogar-1_1-260_1476396583.jpg,133,37,car plate,795,475,928,512
otogar-1_1-260_1476396584.jpg,149,28,car plate,675,421,824,449
otogar-1_1-260_1476396585.jpg,160,38,car plate,515,413,675,451
otogar-1_1-260_1476396586.jpg,183,41,car plate,821,282,1004,323
otogar-1_1-260_1476396587.jpg,152,33,car plate,593,321,745,354
otogar-1_1-260_1476396588.jpg,140,34,car plate,579,408,719,442
otogar-1_1-260_1476396589.jpg,158,38,car plate,598,376,756,414
otogar-1_1-260_1476396590.jpg,136,29,car plate,618,394,754,423
otogar-1_1-260_1476396591.jpg,141,34,car plate,527,383,668,417
otogar-1_1-260_1476396593.jpg,152,33,car plate,602,404,754,437
otogar-1_1-260_1476396594.jpg,190,54,car plate,483,359,673,413
otogar-1_1-260_1476396595.jpg,140,28,car plate,606,396,746,424
otogar-1_1-260_1476396596.jpg,144,32,car plate,566,287,710,319
otogar-1_1-260_1476396597.jpg,126,32,car plate,553,411,679,443
otogar-1_1-260_1476396598.jpg,136,33,car plate,609,388,745,421
otogar-1_1-260_1476396599.jpg,107,24,car plate,642,278,749,302
otogar-1_1-260_1476396600.jpg,126,33,car plate,555,416,681,449
otogar-1_1-260_1476396601.jpg,132,29,car plate,612,386,744,415
otogar-1_1-260_1476396602.jpg,143,32,car plate,602,287,745,319
otogar-1_1-260_1476396604.jpg,157,41,car plate,588,313,745,354
otogar-1_1-260_1476396605.jpg,140,35,car plate,824,464,964,499
otogar-1_1-260_1476396606.jpg,149,34,car plate,694,357,843,391
otogar-1_1-260_1476396607.jpg,152,34,car plate,679,414,831,448
otogar-1_1-260_1476396608.jpg,126,33,car plate,670,432,796,465
otogar-1_1-260_1476396609.jpg,166,43,car plate,569,334,735,377
otogar-1_1-260_1476396610.jpg,144,33,car plate,620,385,764,418
otogar-1_1-260_1476396611.jpg,151,36,car plate,706,311,857,347
otogar-1_1-260_1476396612.jpg,149,33,car plate,732,399,881,432
otogar-1_1-260_1476396613.jpg,169,37,car plate,466,282,635,319
otogar-1_1-260_1476396615.jpg,136,29,car plate,584,380,720,409
otogar-1_1-260_1476396616.jpg,166,41,car plate,613,375,779,416
otogar-1_1-260_1476396617.jpg,152,35,car plate,660,408,812,443
otogar-1_1-260_1476396618.jpg,172,38,car plate,423,291,595,329
otogar-1_1-260_1476396619.jpg,143,33,car plate,610,385,753,418
otogar-1_1-260_1476396621.jpg,131,32,car plate,591,383,722,415
otogar-1_1-260_1476396622.jpg,134,34,car plate,661,431,795,465
otogar-1_1-260_1476396623.jpg,157,29,car plate,659,418,816,447
otogar-1_1-260_1476396624.jpg,257,69,car plate,281,516,538,585
otogar-1_1-260_1476396626.jpg,136,29,car plate,577,382,713,411
otogar-1_1-260_1476396627.jpg,217,52,car plate,343,298,560,350
otogar-1_1-260_1476396628.jpg,156,37,car plate,692,429,848,466
otogar-1_1-260_1476396629.jpg,144,36,car plate,602,333,746,369
otogar-1_1-260_1476396630.jpg,137,28,car plate,615,215,752,243
otogar-1_1-260_1476396631.jpg,131,33,car plate,666,409,797,442
otogar-1_1-260_1476396632.jpg,183,45,car plate,501,358,684,403
otogar-1_1-260_1476396633.jpg,142,32,car plate,566,400,708,432
otogar-1_1-260_1476396634.jpg,127,35,car plate,722,433,849,468
otogar-1_1-260_1476396635.jpg,180,42,car plate,587,460,767,502
otogar-1_1-260_1476396637.jpg,150,34,car plate,597,396,747,430
otogar-1_1-260_1476396638.jpg,133,36,car plate,691,456,824,492
otogar-1_1-260_1476396639.jpg,140,32,car plate,686,341,826,373
otogar-1_1-260_1476396640.jpg,50,34,car plate,391,386,441,420
otogar-1_1-260_1476396641.jpg,135,35,car plate,658,410,793,445
otogar-1_1-260_1476396642.jpg,151,37,car plate,648,398,799,435
otogar-1_1-260_1476396643.jpg,245,76,car plate,435,502,680,578
otogar-1_1-260_1476396644.jpg,287,81,car plate,167,510,454,591
otogar-1_1-260_1476396645.jpg,145,38,car plate,610,449,755,487
otogar-1_1-260_1476396646.jpg,175,41,car plate,469,126,644,167
otogar-1_1-260_1476396648.jpg,133,32,car plate,693,433,826,465
otogar-1_1-260_1476396649.jpg,137,34,car plate,732,422,869,456
otogar-1_1-260_1476396650.jpg,129,28,car plate,772,315,901,343
otogar-1_1-260_1476396651.jpg,134,35,car plate,631,414,765,449
otogar-1_1-260_1476396652.jpg,142,35,car plate,536,385,678,420
otogar-1_1-260_1476396653.jpg,159,43,car plate,609,313,768,356
otogar-1_1-260_1476396654.jpg,124,29,car plate,503,232,627,261
otogar-1_1-260_1476396655.jpg,159,36,car plate,815,245,974,281
otogar-1_1-260_1476396656.jpg,127,35,car plate,693,409,820,444
otogar-1_1-260_1476396657.jpg,137,34,car plate,519,421,656,455
otogar-1_1-260_1476396659.jpg,196,44,car plate,555,323,751,367
otogar-1_1-260_1476396660.jpg,133,38,car plate,747,528,880,566
otogar-1_1-260_1476396661.jpg,178,46,car plate,618,362,796,408
otogar-1_1-260_1476396662.jpg,186,42,car plate,500,319,686,361
otogar-1_1-260_1476396663.jpg,151,33,car plate,678,415,829,448
otogar-1_1-260_1476396664.jpg,143,38,car plate,820,164,963,202
otogar-1_1-260_1476396665.jpg,132,33,car plate,657,445,789,478
otogar-1_1-260_1476396666.jpg,150,34,car plate,743,311,893,345
otogar-1_1-260_1476396667.jpg,168,38,car plate,552,395,720,433
otogar-1_1-260_1476396668.jpg,196,46,car plate,590,402,786,448
otogar-1_1-260_1476396670.jpg,147,29,car plate,601,349,748,378
otogar-1_1-260_1476396671.jpg,142,32,car plate,597,311,739,343
otogar-1_1-260_1476396672.jpg,156,34,car plate,582,437,738,471
otogar-1_1-260_1476396673.jpg,132,33,car plate,650,411,782,444
otogar-1_1-260_1476396674.jpg,136,35,car plate,807,123,943,158
otogar-1_1-260_1476396675.jpg,186,53,car plate,507,350,693,403
otogar-1_1-260_1476396677.jpg,143,29,car plate,654,401,797,430
otogar-1_1-260_1476396678.jpg,144,36,car plate,701,307,845,343
otogar-1_1-260_1476396679.jpg,131,34,car plate,712,434,843,468
otogar-1_1-260_1476396681.jpg,173,42,car plate,580,377,753,419
otogar-1_1-260_1476396682.jpg,233,62,car plate,389,466,622,528
otogar-1_1-260_1476396683.jpg,109,34,car plate,589,367,698,401
otogar-1_1-260_1476396684.jpg,121,27,car plate,693,322,814,349
otogar-1_1-260_1476396685.jpg,113,35,car plate,696,320,809,355
otogar-1_1-260_1476396686.jpg,147,32,car plate,563,252,710,284
otogar-1_1-260_1476396687.jpg,156,35,car plate,575,427,731,462
otogar-1_1-260_1476396688.jpg,129,33,car plate,671,413,800,446
otogar-1_1-260_1476396689.jpg,181,43,car plate,579,437,760,480
otogar-1_1-260_1476396690.jpg,264,80,car plate,148,565,412,645
otogar-1_1-260_1476396692.jpg,147,33,car plate,620,305,767,338
otogar-1_1-260_1476396693.jpg,132,29,car plate,621,382,753,411
otogar-1_1-260_1476396694.jpg,159,35,car plate,666,439,825,474
otogar-1_1-260_1476396695.jpg,136,34,car plate,570,412,706,446
otogar-1_1-260_1476396696.jpg,218,55,car plate,440,473,658,528
otogar-1_1-260_1476396697.jpg,140,32,car plate,571,448,711,480
otogar-1_1-260_1476396698.jpg,261,71,car plate,127,465,388,536
otogar-1_1-260_1476396699.jpg,118,27,car plate,625,416,743,443
otogar-1_1-260_1476396700.jpg,158,43,car plate,495,361,653,404
otogar-1_1-260_1476396701.jpg,159,42,car plate,583,293,742,335
otogar-1_1-260_1476396703.jpg,157,34,car plate,673,428,830,462
otogar-1_1-260_1476396704.jpg,143,32,car plate,614,382,757,414
otogar-1_1-260_1476396705.jpg,164,41,car plate,486,114,650,155
otogar-1_1-260_1476396706.jpg,206,58,car plate,344,453,550,511
otogar-1_1-260_1476396707.jpg,146,35,car plate,414,433,560,468
otogar-1_1-260_1476396708.jpg,142,36,car plate,621,360,763,396
otogar-1_1-260_1476396709.jpg,282,71,car plate,158,441,440,512
otogar-1_1-260_1476396710.jpg,148,33,car plate,678,309,826,342
otogar-1_1-260_1476396711.jpg,132,34,car plate,675,428,807,462
otogar-1_1-260_1476396712.jpg,250,69,car plate,333,488,583,557
otogar-1_1-260_1476396714.jpg,136,29,car plate,545,411,681,440
otogar-1_1-260_1476396715.jpg,265,85,car plate,205,459,470,544
otogar-1_1-260_1476396716.jpg,242,72,car plate,282,566,524,638
otogar-1_1-260_1476396717.jpg,147,35,car plate,576,294,723,329
otogar-1_1-260_1476396718.jpg,133,33,car plate,590,373,723,406
otogar-1_1-260_1476396719.jpg,120,26,car plate,689,319,809,345
otogar-1_1-260_1476396720.jpg,140,29,car plate,624,377,764,406
otogar-1_1-260_1476396721.jpg,146,34,car plate,581,302,727,336
otogar-1_1-260_1476396722.jpg,163,43,car plate,570,366,733,409
otogar-1_1-260_1476396723.jpg,273,76,car plate,246,549,519,625
otogar-1_1-260_1476396725.jpg,245,75,car plate,230,309,475,384
otogar-1_1-260_1476396726.jpg,174,38,car plate,811,279,985,317
otogar-1_1-260_1476396727.jpg,149,32,car plate,650,300,799,332
otogar-1_1-260_1476396728.jpg,190,58,car plate,361,343,551,401
otogar-1_1-260_1476396729.jpg,158,36,car plate,632,411,790,447
otogar-1_1-260_1476396730.jpg,152,36,car plate,576,379,728,415
otogar-1_1-260_1476396731.jpg,248,72,car plate,304,300,552,372
otogar-1_1-260_1476396732.jpg,222,60,car plate,416,443,638,503
otogar-1_1-260_1476396733.jpg,156,37,car plate,670,265,826,302
otogar-1_1-260_1476396734.jpg,194,44,car plate,331,312,525,356
otogar-1_1-260_1476396736.jpg,127,35,car plate,743,427,870,462
otogar-1_1-260_1476396737.jpg,148,33,car plate,610,404,758,437
otogar-1_1-260_1476396738.jpg,227,70,car plate,987,618,1214,688
otogar-1_1-260_1476396739.jpg,125,35,car plate,705,419,830,454
otogar-1_1-260_1476396742.jpg,270,84,car plate,130,347,400,431
otogar-1_1-260_1476396743.jpg,201,54,car plate,270,195,471,249
otogar-1_1-260_1476396744.jpg,166,41,car plate,452,404,618,445
otogar-1_1-260_1476396745.jpg,153,41,car plate,696,296,849,337
otogar-1_1-260_1476396747.jpg,152,34,car plate,757,425,909,459
otogar-1_1-260_1476396748.jpg,152,35,car plate,506,259,658,294
otogar-1_1-260_1476396749.jpg,133,34,car plate,608,408,741,442
otogar-1_1-260_1476396750.jpg,273,75,car plate,123,534,396,609
otogar-1_1-260_1476396751.jpg,143,29,car plate,605,451,748,480
otogar-1_1-260_1476396752.jpg,246,63,car plate,338,588,584,651
otogar-1_1-260_1476396753.jpg,135,33,car plate,577,429,712,462
otogar-1_1-260_1476396754.jpg,153,35,car plate,652,270,805,305
otogar-1_1-260_1476396755.jpg,152,36,car plate,669,363,821,399
otogar-1_1-260_1476396756.jpg,152,36,car plate,593,401,745,437
otogar-1_1-260_1476396758.jpg,272,77,car plate,346,331,618,408
otogar-1_1-260_1476396759.jpg,148,32,car plate,611,395,759,427
otogar-1_1-260_1476396761.jpg,116,37,car plate,750,426,866,463
otogar-1_1-260_1476396762.jpg,178,38,car plate,551,406,729,444
otogar-1_1-260_1476396763.jpg,147,37,car plate,670,352,817,389
otogar-1_1-260_1476396764.jpg,165,37,car plate,564,276,729,313
otogar-1_1-260_1476396766.jpg,148,42,car plate,659,285,807,327
otogar-1_1-260_1476396767.jpg,160,36,car plate,408,327,568,363
otogar-1_1-260_1476396769.jpg,136,34,car plate,707,428,843,462
otogar-1_1-260_1476396770.jpg,145,37,car plate,699,371,844,408
otogar-1_1-260_1476396771.jpg,212,50,car plate,481,329,693,379
otogar-1_1-260_1476396772.jpg,165,38,car plate,510,399,675,437
otogar-1_1-260_1476396773.jpg,141,32,car plate,516,390,657,422
otogar-1_1-260_1476396774.jpg,160,43,car plate,653,361,813,404
otogar-1_1-260_1476396775.jpg,279,78,car plate,155,525,434,603
otogar-1_1-260_1476396776.jpg,129,32,car plate,650,419,779,451
otogar-1_1-260_1476396777.jpg,148,32,car plate,672,399,820,431
otogar-1_1-260_1476396778.jpg,244,59,car plate,323,400,567,459
otogar-1_1-260_1476396780.jpg,148,43,car plate,684,379,832,422
otogar-1_1-260_1476396781.jpg,263,66,car plate,286,544,549,610
otogar-1_1-260_1476396782.jpg,179,41,car plate,672,284,851,325
otogar-1_1-260_1476396783.jpg,141,29,car plate,590,399,731,428
otogar-1_1-260_1476396784.jpg,230,58,car plate,330,352,560,410
otogar-1_1-260_1476396785.jpg,189,46,car plate,543,395,732,441
otogar-1_1-260_1476396786.jpg,239,59,car plate,447,558,686,617
otogar-1_1-260_1476396787.jpg,145,33,car plate,569,296,714,329
otogar-1_1-260_1476396788.jpg,124,27,car plate,653,305,777,332
otogar-1_1-260_1476396789.jpg,144,33,car plate,591,401,735,434
otogar-1_1-260_1476396791.jpg,134,33,car plate,593,415,727,448
otogar-1_1-260_1476396792.jpg,224,54,car plate,328,512,552,566
otogar-1_1-260_1476396793.jpg,254,63,car plate,455,280,709,343
otogar-1_1-260_1476396794.jpg,176,38,car plate,478,365,654,403
otogar-1_1-260_1476396795.jpg,159,45,car plate,590,316,749,361
otogar-1_1-260_1476396796.jpg,150,33,car plate,695,410,845,443
otogar-1_1-260_1476396797.jpg,131,29,car plate,630,385,761,414
otogar-1_1-260_1476396798.jpg,230,59,car plate,136,375,366,434
otogar-1_1-260_1476396799.jpg,208,58,car plate,594,237,802,295
otogar-1_1-260_1476396800.jpg,148,35,car plate,683,311,831,346
otogar-1_1-260_1476396802.jpg,150,33,car plate,770,249,920,282
otogar-1_1-260_1476396803.jpg,213,52,car plate,471,460,684,512
otogar-1_1-260_1476396804.jpg,141,32,car plate,575,389,716,421
otogar-1_1-260_1476396805.jpg,175,43,car plate,527,383,702,426
otogar-1_1-260_1476396806.jpg,136,33,car plate,655,351,791,384
otogar-1_1-260_1476396807.jpg,141,32,car plate,662,447,803,479
otogar-1_1-260_1476396808.jpg,136,34,car plate,670,435,806,469
otogar-1_1-260_1476396809.jpg,133,28,car plate,601,382,734,410
otogar-1_1-260_1476396810.jpg,153,36,car plate,683,297,836,333
otogar-1_1-260_1476396811.jpg,224,51,car plate,400,307,624,358
otogar-1_1-260_1476396813.jpg,178,50,car plate,557,332,735,382
otogar-1_1-260_1476396814.jpg,244,58,car plate,461,219,705,277
otogar-1_1-260_1476396815.jpg,179,43,car plate,512,420,691,463
otogar-1_1-260_1476396816.jpg,142,33,car plate,634,389,776,422
otogar-1_1-260_1476396817.jpg,142,37,car plate,615,290,757,327
otogar-1_1-260_1476396818.jpg,148,34,car plate,671,268,819,302
otogar-1_1-260_1476396819.jpg,152,35,car plate,593,412,745,447
otogar-1_1-260_1476396820.jpg,267,68,car plate,169,237,436,305
otogar-1_1-260_1476396821.jpg,215,52,car plate,620,257,835,309
otogar-1_1-260_1476396822.jpg,186,77,car plate,20,537,206,614
otogar-1_1-260_1476396824.jpg,145,32,car plate,576,394,721,426
otogar-1_1-260_1476396825.jpg,145,42,car plate,724,391,869,433
otogar-1_1-260_1476396826.jpg,157,43,car plate,613,300,770,343
otogar-1_1-260_1476396827.jpg,206,49,car plate,389,345,595,394
otogar-1_1-260_1476396828.jpg,132,33,car plate,686,425,818,458
otogar-1_1-260_1476396829.jpg,27,50,car plate,619,427,646,477
otogar-1_1-260_1476396830.jpg,276,70,car plate,501,318,777,388
otogar-1_1-260_1476396831.jpg,142,33,car plate,556,355,698,388
otogar-1_1-260_1476396832.jpg,194,54,car plate,255,403,449,457
otogar-1_1-260_1476396833.jpg,161,35,car plate,671,267,832,302
otogar-1_1-260_1476396835.jpg,133,35,car plate,605,437,738,472
otogar-1_1-260_1476396836.jpg,207,50,car plate,321,316,528,366
otogar-1_1-260_1476396837.jpg,142,33,car plate,489,400,631,433
otogar-1_1-260_1476396838.jpg,280,79,car plate,89,553,369,632
otogar-1_1-260_1476396839.jpg,175,50,car plate,555,304,730,354
otogar-1_1-260_1476396840.jpg,144,34,car plate,574,263,718,297
otogar-1_1-260_1476396842.jpg,150,33,car plate,616,414,766,447
otogar-1_1-260_1476396843.jpg,150,34,car plate,547,265,697,299
otogar-1_1-260_1476396844.jpg,157,37,car plate,527,130,684,167
otogar-1_1-260_1476396847.jpg,118,26,car plate,669,311,787,337
otogar-1_1-260_1476396848.jpg,160,38,car plate,494,455,654,493
otogar-1_1-260_1476396849.jpg,141,33,car plate,632,391,773,424
otogar-1_1-260_1476396850.jpg,152,33,car plate,848,230,1000,263
otogar-1_1-260_1476396851.jpg,158,42,car plate,658,316,816,358
otogar-1_1-260_1476396853.jpg,120,29,car plate,641,417,761,446
otogar-1_1-260_1476396855.jpg,175,43,car plate,850,180,1025,223
otogar-1_1-260_1476396857.jpg,148,35,car plate,597,306,745,341
otogar-1_1-260_1476396858.jpg,143,32,car plate,691,402,834,434
otogar-1_1-260_1476396859.jpg,149,32,car plate,686,412,835,444
otogar-1_1-260_1476396860.jpg,145,37,car plate,575,335,720,372
otogar-1_1-260_1476396861.jpg,181,38,car plate,696,273,877,311
otogar-1_1-260_1476396862.jpg,124,26,car plate,690,308,814,334
otogar-1_1-260_1476396863.jpg,149,34,car plate,599,365,748,399
otogar-1_1-260_1476396864.jpg,142,37,car plate,751,304,893,341
otogar-1_1-260_1476396865.jpg,147,33,car plate,634,395,781,428
otogar-1_1-260_1476396866.jpg,279,80,car plate,244,515,523,595
otogar-1_1-260_1476396868.jpg,144,36,car plate,801,141,945,177
otogar-1_1-260_1476396869.jpg,212,45,car plate,569,340,781,385
otogar-1_1-260_1476396870.jpg,156,34,car plate,675,431,831,465
otogar-1_1-260_1476396871.jpg,130,33,car plate,620,425,750,458
otogar-1_1-260_1476396872.jpg,179,37,car plate,755,297,934,334
otogar-1_1-260_1476396874.jpg,117,27,car plate,677,312,794,339
otogar-1_1-260_1476396876.jpg,166,42,car plate,817,165,983,207
otogar-1_1-260_1476396877.jpg,143,32,car plate,560,409,703,441
otogar-1_1-260_1476396880.jpg,276,67,car plate,145,439,421,506
otogar-1_1-260_1476396881.jpg,140,33,car plate,607,286,747,319
otogar-1_1-260_1476396882.jpg,137,38,car plate,622,490,759,528
otogar-1_1-260_1476396884.jpg,153,33,car plate,678,419,831,452
otogar-1_1-260_1476396885.jpg,124,28,car plate,566,408,690,436
otogar-1_1-260_1476396886.jpg,192,52,car plate,516,354,708,406
otogar-1_1-260_1476396887.jpg,238,61,car plate,269,437,507,498
otogar-1_1-260_1476396888.jpg,148,36,car plate,671,294,819,330
otogar-1_1-260_1476396890.jpg,205,54,car plate,619,217,824,271
otogar-1_1-260_1476396891.jpg,242,58,car plate,308,424,550,482
otogar-1_1-260_1476396892.jpg,121,27,car plate,681,319,802,346
otogar-1_1-260_1476396893.jpg,258,66,car plate,481,415,739,481
otogar-1_1-260_1476396894.jpg,146,36,car plate,732,464,878,500
otogar-1_1-260_1476396895.jpg,135,29,car plate,602,374,737,403
otogar-1_1-260_1476396896.jpg,137,37,car plate,721,446,858,483
otogar-1_1-260_1476396897.jpg,276,72,car plate,289,554,565,626
otogar-1_1-260_1476396898.jpg,152,34,car plate,627,425,779,459
otogar-1_1-260_1476396899.jpg,142,34,car plate,539,374,681,408
otogar-1_1-260_1476396901.jpg,159,37,car plate,631,312,790,349
otogar-1_1-260_1476396902.jpg,146,33,car plate,634,338,780,371
otogar-1_1-260_1476396903.jpg,168,43,car plate,458,295,626,338
otogar-1_1-260_1476396904.jpg,131,33,car plate,660,417,791,450
otogar-1_1-260_1476396905.jpg,160,41,car plate,911,166,1071,207
otogar-1_1-260_1476396906.jpg,150,33,car plate,625,415,775,448
otogar-1_1-260_1476396907.jpg,148,34,car plate,499,418,647,452
otogar-1_1-260_1476396908.jpg,167,41,car plate,528,404,695,445
otogar-1_1-260_1476396909.jpg,182,46,car plate,386,347,568,393
otogar-1_1-260_1476396910.jpg,278,79,car plate,309,518,587,597
otogar-1_1-260_1476396912.jpg,118,27,car plate,672,323,790,350
otogar-1_1-260_1476396913.jpg,151,33,car plate,608,258,759,291
otogar-1_1-260_1476396914.jpg,131,32,car plate,680,421,811,453
otogar-1_1-260_1476396915.jpg,279,80,car plate,309,518,588,598
otogar-1_1-260_1476396916.jpg,151,33,car plate,748,292,899,325
otogar-1_1-260_1476396917.jpg,160,38,car plate,597,385,757,423
otogar-1_1-260_1476396919.jpg,206,66,car plate,452,375,658,441
otogar-1_1-260_1476396920.jpg,160,38,car plate,834,149,994,187
otogar-1_1-260_1476396921.jpg,153,38,car plate,646,372,799,410
otogar-1_1-260_1476396923.jpg,150,36,car plate,637,401,787,437
otogar-1_1-260_1476396924.jpg,152,33,car plate,616,412,768,445
otogar-1_1-260_1476396925.jpg,142,34,car plate,689,442,831,476
otogar-1_1-260_1476396926.jpg,160,41,car plate,614,300,774,341
otogar-1_1-260_1476396927.jpg,161,35,car plate,648,441,809,476
otogar-1_1-260_1476396928.jpg,176,44,car plate,448,391,624,435
otogar-1_1-260_1476396929.jpg,151,36,car plate,728,295,879,331
otogar-1_1-260_1476396930.jpg,162,38,car plate,503,272,665,310
otogar-1_1-260_1476396932.jpg,137,29,car plate,632,397,769,426
otogar-1_1-260_1476396934.jpg,142,32,car plate,614,404,756,436
otogar-1_1-260_1476396935.jpg,136,35,car plate,674,431,810,466
otogar-1_1-260_1476396936.jpg,121,27,car plate,698,325,819,352
otogar-1_1-260_1476396937.jpg,221,60,car plate,422,378,643,438
otogar-1_1-260_1476396938.jpg,160,36,car plate,613,377,773,413
otogar-1_1-260_1476396939.jpg,143,32,car plate,589,396,732,428
otogar-1_1-260_1476396940.jpg,157,34,car plate,744,310,901,344
otogar-1_1-260_1476396941.jpg,133,28,car plate,625,381,758,409
otogar-1_1-260_1476396942.jpg,275,84,car plate,240,533,515,617
otogar-1_1-260_1476396943.jpg,143,34,car plate,513,383,656,417
otogar-1_1-260_1476396945.jpg,267,78,car plate,3,427,270,505
otogar-1_1-260_1476396946.jpg,136,29,car plate,590,385,726,414
otogar-1_1-260_1476396947.jpg,127,32,car plate,662,407,789,439
otogar-1_1-260_1476396948.jpg,160,42,car plate,621,313,781,355
otogar-1_1-260_1476396949.jpg,145,32,car plate,620,394,765,426
otogar-1_1-260_1476396950.jpg,146,34,car plate,617,396,763,430
otogar-1_1-260_1476396951.jpg,118,26,car plate,698,317,816,343
otogar-1_1-260_1476396952.jpg,148,34,car plate,593,307,741,341
otogar-1_1-260_1476396953.jpg,137,34,car plate,567,300,704,334
otogar-1_1-260_1476396954.jpg,135,35,car plate,693,398,828,433
otogar-1_1-260_1476396956.jpg,256,85,car plate,198,555,454,640
otogar-1_1-260_1476396957.jpg,141,32,car plate,612,377,753,409
otogar-1_1-260_1476396958.jpg,191,44,car plate,466,330,657,374
otogar-1_1-260_1476396959.jpg,146,32,car plate,667,398,813,430
otogar-1_1-260_1476396960.jpg,145,34,car plate,565,223,710,257
otogar-1_1-260_1476396961.jpg,158,37,car plate,760,272,918,309
otogar-1_1-260_1476396962.jpg,150,34,car plate,758,307,908,341
otogar-1_1-260_1476396963.jpg,141,33,car plate,594,344,735,377
otogar-1_1-260_1476396964.jpg,130,35,car plate,633,428,763,463
otogar-1_1-260_1476396965.jpg,116,32,car plate,575,325,691,357
otogar-1_1-260_1476396967.jpg,140,32,car plate,672,242,812,274
otogar-1_1-260_1476396968.jpg,141,32,car plate,649,386,790,418
otogar-1_1-260_1476396969.jpg,146,32,car plate,725,393,871,425
otogar-1_1-260_1476396970.jpg,227,53,car plate,526,445,753,498
otogar-1_1-260_1476396971.jpg,163,38,car plate,785,157,948,195
otogar-1_1-260_1476396972.jpg,147,33,car plate,605,409,752,442
otogar-1_1-260_1476396973.jpg,165,36,car plate,827,282,992,318
otogar-1_1-260_1476396974.jpg,146,33,car plate,559,416,705,449
otogar-1_1-260_1476396975.jpg,116,27,car plate,667,313,783,340
otogar-1_1-260_1476396976.jpg,178,41,car plate,513,242,691,283
otogar-1_1-260_1476396978.jpg,151,34,car plate,668,412,819,446
otogar-1_1-260_1476396979.jpg,258,66,car plate,180,418,438,484
otogar-1_1-260_1476396980.jpg,161,42,car plate,775,221,936,263
otogar-1_1-260_1476396981.jpg,181,44,car plate,585,374,766,418
otogar-1_1-260_1476396982.jpg,222,63,car plate,247,422,469,485
otogar-1_1-260_1476396983.jpg,137,34,car plate,483,380,620,414
otogar-1_1-260_1476396984.jpg,265,63,car plate,375,385,640,448
otogar-1_1-260_1476396985.jpg,129,32,car plate,696,410,825,442
otogar-1_1-260_1476396986.jpg,167,41,car plate,737,265,904,306
otogar-1_1-260_1476396987.jpg,195,43,car plate,620,429,815,472
otogar-1_1-260_1476396989.jpg,140,29,car plate,608,288,748,317
otogar-1_1-260_1476396990.jpg,231,63,car plate,355,464,586,527
otogar-1_1-260_1476396991.jpg,129,35,car plate,672,462,801,497
otogar-1_1-260_1476396992.jpg,176,43,car plate,424,289,600,332
otogar-1_1-260_1476396993.jpg,124,29,car plate,597,211,721,240
otogar-1_1-260_1476396994.jpg,146,34,car plate,675,297,821,331
otogar-1_1-260_1476396995.jpg,160,36,car plate,664,388,824,424
otogar-1_1-260_1476396996.jpg,158,35,car plate,830,244,988,279
otogar-1_1-260_1476396997.jpg,141,32,car plate,617,393,758,425
otogar-1_1-260_1476396998.jpg,167,75,car plate,96,481,263,556
otogar-1_1-260_1476397000.jpg,159,35,car plate,618,259,777,294
otogar-1_1-260_1476397001.jpg,160,35,car plate,664,435,824,470
otogar-1_1-260_1476397002.jpg,121,35,car plate,571,331,692,366
otogar-1_1-260_1476397003.jpg,250,77,car plate,182,452,432,529
otogar-1_1-260_1476397004.jpg,146,29,car plate,576,288,722,317
otogar-1_1-260_1476397005.jpg,140,38,car plate,706,454,846,492
otogar-1_1-260_1476397006.jpg,262,71,car plate,297,410,559,481
otogar-1_1-260_1476397007.jpg,148,33,car plate,622,401,770,434
otogar-1_1-260_1476397008.jpg,144,34,car plate,577,391,721,425
otogar-1_1-260_1476397009.jpg,148,35,car plate,637,351,785,386
otogar-1_1-260_1476397011.jpg,116,26,car plate,667,323,783,349
otogar-1_1-260_1476397012.jpg,185,52,car plate,554,334,739,386
otogar-1_1-260_1476397013.jpg,174,42,car plate,512,414,686,456
otogar-1_1-260_1476397014.jpg,180,37,car plate,573,294,753,331
otogar-1_1-260_1476397015.jpg,141,38,car plate,699,453,840,491
otogar-1_1-260_1476397016.jpg,163,36,car plate,844,238,1007,274
otogar-1_1-260_1476397017.jpg,143,33,car plate,599,297,742,330
otogar-1_1-260_1476397018.jpg,149,34,car plate,639,461,788,495
otogar-1_1-260_1476397019.jpg,167,45,car plate,470,432,637,477
otogar-1_1-260_1476397020.jpg,128,35,car plate,679,414,807,449
otogar-1_1-260_1476397022.jpg,168,43,car plate,547,146,715,189
otogar-1_1-260_1476397023.jpg,144,33,car plate,599,386,743,419
otogar-1_1-260_1476397024.jpg,198,44,car plate,467,317,665,361
otogar-1_1-260_1476397025.jpg,190,51,car plate,482,329,672,380
otogar-1_1-260_1476397026.jpg,130,34,car plate,635,437,765,471
otogar-1_1-260_1476397027.jpg,209,49,car plate,363,322,572,371
otogar-1_1-260_1476397028.jpg,140,33,car plate,640,401,780,434
otogar-1_1-260_1476397029.jpg,163,45,car plate,590,315,753,360
otogar-1_1-260_1476397030.jpg,147,36,car plate,698,353,845,389
otogar-1_1-260_1476397031.jpg,149,34,car plate,658,415,807,449
otogar-1_1-260_1476397033.jpg,175,42,car plate,521,400,696,442
otogar-1_1-260_1476397034.jpg,179,45,car plate,840,188,1019,233
otogar-1_1-260_1476397035.jpg,134,35,car plate,680,428,814,463
otogar-1_1-260_1476397036.jpg,215,50,car plate,393,343,608,393
otogar-1_1-260_1476397037.jpg,137,36,car plate,643,432,780,468
otogar-1_1-260_1476397038.jpg,201,43,car plate,712,271,913,314
otogar-1_1-260_1476397039.jpg,117,26,car plate,697,320,814,346
otogar-1_1-260_1476397040.jpg,148,32,car plate,541,311,689,343
otogar-1_1-260_1476397041.jpg,141,33,car plate,577,400,718,433
otogar-1_1-260_1476397042.jpg,262,78,car plate,269,469,531,547
otogar-1_1-260_1476397044.jpg,127,36,car plate,679,430,806,466
otogar-1_1-260_1476397045.jpg,151,33,car plate,592,258,743,291
otogar-1_1-260_1476397046.jpg,149,33,car plate,580,398,729,431
otogar-1_1-260_1476397047.jpg,141,33,car plate,647,299,788,332
otogar-1_1-260_1476397048.jpg,140,34,car plate,617,437,757,471
otogar-1_1-260_1476397049.jpg,164,43,car plate,677,318,841,361
otogar-1_1-260_1476397050.jpg,162,44,car plate,808,228,970,272
otogar-1_1-260_1476397051.jpg,217,46,car plate,674,261,891,307
otogar-1_1-260_1476397052.jpg,152,35,car plate,612,403,764,438
otogar-1_1-260_1476397053.jpg,167,41,car plate,500,292,667,333
otogar-1_1-260_1476397055.jpg,131,33,car plate,660,435,791,468
otogar-1_1-260_1476397056.jpg,157,36,car plate,551,382,708,418
otogar-1_1-260_1476397057.jpg,163,42,car plate,617,307,780,349
otogar-1_1-260_1476397058.jpg,149,38,car plate,454,370,603,408
otogar-1_1-260_1476397059.jpg,227,59,car plate,458,379,685,438
otogar-1_1-260_1476397060.jpg,212,54,car plate,558,253,770,307
otogar-1_1-260_1476397061.jpg,195,50,car plate,256,299,451,349
otogar-1_1-260_1476397062.jpg,143,34,car plate,587,293,730,327
otogar-1_1-260_1476397063.jpg,163,35,car plate,601,282,764,317
otogar-1_1-260_1476397064.jpg,147,34,car plate,557,426,704,460
otogar-1_1-260_1476397066.jpg,151,35,car plate,516,426,667,461
otogar-1_1-260_1476397067.jpg,140,32,car plate,590,363,730,395
otogar-1_1-260_1476397068.jpg,145,33,car plate,538,434,683,467
otogar-1_1-260_1476397069.jpg,153,33,car plate,688,298,841,331
otogar-1_1-260_1476397070.jpg,197,55,car plate,287,297,484,352
otogar-1_1-260_1476397071.jpg,181,41,car plate,557,317,738,358
otogar-1_1-260_1476397072.jpg,265,70,car plate,329,329,594,399
otogar-1_1-260_1476397073.jpg,137,29,car plate,627,391,764,420
otogar-1_1-260_1476397074.jpg,144,33,car plate,603,406,747,439
otogar-1_1-260_1476397075.jpg,148,34,car plate,667,299,815,333
otogar-1_1-260_1476397077.jpg,133,28,car plate,626,394,759,422
otogar-1_1-260_1476397078.jpg,132,33,car plate,667,419,799,452
otogar-1_1-260_1476397079.jpg,175,41,car plate,549,284,724,325
otogar-1_1-260_1476397080.jpg,224,58,car plate,724,240,948,298
otogar-1_1-260_1476397081.jpg,205,58,car plate,542,368,747,426
otogar-1_1-260_1476397082.jpg,150,34,car plate,579,296,729,330
otogar-1_1-260_1476397083.jpg,137,32,car plate,631,381,768,413
otogar-1_1-260_1476397084.jpg,146,29,car plate,623,360,769,389
otogar-1_1-260_1476397085.jpg,193,43,car plate,770,306,963,349
otogar-1_1-260_1476397086.jpg,134,32,car plate,602,393,736,425
otogar-1_1-260_1476397088.jpg,152,37,car plate,597,259,749,296
otogar-1_1-260_1476397089.jpg,134,29,car plate,639,383,773,412
otogar-1_1-260_1476397090.jpg,146,33,car plate,495,305,641,338
otogar-1_1-260_1476397091.jpg,128,32,car plate,684,418,812,450
otogar-1_1-260_1476397092.jpg,151,32,car plate,689,423,840,455
otogar-1_1-260_1476397093.jpg,142,33,car plate,669,404,811,437
otogar-1_1-260_1476397094.jpg,141,32,car plate,622,391,763,423
otogar-1_1-260_1476397095.jpg,142,32,car plate,566,366,708,398
otogar-1_1-260_1476397096.jpg,177,42,car plate,501,427,678,469
otogar-1_1-260_1476397097.jpg,146,33,car plate,615,390,761,423
otogar-1_1-260_1476397099.jpg,135,34,car plate,600,385,735,419
otogar-1_1-260_1476397100.jpg,198,42,car plate,663,300,861,342
otogar-1_1-260_1476397101.jpg,152,38,car plate,635,276,787,314
otogar-1_1-260_1476397102.jpg,151,36,car plate,526,380,677,416
otogar-1_1-260_1476397103.jpg,153,35,car plate,663,421,816,456
otogar-1_1-260_1476397104.jpg,152,34,car plate,594,305,746,339
otogar-1_1-260_1476397105.jpg,140,32,car plate,598,396,738,428
otogar-1_1-260_1476397106.jpg,160,43,car plate,850,147,1010,190
otogar-1_1-260_1476397107.jpg,197,53,car plate,420,466,617,519
otogar-1_1-260_1476397108.jpg,172,42,car plate,445,299,617,341
otogar-1_1-260_1476397110.jpg,246,58,car plate,516,390,762,448
otogar-1_1-260_1476397111.jpg,158,34,car plate,689,429,847,463
otogar-1_1-260_1476397112.jpg,136,34,car plate,606,416,742,450
otogar-1_1-260_1476397113.jpg,153,33,car plate,861,230,1014,263
otogar-1_1-260_1476397114.jpg,152,33,car plate,729,409,881,442
otogar-1_1-260_1476397115.jpg,132,34,car plate,678,425,810,459
otogar-1_1-260_1476397116.jpg,145,35,car plate,590,351,735,386
otogar-1_1-260_1476397117.jpg,145,35,car plate,539,396,684,431
otogar-1_1-260_1476397118.jpg,226,60,car plate,289,424,515,484
otogar-1_1-260_1476397119.jpg,127,34,car plate,548,429,675,463
otogar-1_1-260_1476397121.jpg,228,55,car plate,316,503,544,558
otogar-1_1-260_1476397122.jpg,244,67,car plate,510,303,754,370
otogar-1_1-260_1476397123.jpg,248,58,car plate,342,403,590,461
otogar-1_1-260_1476397124.jpg,135,35,car plate,657,442,792,477
otogar-1_1-260_1476397125.jpg,150,34,car plate,744,296,894,330
otogar-1_1-260_1476397126.jpg,118,27,car plate,689,321,807,348
otogar-1_1-260_1476397127.jpg,169,42,car plate,846,180,1015,222
otogar-1_1-260_1476397128.jpg,132,34,car plate,664,419,796,453
otogar-1_1-260_1476397129.jpg,157,34,car plate,619,252,776,286
otogar-1_1-260_1476397132.jpg,235,69,car plate,127,407,362,476
otogar-1_1-260_1476397133.jpg,158,44,car plate,613,307,771,351
otogar-1_1-260_1476397134.jpg,143,28,car plate,701,399,844,427
otogar-1_1-260_1476397135.jpg,147,34,car plate,594,300,741,334
otogar-1_1-260_1476397136.jpg,136,32,car plate,666,395,802,427
otogar-1_1-260_1476397137.jpg,167,43,car plate,481,406,648,449
otogar-1_1-260_1476397138.jpg,150,36,car plate,618,311,768,347
otogar-1_1-260_1476397139.jpg,126,36,car plate,748,432,874,468
otogar-1_1-260_1476397140.jpg,125,26,car plate,714,316,839,342
otogar-1_1-260_1476397141.jpg,151,37,car plate,681,365,832,402
otogar-1_1-260_1476397143.jpg,225,62,car plate,422,402,647,464
otogar-1_1-260_1476397144.jpg,140,28,car plate,546,386,686,414
otogar-1_1-260_1476397145.jpg,133,29,car plate,590,390,723,419
otogar-1_1-260_1476397146.jpg,128,34,car plate,673,431,801,465
otogar-1_1-260_1476397147.jpg,184,43,car plate,520,366,704,409
otogar-1_1-260_1476397148.jpg,150,35,car plate,554,363,704,398
otogar-1_1-260_1476397149.jpg,145,33,car plate,594,400,739,433
otogar-1_1-260_1476397150.jpg,197,44,car plate,548,424,745,468
otogar-1_1-260_1476397151.jpg,147,34,car plate,636,317,783,351
otogar-1_1-260_1476397152.jpg,179,42,car plate,579,279,758,321
otogar-1_1-260_1476397154.jpg,132,33,car plate,566,428,698,461
otogar-1_1-260_1476397155.jpg,173,49,car plate,487,339,660,388
otogar-1_1-260_1476397156.jpg,174,42,car plate,339,409,513,451
otogar-1_1-260_1476397157.jpg,212,54,car plate,672,233,884,287
otogar-1_1-260_1476397158.jpg,142,33,car plate,634,283,776,316
otogar-1_1-260_1476397159.jpg,152,36,car plate,684,359,836,395
otogar-1_1-260_1476397160.jpg,278,66,car plate,294,443,572,509
otogar-1_1-260_1476397161.jpg,164,37,car plate,598,486,762,523
otogar-1_1-260_1476397162.jpg,163,34,car plate,606,428,769,462
otogar-1_1-260_1476397163.jpg,133,33,car plate,607,338,740,371
otogar-1_1-260_1476397165.jpg,261,69,car plate,329,300,590,369
otogar-1_1-260_1476397166.jpg,132,32,car plate,554,381,686,413
otogar-1_1-260_1476397167.jpg,181,44,car plate,536,290,717,334
otogar-1_1-260_1476397168.jpg,126,32,car plate,769,309,895,341
otogar-1_1-260_1476397169.jpg,131,34,car plate,807,434,938,468
otogar-1_1-260_1476397170.jpg,151,34,car plate,737,349,888,383
otogar-1_1-260_1476397171.jpg,161,37,car plate,761,142,922,179
otogar-1_1-260_1476397172.jpg,129,33,car plate,566,424,695,457
otogar-1_1-260_1476397173.jpg,142,29,car plate,676,389,818,418
otogar-1_1-260_1476397174.jpg,179,43,car plate,461,384,640,427
otogar-1_1-260_1476397176.jpg,158,35,car plate,511,282,669,317
otogar-1_1-260_1476397177.jpg,116,29,car plate,573,208,689,237
otogar-1_1-260_1476397178.jpg,239,52,car plate,434,392,673,444
otogar-1_1-260_1476397179.jpg,228,61,car plate,431,257,659,318
otogar-1_1-260_1476397180.jpg,124,26,car plate,663,316,787,342
otogar-1_1-260_1476397181.jpg,167,43,car plate,528,466,695,509
otogar-1_1-260_1476397182.jpg,176,37,car plate,519,299,695,336
otogar-1_1-260_1476397183.jpg,147,33,car plate,609,317,756,350
otogar-1_1-260_1476397184.jpg,235,69,car plate,414,304,649,373
otogar-1_1-260_1476397185.jpg,143,35,car plate,679,462,822,497
otogar-1_1-260_1476397187.jpg,145,36,car plate,634,372,779,408
otogar-1_1-260_1476397188.jpg,135,35,car plate,646,439,781,474
otogar-1_1-260_1476397189.jpg,145,38,car plate,459,392,604,430
otogar-1_1-260_1476397190.jpg,223,53,car plate,296,356,519,409
otogar-1_1-260_1476397191.jpg,222,54,car plate,476,262,698,316
otogar-1_1-260_1476397192.jpg,206,46,car plate,483,194,689,240
otogar-1_1-260_1476397193.jpg,140,29,car plate,620,325,760,354
otogar-1_1-260_1476397194.jpg,126,27,car plate,679,313,805,340
otogar-1_1-260_1476397195.jpg,21,45,car plate,686,431,707,476
otogar-1_1-260_1476397196.jpg,143,38,car plate,551,352,694,390
otogar-1_1-260_1476397198.jpg,141,32,car plate,595,305,736,337
otogar-1_1-260_1476397199.jpg,175,44,car plate,591,328,766,372
otogar-1_1-260_1476397200.jpg,160,37,car plate,519,418,679,455
otogar-1_1-260_1476397201.jpg,189,45,car plate,453,330,642,375
otogar-1_1-260_1476397202.jpg,214,52,car plate,634,227,848,279
otogar-1_1-260_1476397203.jpg,136,34,car plate,650,444,786,478
otogar-1_1-260_1476397204.jpg,151,32,car plate,694,424,845,456
otogar-1_1-260_1476397205.jpg,151,34,car plate,546,264,697,298
otogar-1_1-260_1476397206.jpg,150,34,car plate,607,285,757,319
otogar-1_1-260_1476397207.jpg,142,29,car plate,668,387,810,416
otogar-1_1-260_1476397209.jpg,146,33,car plate,684,261,830,294
otogar-1_1-260_1476397210.jpg,157,38,car plate,843,210,1000,248
otogar-1_1-260_1476397211.jpg,149,33,car plate,531,308,680,341
otogar-1_1-260_1476397212.jpg,152,43,car plate,567,316,719,359
otogar-1_1-260_1476397213.jpg,148,33,car plate,612,412,760,445
otogar-1_1-260_1476397214.jpg,125,27,car plate,651,318,776,345
otogar-1_1-260_1476397215.jpg,144,35,car plate,591,329,735,364
otogar-1_1-260_1476397216.jpg,148,33,car plate,576,284,724,317
otogar-1_1-260_1476397217.jpg,157,36,car plate,530,283,687,319
otogar-1_1-260_1476397218.jpg,175,41,car plate,783,174,958,215
otogar-1_1-260_1476397220.jpg,151,34,car plate,600,423,751,457
otogar-1_1-260_1476397221.jpg,147,34,car plate,587,313,734,347
otogar-1_1-260_1476397222.jpg,129,33,car plate,617,423,746,456
otogar-1_1-260_1476397223.jpg,141,32,car plate,648,395,789,427
otogar-1_1-260_1476397224.jpg,290,77,car plate,329,529,619,606
otogar-1_1-260_1476397225.jpg,251,71,car plate,29,530,280,601
otogar-1_1-260_1476397226.jpg,146,33,car plate,672,403,818,436
otogar-1_1-260_1476397227.jpg,157,35,car plate,556,267,713,302
otogar-1_1-260_1476397228.jpg,146,34,car plate,727,420,873,454
otogar-1_1-260_1476397229.jpg,157,33,car plate,710,309,867,342
otogar-1_1-260_1476397231.jpg,159,34,car plate,842,257,1001,291
otogar-1_1-260_1476397232.jpg,132,34,car plate,644,429,776,463
otogar-1_1-260_1476397233.jpg,135,36,car plate,630,469,765,505
otogar-1_1-260_1476397234.jpg,225,58,car plate,580,239,805,297
otogar-1_1-260_1476397235.jpg,142,35,car plate,487,287,629,322
otogar-1_1-260_1476397236.jpg,156,35,car plate,674,413,830,448
otogar-1_1-260_1476397237.jpg,180,42,car plate,443,297,623,339
otogar-1_1-260_1476397238.jpg,133,32,car plate,591,377,724,409
otogar-1_1-260_1476397239.jpg,196,45,car plate,691,370,887,415
otogar-1_1-260_1476397240.jpg,174,49,car plate,264,428,438,477
otogar-1_1-260_1476397242.jpg,125,32,car plate,604,404,729,436
otogar-1_1-260_1476397243.jpg,116,69,car plate,621,231,737,300
otogar-1_1-260_1476397244.jpg,140,32,car plate,660,418,800,450
otogar-1_1-260_1476397245.jpg,147,36,car plate,711,306,858,342
otogar-1_1-260_1476397246.jpg,150,76,car plate,139,575,289,651
otogar-1_1-260_1476397247.jpg,148,38,car plate,559,250,707,288
otogar-1_1-260_1476397248.jpg,142,29,car plate,606,375,748,404
otogar-1_1-260_1476397249.jpg,158,35,car plate,625,441,783,476
otogar-1_1-260_1476397250.jpg,182,44,car plate,781,183,963,227
otogar-1_1-260_1476397251.jpg,160,43,car plate,579,309,739,352
otogar-1_1-260_1476397253.jpg,241,67,car plate,413,447,654,514
otogar-1_1-260_1476397254.jpg,143,34,car plate,632,373,775,407
otogar-1_1-260_1476397255.jpg,158,35,car plate,569,394,727,429
otogar-1_1-260_1476397256.jpg,136,32,car plate,619,396,755,428
otogar-1_1-260_1476397257.jpg,152,34,car plate,499,313,651,347
otogar-1_1-260_1476397258.jpg,132,33,car plate,649,414,781,447
otogar-1_1-260_1476397259.jpg,224,61,car plate,349,481,573,542
otogar-1_1-260_1476397260.jpg,161,37,car plate,847,171,1008,208
otogar-1_1-260_1476397261.jpg,144,32,car plate,604,391,748,423
otogar-1_1-260_1476397262.jpg,231,62,car plate,345,419,576,481
otogar-1_1-260_1476397264.jpg,178,41,car plate,611,300,789,341
otogar-1_1-260_1476397265.jpg,150,35,car plate,680,422,830,457
otogar-1_1-260_1476397266.jpg,137,34,car plate,565,435,702,469
otogar-1_1-260_1476397268.jpg,135,29,car plate,585,384,720,413
otogar-1_1-260_1476397269.jpg,132,34,car plate,654,430,786,464
otogar-1_1-260_1476397270.jpg,151,41,car plate,663,308,814,349
otogar-1_1-260_1476397271.jpg,218,53,car plate,626,233,844,286
otogar-1_1-260_1476397272.jpg,299,79,car plate,83,523,382,602
otogar-1_1-260_1476397273.jpg,185,38,car plate,385,455,570,493
otogar-1_1-260_1476397275.jpg,140,32,car plate,610,401,750,433
otogar-1_1-260_1476397276.jpg,129,29,car plate,739,329,868,358
otogar-1_1-260_1476397277.jpg,159,28,car plate,803,261,962,289
otogar-1_1-260_1476397278.jpg,130,33,car plate,598,212,728,245
otogar-1_1-260_1476397279.jpg,133,34,car plate,642,434,775,468
otogar-1_1-260_1476397280.jpg,145,29,car plate,620,363,765,392
otogar-1_1-260_1476397281.jpg,131,29,car plate,688,336,819,365
otogar-1_1-260_1476397282.jpg,182,43,car plate,467,315,649,358
otogar-1_1-260_1476397283.jpg,142,28,car plate,597,381,739,409
otogar-1_1-260_1476397284.jpg,211,51,car plate,494,243,705,294
otogar-1_1-260_1476397286.jpg,150,36,car plate,527,402,677,438
otogar-1_1-260_1476397287.jpg,208,46,car plate,636,316,844,362
otogar-1_1-260_1476397288.jpg,161,36,car plate,478,427,639,463
otogar-1_1-260_1476397289.jpg,146,33,car plate,553,314,699,347
otogar-1_1-260_1476397290.jpg,152,36,car plate,530,429,682,465
otogar-1_1-260_1476397291.jpg,142,33,car plate,670,443,812,476
otogar-1_1-260_1476397292.jpg,134,36,car plate,669,443,803,479
otogar-1_1-260_1476397293.jpg,229,53,car plate,281,361,510,414
otogar-1_1-260_1476397294.jpg,184,50,car plate,301,328,485,378
otogar-1_1-260_1476397295.jpg,162,38,car plate,840,162,1002,200
otogar-1_1-260_1476397297.jpg,207,46,car plate,549,400,756,446
otogar-1_1-260_1476397298.jpg,132,33,car plate,627,366,759,399
otogar-1_1-260_1476397299.jpg,210,55,car plate,323,202,533,257
otogar-1_1-260_1476397300.jpg,149,34,car plate,702,305,851,339
otogar-1_1-260_1476397301.jpg,145,32,car plate,698,367,843,399
otogar-1_1-260_1476397302.jpg,125,27,car plate,686,317,811,344
otogar-1_1-260_1476397303.jpg,222,59,car plate,223,368,445,427
otogar-1_1-260_1476397304.jpg,150,36,car plate,672,294,822,330
otogar-1_1-260_1476397305.jpg,137,32,car plate,554,379,691,411
otogar-1_1-260_1476397306.jpg,191,52,car plate,294,439,485,491
otogar-1_1-260_1476397308.jpg,259,59,car plate,332,381,591,440
otogar-1_1-260_1476397309.jpg,135,29,car plate,621,393,756,422
otogar-1_1-260_1476397310.jpg,142,32,car plate,574,402,716,434
otogar-1_1-260_1476397311.jpg,128,34,car plate,666,420,794,454
otogar-1_1-260_1476397312.jpg,144,35,car plate,645,422,789,457
otogar-1_1-260_1476397313.jpg,183,45,car plate,423,113,606,158
otogar-1_1-260_1476397315.jpg,133,32,car plate,730,324,863,356
otogar-1_1-260_1476397316.jpg,147,33,car plate,667,246,814,279
otogar-1_1-260_1476397317.jpg,146,33,car plate,652,415,798,448
otogar-1_1-260_1476397319.jpg,144,35,car plate,539,308,683,343
otogar-1_1-260_1476397320.jpg,115,33,car plate,599,317,714,350
otogar-1_1-260_1476397321.jpg,121,33,car plate,648,428,769,461
otogar-1_1-260_1476397322.jpg,127,27,car plate,697,324,824,351
otogar-1_1-260_1476397323.jpg,146,28,car plate,688,395,834,423
otogar-1_1-260_1476397324.jpg,162,38,car plate,849,165,1011,203
otogar-1_1-260_1476397325.jpg,151,34,car plate,537,252,688,286
otogar-1_1-260_1476397326.jpg,185,41,car plate,781,297,966,338
otogar-1_1-260_1476397327.jpg,193,42,car plate,557,297,750,339
otogar-1_1-260_1476397328.jpg,145,35,car plate,853,134,998,169
otogar-1_1-260_1476397330.jpg,173,50,car plate,566,328,739,378
otogar-1_1-260_1476397331.jpg,146,38,car plate,640,327,786,365
otogar-1_1-260_1476397332.jpg,157,34,car plate,621,381,778,415
otogar-1_1-260_1476397333.jpg,156,33,car plate,689,415,845,448
otogar-1_1-260_1476397334.jpg,132,29,car plate,602,382,734,411
otogar-1_1-260_1476397335.jpg,180,49,car plate,304,412,484,461
otogar-1_1-260_1476397336.jpg,182,41,car plate,499,314,681,355
otogar-1_1-260_1476397337.jpg,135,35,car plate,575,432,710,467
otogar-1_1-260_1476397338.jpg,250,71,car plate,319,314,569,385
otogar-1_1-260_1476397339.jpg,143,33,car plate,622,400,765,433
otogar-1_1-260_1476397341.jpg,232,58,car plate,254,383,486,441
otogar-1_1-260_1476397342.jpg,149,35,car plate,605,409,754,444
otogar-1_1-260_1476397343.jpg,158,42,car plate,608,303,766,345
otogar-1_1-260_1476397344.jpg,227,59,car plate,490,243,717,302
otogar-1_1-260_1476397345.jpg,130,33,car plate,609,411,739,444
otogar-1_1-260_1476397346.jpg,128,33,car plate,664,335,792,368
otogar-1_1-260_1476397347.jpg,149,35,car plate,599,410,748,445
otogar-1_1-260_1476397348.jpg,158,32,car plate,660,391,818,423
otogar-1_1-260_1476397349.jpg,297,76,car plate,199,564,496,640
otogar-1_1-260_1476397350.jpg,182,43,car plate,647,407,829,450
otogar-1_1-260_1476397352.jpg,143,35,car plate,588,360,731,395
otogar-1_1-260_1476397353.jpg,194,45,car plate,337,301,531,346
otogar-1_1-260_1476397354.jpg,192,46,car plate,294,264,486,310
otogar-1_1-260_1476397355.jpg,147,32,car plate,609,389,756,421
otogar-1_1-260_1476397356.jpg,131,32,car plate,771,336,902,368
otogar-1_1-260_1476397357.jpg,260,70,car plate,346,298,606,368
otogar-1_1-260_1476397358.jpg,145,29,car plate,565,298,710,327
otogar-1_1-260_1476397359.jpg,141,33,car plate,560,380,701,413
otogar-1_1-260_1476397360.jpg,192,41,car plate,599,313,791,354
otogar-1_1-260_1476397361.jpg,147,36,car plate,591,358,738,394
otogar-1_1-260_1476397363.jpg,142,34,car plate,520,354,662,388
otogar-1_1-260_1476397364.jpg,153,36,car plate,583,380,736,416
otogar-1_1-260_1476397365.jpg,201,49,car plate,571,402,772,451
otogar-1_1-260_1476397366.jpg,140,34,car plate,636,402,776,436
otogar-1_1-260_1476397367.jpg,153,38,car plate,723,124,876,162
otogar-1_1-260_1476397368.jpg,150,38,car plate,579,423,729,461
otogar-1_1-260_1476397369.jpg,153,34,car plate,724,318,877,352
otogar-1_1-260_1476397370.jpg,126,29,car plate,639,427,765,456
otogar-1_1-260_1476397371.jpg,152,35,car plate,710,320,862,355
otogar-1_1-260_1476397372.jpg,184,43,car plate,401,276,585,319
otogar-1_1-260_1476397374.jpg,132,32,car plate,571,379,703,411
otogar-1_1-260_1476397375.jpg,147,33,car plate,635,453,782,486
otogar-1_1-260_1476397376.jpg,149,35,car plate,628,293,777,328
otogar-1_1-260_1476397377.jpg,135,29,car plate,682,313,817,342
otogar-1_1-260_1476397378.jpg,160,38,car plate,818,165,978,203
otogar-1_1-260_1476397379.jpg,124,28,car plate,717,319,841,347
otogar-1_1-260_1476397380.jpg,258,68,car plate,229,446,487,514
otogar-1_1-260_1476397381.jpg,233,63,car plate,368,498,601,561
otogar-1_1-260_1476397382.jpg,158,44,car plate,537,386,695,430
otogar-1_1-260_1476397383.jpg,152,33,car plate,748,304,900,337
otogar-1_1-260_1476397385.jpg,158,36,car plate,610,444,768,480
otogar-1_1-260_1476397386.jpg,185,50,car plate,490,343,675,393
otogar-1_1-260_1476397387.jpg,136,29,car plate,512,409,648,438
otogar-1_1-260_1476397388.jpg,145,37,car plate,683,360,828,397
otogar-1_1-260_1476397389.jpg,157,33,car plate,640,493,797,526
otogar-1_1-260_1476397390.jpg,130,34,car plate,540,425,670,459
otogar-1_1-260_1476397391.jpg,189,49,car plate,259,448,448,497
otogar-1_1-260_1476397392.jpg,266,72,car plate,260,509,526,581
otogar-1_1-260_1476397393.jpg,158,38,car plate,605,388,763,426
otogar-1_1-260_1476397394.jpg,197,60,car plate,451,345,648,405
otogar-1_1-260_1476397396.jpg,135,32,car plate,580,293,715,325
otogar-1_1-260_1476397397.jpg,148,34,car plate,610,395,758,429
otogar-1_1-260_1476397398.jpg,148,41,car plate,826,200,974,241
otogar-1_1-260_1476397399.jpg,152,33,car plate,692,353,844,386
otogar-1_1-260_1476397400.jpg,166,44,car plate,592,313,758,357
otogar-1_1-260_1476397401.jpg,167,36,car plate,593,273,760,309
otogar-1_1-260_1476397402.jpg,142,32,car plate,504,406,646,438
otogar-1_1-260_1476397403.jpg,158,43,car plate,566,370,724,413
otogar-1_1-260_1476397404.jpg,147,33,car plate,704,422,851,455
otogar-1_1-260_1476397405.jpg,168,41,car plate,719,183,887,224
otogar-1_1-260_1476397407.jpg,148,38,car plate,707,444,855,482
otogar-1_1-260_1476397408.jpg,166,43,car plate,507,407,673,450
otogar-1_1-260_1476397409.jpg,151,34,car plate,639,311,790,345
otogar-1_1-260_1476397410.jpg,142,34,car plate,727,408,869,442
otogar-1_1-260_1476397411.jpg,150,34,car plate,556,421,706,455
otogar-1_1-260_1476397412.jpg,127,32,car plate,819,418,946,450
otogar-1_1-260_1476397413.jpg,190,45,car plate,269,443,459,488
otogar-1_1-260_1476397414.jpg,141,32,car plate,551,422,692,454
otogar-1_1-260_1476397415.jpg,134,32,car plate,636,387,770,419
otogar-1_1-260_1476397416.jpg,202,49,car plate,333,334,535,383
otogar-1_1-260_1476397418.jpg,242,71,car plate,20,240,262,311
otogar-1_1-260_1476397419.jpg,128,34,car plate,672,414,800,448
otogar-1_1-260_1476397420.jpg,135,29,car plate,602,378,737,407
otogar-1_1-260_1476397421.jpg,147,42,car plate,555,330,702,372
otogar-1_1-260_1476397422.jpg,133,34,car plate,749,424,882,458
otogar-1_1-260_1476397423.jpg,143,33,car plate,545,392,688,425
otogar-1_1-260_1476397424.jpg,137,29,car plate,601,391,738,420
otogar-1_1-260_1476397425.jpg,177,41,car plate,506,161,683,202
otogar-1_1-260_1476397426.jpg,133,33,car plate,643,402,776,435
otogar-1_1-260_1476397427.jpg,125,33,car plate,684,421,809,454
otogar-1_1-260_1476397429.jpg,136,25,car plate,642,398,778,423
otogar-1_1-260_1476397430.jpg,146,37,car plate,718,427,864,464
otogar-1_1-260_1476397431.jpg,137,35,car plate,538,413,675,448
otogar-1_1-260_1476397432.jpg,153,35,car plate,512,327,665,362
otogar-1_1-260_1476397433.jpg,206,50,car plate,239,461,445,511
otogar-1_1-260_1476397434.jpg,142,33,car plate,600,393,742,426
otogar-1_1-260_1476397435.jpg,193,51,car plate,437,435,630,486
otogar-1_1-260_1476397436.jpg,142,34,car plate,597,294,739,328
otogar-1_1-260_1476397437.jpg,131,34,car plate,668,422,799,456
otogar-1_1-260_1476397438.jpg,186,46,car plate,564,388,750,434
otogar-1_1-260_1476397440.jpg,147,33,car plate,580,318,727,351
otogar-1_1-260_1476397441.jpg,196,49,car plate,388,439,584,488
otogar-1_1-260_1476397442.jpg,201,52,car plate,296,324,497,376
otogar-1_1-260_1476397443.jpg,114,26,car plate,692,322,806,348
otogar-1_1-260_1476397444.jpg,161,37,car plate,631,365,792,402
otogar-1_1-260_1476397445.jpg,149,34,car plate,638,370,787,404
otogar-1_1-260_1476397446.jpg,125,32,car plate,675,421,800,453
otogar-1_1-260_1476397447.jpg,141,32,car plate,592,284,733,316
otogar-1_1-260_1476397448.jpg,146,35,car plate,480,364,626,399
otogar-1_1-260_1476397449.jpg,119,28,car plate,664,307,783,335
otogar-1_1-260_1476397451.jpg,144,32,car plate,668,385,812,417
otogar-1_1-260_1476397452.jpg,177,43,car plate,798,185,975,228
otogar-1_1-260_1476397453.jpg,178,50,car plate,464,155,642,205
otogar-1_1-260_1476397454.jpg,174,38,car plate,520,312,694,350
otogar-1_1-260_1476397455.jpg,189,50,car plate,748,492,937,542
otogar-1_1-260_1476397456.jpg,199,43,car plate,711,298,910,341
otogar-1_1-260_1476397457.jpg,273,70,car plate,179,246,452,316
otogar-1_1-260_1476397458.jpg,148,33,car plate,675,417,823,450
otogar-1_1-260_1476397459.jpg,136,36,car plate,666,393,802,429
otogar-1_1-260_1476397460.jpg,213,55,car plate,279,460,492,515
otogar-1_1-260_1476397462.jpg,148,35,car plate,938,221,1086,256
otogar-1_1-260_1476397463.jpg,129,34,car plate,722,453,851,487
otogar-1_1-260_1476397464.jpg,153,34,car plate,600,301,753,335
otogar-1_1-260_1476397465.jpg,184,54,car plate,805,479,989,533
otogar-1_1-260_1476397466.jpg,156,36,car plate,700,410,856,446
otogar-1_1-260_1476397467.jpg,243,67,car plate,240,489,483,556
otogar-1_1-260_1476397468.jpg,146,35,car plate,554,135,700,170
otogar-1_1-260_1476397469.jpg,127,33,car plate,684,420,811,453
otogar-1_1-260_1476397470.jpg,157,35,car plate,741,305,898,340
otogar-1_1-260_1476397471.jpg,135,32,car plate,477,377,612,409
otogar-1_1-260_1476397473.jpg,247,62,car plate,209,494,456,556
otogar-1_1-260_1476397474.jpg,145,33,car plate,704,401,849,434
otogar-1_1-260_1476397475.jpg,181,58,car plate,788,469,969,527
otogar-1_1-260_1476397476.jpg,209,50,car plate,537,343,746,393
otogar-1_1-260_1476397477.jpg,145,36,car plate,583,313,728,349
otogar-1_1-260_1476397478.jpg,211,53,car plate,557,219,768,272
otogar-1_1-260_1476397479.jpg,201,50,car plate,476,310,677,360
otogar-1_1-260_1476397480.jpg,119,27,car plate,671,321,790,348
otogar-1_1-260_1476397481.jpg,163,37,car plate,539,348,702,385
otogar-1_1-260_1476397482.jpg,128,34,car plate,691,417,819,451
otogar-1_1-260_1476397485.jpg,160,36,car plate,606,417,766,453
otogar-1_1-260_1476397486.jpg,125,36,car plate,828,484,953,520
otogar-1_1-260_1476397487.jpg,160,38,car plate,916,250,1076,288
otogar-1_1-260_1476397488.jpg,150,32,car plate,507,228,657,260
otogar-1_1-260_1476397489.jpg,193,52,car plate,753,206,946,258
otogar-1_1-260_1476397490.jpg,182,44,car plate,500,287,682,331
otogar-1_1-260_1476397491.jpg,181,46,car plate,299,434,480,480
otogar-1_1-260_1476397492.jpg,140,33,car plate,635,373,775,406
otogar-1_1-260_1476397493.jpg,205,44,car plate,693,316,898,360
otogar-1_1-260_1476397495.jpg,222,58,car plate,396,437,618,495
otogar-1_1-260_1476397497.jpg,140,35,car plate,680,481,820,516
otogar-1_1-260_1476397498.jpg,180,46,car plate,685,172,865,218
otogar-1_1-260_1476397499.jpg,158,34,car plate,643,404,801,438
otogar-1_1-260_1476397500.jpg,213,52,car plate,418,469,631,521
otogar-1_1-260_1476397501.jpg,259,75,car plate,4,303,263,378
otogar-1_1-260_1476397502.jpg,142,29,car plate,545,357,687,386
otogar-1_1-260_1476397503.jpg,148,34,car plate,690,295,838,329
otogar-1_1-260_1476397504.jpg,144,32,car plate,565,404,709,436
otogar-1_1-260_1476397506.jpg,177,38,car plate,552,299,729,337
otogar-1_1-260_1476397507.jpg,242,61,car plate,461,467,703,528
otogar-1_1-260_1476397508.jpg,147,34,car plate,679,396,826,430
otogar-1_1-260_1476397509.jpg,142,33,car plate,525,425,667,458
otogar-1_1-260_1476397511.jpg,128,27,car plate,692,309,820,336
otogar-1_1-260_1476397512.jpg,185,46,car plate,481,422,666,468
otogar-1_1-260_1476397513.jpg,152,35,car plate,706,306,858,341
otogar-1_1-260_1476397514.jpg,245,69,car plate,257,464,502,533
otogar-1_1-260_1476397515.jpg,158,35,car plate,755,261,913,296
otogar-1_1-260_1476397517.jpg,143,29,car plate,644,396,787,425
otogar-1_1-260_1476397518.jpg,260,63,car plate,240,529,500,592
otogar-1_1-260_1476397519.jpg,153,34,car plate,658,409,811,443
otogar-1_1-260_1476397520.jpg,144,36,car plate,475,381,619,417
otogar-1_1-260_1476397521.jpg,140,32,car plate,485,421,625,453
otogar-1_1-260_1476397522.jpg,142,38,car plate,621,309,763,347
otogar-1_1-260_1476397523.jpg,162,37,car plate,538,401,700,438
otogar-1_1-260_1476397524.jpg,141,35,car plate,690,444,831,479
otogar-1_1-260_1476397525.jpg,194,44,car plate,346,313,540,357
otogar-1_1-260_1476397526.jpg,134,36,car plate,761,469,895,505
otogar-1_1-260_1476397528.jpg,145,32,car plate,669,404,814,436
otogar-1_1-260_1476397529.jpg,146,34,car plate,579,394,725,428
otogar-1_1-260_1476397530.jpg,140,38,car plate,720,456,860,494
otogar-1_1-260_1476397531.jpg,205,52,car plate,528,406,733,458
otogar-1_1-260_1476397532.jpg,152,37,car plate,901,147,1053,184
otogar-1_1-260_1476397534.jpg,147,35,car plate,576,362,723,397
otogar-1_1-260_1476397535.jpg,117,27,car plate,617,316,734,343
otogar-1_1-260_1476397536.jpg,130,35,car plate,713,443,843,478
otogar-1_1-260_1476397537.jpg,159,35,car plate,578,377,737,412
otogar-1_1-260_1476397539.jpg,148,38,car plate,683,294,831,332
otogar-1_1-260_1476397540.jpg,198,71,car plate,1082,460,1280,531
otogar-1_1-260_1476397541.jpg,149,32,car plate,710,414,859,446
otogar-1_1-260_1476397542.jpg,159,42,car plate,860,168,1019,210
otogar-1_1-260_1476397543.jpg,141,32,car plate,605,380,746,412
otogar-1_1-260_1476397544.jpg,141,37,car plate,680,442,821,479
otogar-1_1-260_1476397545.jpg,133,32,car plate,578,391,711,423
otogar-1_1-260_1476397546.jpg,176,49,car plate,592,334,768,383
otogar-1_1-260_1476397548.jpg,153,38,car plate,547,441,700,479
otogar-1_1-260_1476397550.jpg,141,32,car plate,705,407,846,439
otogar-1_1-260_1476397551.jpg,151,35,car plate,478,367,629,402
otogar-1_1-260_1476397552.jpg,190,52,car plate,854,492,1044,544
otogar-1_1-260_1476397553.jpg,149,34,car plate,642,372,791,406
otogar-1_1-260_1476397554.jpg,141,33,car plate,569,374,710,407
otogar-1_1-260_1476397555.jpg,186,41,car plate,599,313,785,354
otogar-1_1-260_1476397556.jpg,180,38,car plate,872,280,1052,318
otogar-1_1-260_1476397557.jpg,160,34,car plate,651,424,811,458
otogar-1_1-260_1476397558.jpg,206,45,car plate,602,408,808,453
otogar-1_1-260_1476397559.jpg,235,72,car plate,218,416,453,488
otogar-1_1-260_1476397561.jpg,146,37,car plate,925,148,1071,185
otogar-1_1-260_1476397562.jpg,141,29,car plate,629,378,770,407
otogar-1_1-260_1476397563.jpg,102,69,car plate,21,479,123,548
otogar-1_1-260_1476397564.jpg,227,58,car plate,363,472,590,530
otogar-1_1-260_1476397565.jpg,186,54,car plate,769,470,955,524
otogar-1_1-260_1476397566.jpg,175,37,car plate,466,252,641,289
otogar-1_1-260_1476397568.jpg,143,33,car plate,639,396,782,429
otogar-1_1-260_1476397569.jpg,148,34,car plate,640,406,788,440
otogar-1_1-260_1476397570.jpg,153,37,car plate,649,364,802,401
otogar-1_1-260_1476397572.jpg,210,55,car plate,284,481,494,536
otogar-1_1-260_1476397573.jpg,222,53,car plate,232,362,454,415
otogar-1_1-260_1476397575.jpg,189,52,car plate,330,179,519,231
otogar-1_1-260_1476397576.jpg,202,43,car plate,711,273,913,316
otogar-1_1-260_1476397577.jpg,149,34,car plate,633,409,782,443
otogar-1_1-260_1476397578.jpg,144,32,car plate,567,255,711,287
otogar-1_1-260_1476397579.jpg,169,46,car plate,717,451,886,497
otogar-1_1-260_1476397580.jpg,129,29,car plate,646,424,775,453
otogar-1_1-260_1476397581.jpg,146,33,car plate,583,285,729,318
otogar-1_1-260_1476397583.jpg,169,38,car plate,702,433,871,471
otogar-1_1-260_1476397584.jpg,147,38,car plate,522,118,669,156
otogar-1_1-260_1476397585.jpg,133,28,car plate,580,372,713,400
otogar-1_1-260_1476397586.jpg,179,42,car plate,462,255,641,297
otogar-1_1-260_1476397587.jpg,149,35,car plate,519,309,668,344
otogar-1_1-260_1476397588.jpg,147,32,car plate,552,366,699,398
otogar-1_1-260_1476397589.jpg,162,44,car plate,606,308,768,352
otogar-1_1-260_1476397590.jpg,148,32,car plate,703,397,851,429
otogar-1_1-260_1476397591.jpg,263,68,car plate,281,412,544,480
otogar-1_1-260_1476397592.jpg,143,34,car plate,622,391,765,425
otogar-1_1-260_1476397594.jpg,131,33,car plate,561,430,692,463
otogar-1_1-260_1476397595.jpg,149,33,car plate,673,306,822,339
otogar-1_1-260_1476397596.jpg,167,41,car plate,521,138,688,179
otogar-1_1-260_1476397597.jpg,200,55,car plate,528,348,728,403
otogar-1_1-260_1476397598.jpg,177,41,car plate,564,294,741,335
otogar-1_1-260_1476397599.jpg,150,33,car plate,612,412,762,445
otogar-1_1-260_1476397600.jpg,250,69,car plate,272,502,522,571
otogar-1_1-260_1476397601.jpg,206,44,car plate,741,337,947,381
otogar-1_1-260_1476397602.jpg,126,32,car plate,625,411,751,443
otogar-1_1-260_1476397603.jpg,140,38,car plate,557,374,697,412
otogar-1_1-260_1476397605.jpg,145,37,car plate,653,282,798,319
otogar-1_1-260_1476397606.jpg,240,70,car plate,291,510,531,580
otogar-1_1-260_1476397607.jpg,197,50,car plate,602,403,799,453
otogar-1_1-260_1476397608.jpg,174,43,car plate,418,183,592,226
otogar-1_1-260_1476397609.jpg,136,37,car plate,724,489,860,526
otogar-1_1-260_1476397610.jpg,166,37,car plate,738,284,904,321
otogar-1_1-260_1476397611.jpg,164,36,car plate,559,289,723,325
otogar-1_1-260_1476397612.jpg,195,50,car plate,319,322,514,372
otogar-1_1-260_1476397613.jpg,169,46,car plate,437,417,606,463
otogar-1_1-260_1476397614.jpg,141,34,car plate,709,294,850,328
otogar-1_1-260_1476397616.jpg,158,38,car plate,636,325,794,363
otogar-1_1-260_1476397617.jpg,181,38,car plate,763,290,944,328
otogar-1_1-260_1476397618.jpg,149,32,car plate,677,440,826,472
otogar-1_1-260_1476397619.jpg,184,50,car plate,607,335,791,385
otogar-1_1-260_1476397620.jpg,120,27,car plate,697,306,817,333
otogar-1_1-260_1476397621.jpg,147,35,car plate,734,297,881,332
otogar-1_1-260_1476397622.jpg,150,33,car plate,504,382,654,415
otogar-1_1-260_1476397623.jpg,136,32,car plate,547,402,683,434
otogar-1_1-260_1476397624.jpg,176,38,car plate,631,264,807,302
otogar-1_1-260_1476397625.jpg,136,29,car plate,581,368,717,397
otogar-1_1-260_1476397627.jpg,146,32,car plate,613,309,759,341
otogar-1_1-260_1476397628.jpg,169,42,car plate,513,399,682,441
otogar-1_1-260_1476397629.jpg,130,29,car plate,585,218,715,247
otogar-1_1-260_1476397630.jpg,150,37,car plate,488,370,638,407
otogar-1_1-260_1476397631.jpg,182,38,car plate,856,277,1038,315
otogar-1_1-260_1476397632.jpg,167,44,car plate,433,424,600,468
otogar-1_1-260_1476397633.jpg,134,38,car plate,548,438,682,476
otogar-1_1-260_1476397634.jpg,163,35,car plate,597,263,760,298
otogar-1_1-260_1476397635.jpg,194,55,car plate,197,429,391,484
otogar-1_1-260_1476397636.jpg,129,33,car plate,728,432,857,465
otogar-1_1-260_1476397638.jpg,235,60,car plate,562,323,797,383
otogar-1_1-260_1476397639.jpg,152,42,car plate,723,293,875,335
otogar-1_1-260_1476397640.jpg,145,35,car plate,456,370,601,405
otogar-1_1-260_1476397641.jpg,137,35,car plate,648,450,785,485
otogar-1_1-260_1476397642.jpg,143,33,car plate,636,281,779,314
otogar-1_1-260_1476397643.jpg,189,42,car plate,421,324,610,366
otogar-1_1-260_1476397644.jpg,140,32,car plate,574,402,714,434
otogar-1_1-260_1476397645.jpg,140,36,car plate,708,475,848,511
otogar-1_1-260_1476397646.jpg,192,46,car plate,764,211,956,257
otogar-1_1-260_1476397647.jpg,159,35,car plate,487,271,646,306
otogar-1_1-260_1476397649.jpg,148,33,car plate,659,398,807,431
otogar-1_1-260_1476397650.jpg,135,34,car plate,637,438,772,472
otogar-1_1-260_1476397651.jpg,136,33,car plate,745,423,881,456
otogar-1_1-260_1476397652.jpg,147,34,car plate,614,344,761,378
otogar-1_1-260_1476397653.jpg,297,69,car plate,537,461,834,530
otogar-1_1-260_1476397654.jpg,175,43,car plate,574,380,749,423
otogar-1_1-260_1476397655.jpg,135,34,car plate,630,379,765,413
otogar-1_1-260_1476397656.jpg,181,50,car plate,546,346,727,396
otogar-1_1-260_1476397657.jpg,169,41,car plate,806,169,975,210
otogar-1_1-260_1476397658.jpg,135,33,car plate,500,397,635,430
otogar-1_1-260_1476397660.jpg,149,33,car plate,674,469,823,502
otogar-1_1-260_1476397661.jpg,134,34,car plate,646,431,780,465
otogar-1_1-260_1476397662.jpg,121,28,car plate,661,313,782,341
otogar-1_1-260_1476397663.jpg,149,33,car plate,634,291,783,324
otogar-1_1-260_1476397664.jpg,208,61,car plate,914,495,1122,556
otogar-1_1-260_1476397665.jpg,163,35,car plate,618,450,781,485
otogar-1_1-260_1476397666.jpg,133,34,car plate,617,413,750,447
otogar-1_1-260_1476397667.jpg,226,66,car plate,366,203,592,269
otogar-1_1-260_1476397668.jpg,131,32,car plate,582,377,713,409
otogar-1_1-260_1476397669.jpg,140,29,car plate,612,284,752,313
otogar-1_1-260_1476397671.jpg,126,27,car plate,680,323,806,350
otogar-1_1-260_1476397672.jpg,149,41,car plate,662,297,811,338
otogar-1_1-260_1476397673.jpg,127,35,car plate,691,435,818,470
otogar-1_1-260_1476397674.jpg,150,38,car plate,811,153,961,191
otogar-1_1-260_1476397675.jpg,158,42,car plate,589,385,747,427
otogar-1_1-260_1476397676.jpg,158,38,car plate,593,422,751,460
otogar-1_1-260_1476397677.jpg,209,58,car plate,257,468,466,526
otogar-1_1-260_1476397678.jpg,145,34,car plate,562,308,707,342
otogar-1_1-260_1476397679.jpg,158,42,car plate,566,103,724,145
otogar-1_1-260_1476397680.jpg,251,61,car plate,297,401,548,462
otogar-1_1-260_1476397682.jpg,144,36,car plate,663,355,807,391
otogar-1_1-260_1476397683.jpg,140,34,car plate,516,365,656,399
otogar-1_1-260_1476397684.jpg,231,63,car plate,448,272,679,335
otogar-1_1-260_1476397685.jpg,172,38,car plate,476,411,648,449
otogar-1_1-260_1476397686.jpg,182,53,car plate,564,340,746,393
otogar-1_1-260_1476397687.jpg,150,35,car plate,718,460,868,495
otogar-1_1-260_1476397688.jpg,108,24,car plate,630,278,738,302
otogar-1_1-260_1476397690.jpg,127,33,car plate,662,425,789,458
otogar-1_1-260_1476397691.jpg,156,41,car plate,751,129,907,170
otogar-1_1-260_1476397693.jpg,143,29,car plate,625,398,768,427
otogar-1_1-260_1476397694.jpg,175,42,car plate,486,397,661,439
otogar-1_1-260_1476397695.jpg,153,36,car plate,611,422,764,458
otogar-1_1-260_1476397696.jpg,142,37,car plate,590,344,732,381
otogar-1_1-260_1476397697.jpg,227,68,car plate,389,395,616,463
otogar-1_1-260_1476397698.jpg,209,50,car plate,413,406,622,456
otogar-1_1-260_1476397699.jpg,251,60,car plate,297,401,548,461
otogar-1_1-260_1476397700.jpg,189,45,car plate,664,312,853,357
otogar-1_1-260_1476397701.jpg,142,29,car plate,592,384,734,413
otogar-1_1-260_1476397702.jpg,125,27,car plate,650,305,775,332
otogar-1_1-260_1476397704.jpg,133,32,car plate,634,392,767,424
otogar-1_1-260_1476397705.jpg,227,55,car plate,512,259,739,314
otogar-1_1-260_1476397706.jpg,136,34,car plate,680,441,816,475
otogar-1_1-260_1476397707.jpg,168,36,car plate,518,271,686,307
otogar-1_1-260_1476397708.jpg,169,36,car plate,572,290,741,326
otogar-1_1-260_1476397709.jpg,239,71,car plate,295,518,534,589
otogar-1_1-260_1476397710.jpg,162,35,car plate,684,420,846,455
otogar-1_1-260_1476397711.jpg,144,33,car plate,661,401,805,434
otogar-1_1-260_1476397713.jpg,181,45,car plate,741,189,922,234
otogar-1_1-260_1476397715.jpg,136,35,car plate,627,433,763,468
otogar-1_1-260_1476397716.jpg,134,29,car plate,617,386,751,415
otogar-1_1-260_1476397717.jpg,153,34,car plate,739,420,892,454
otogar-1_1-260_1476397718.jpg,255,54,car plate,599,362,854,416
otogar-1_1-260_1476397719.jpg,149,38,car plate,645,398,794,436
otogar-1_1-260_1476397720.jpg,161,35,car plate,507,275,668,310
otogar-1_1-260_1476397721.jpg,152,35,car plate,661,290,813,325
otogar-1_1-260_1476397722.jpg,163,35,car plate,521,345,684,380
otogar-1_1-260_1476397723.jpg,125,29,car plate,733,310,858,339
otogar-1_1-260_1476397724.jpg,141,35,car plate,580,455,721,490
otogar-1_1-260_1476397726.jpg,136,34,car plate,732,419,868,453
otogar-1_1-260_1476397727.jpg,142,32,car plate,594,398,736,430
otogar-1_1-260_1476397728.jpg,201,50,car plate,698,209,899,259
otogar-1_1-260_1476397729.jpg,153,35,car plate,721,311,874,346
otogar-1_1-260_1476397730.jpg,201,43,car plate,411,306,612,349
otogar-1_1-260_1476397732.jpg,126,32,car plate,530,353,656,385
otogar-1_1-260_1476397733.jpg,150,33,car plate,671,433,821,466
otogar-1_1-260_1476397734.jpg,152,38,car plate,971,159,1123,197
otogar-1_1-260_1476397735.jpg,164,37,car plate,574,276,738,313
otogar-1_1-260_1476397737.jpg,132,32,car plate,765,326,897,358
otogar-1_1-260_1476397738.jpg,201,50,car plate,389,448,590,498
otogar-1_1-260_1476397739.jpg,136,33,car plate,567,409,703,442
otogar-1_1-260_1476397740.jpg,140,38,car plate,702,282,842,320
otogar-1_1-260_1476397741.jpg,147,33,car plate,497,437,644,470
otogar-1_1-260_1476397742.jpg,151,37,car plate,645,355,796,392
otogar-1_1-260_1476397743.jpg,141,32,car plate,678,294,819,326
otogar-1_1-260_1476397744.jpg,126,34,car plate,645,415,771,449
otogar-1_1-260_1476397745.jpg,149,34,car plate,636,420,785,454
otogar-1_1-260_1476397746.jpg,265,76,car plate,137,556,402,632
otogar-1_1-260_1476397748.jpg,149,36,car plate,629,347,778,383
otogar-1_1-260_1476397749.jpg,166,36,car plate,900,169,1066,205
otogar-1_1-260_1476397750.jpg,256,81,car plate,155,582,411,663
otogar-1_1-260_1476397751.jpg,146,32,car plate,479,435,625,467
otogar-1_1-260_1476397752.jpg,149,33,car plate,647,409,796,442
otogar-1_1-260_1476397753.jpg,140,32,car plate,557,284,697,316
otogar-1_1-260_1476397754.jpg,243,63,car plate,256,519,499,582
otogar-1_1-260_1476397755.jpg,140,29,car plate,475,344,615,373
otogar-1_1-260_1476397756.jpg,157,33,car plate,632,323,789,356
otogar-1_1-260_1476397757.jpg,210,51,car plate,664,250,874,301
otogar-1_1-260_1476397759.jpg,144,33,car plate,667,393,811,426
otogar-1_1-260_1476397760.jpg,140,35,car plate,574,360,714,395
otogar-1_1-260_1476397761.jpg,212,59,car plate,416,430,628,489
otogar-1_1-260_1476397762.jpg,182,45,car plate,456,395,638,440
otogar-1_1-260_1476397763.jpg,142,35,car plate,629,308,771,343
otogar-1_1-260_1476397764.jpg,134,34,car plate,630,428,764,462
otogar-1_1-260_1476397765.jpg,142,36,car plate,623,416,765,452
otogar-1_1-260_1476397766.jpg,114,26,car plate,645,315,759,341
otogar-1_1-260_1476397767.jpg,151,35,car plate,627,412,778,447
otogar-1_1-260_1476397768.jpg,254,76,car plate,193,473,447,549
otogar-1_1-260_1476397770.jpg,143,35,car plate,617,299,760,334
otogar-1_1-260_1476397771.jpg,184,43,car plate,428,437,612,480
otogar-1_1-260_1476397772.jpg,147,32,car plate,589,398,736,430
otogar-1_1-260_1476397773.jpg,142,34,car plate,665,397,807,431
otogar-1_1-260_1476397774.jpg,148,32,car plate,662,370,810,402
otogar-1_1-260_1476397775.jpg,136,36,car plate,662,434,798,470
otogar-1_1-260_1476397776.jpg,151,33,car plate,615,318,766,351
otogar-1_1-260_1476397777.jpg,164,42,car plate,567,310,731,352
otogar-1_1-260_1476397778.jpg,217,55,car plate,382,369,599,424
otogar-1_1-260_1476397779.jpg,145,37,car plate,521,418,666,455
otogar-1_1-260_1476397781.jpg,140,42,car plate,816,506,956,548
otogar-1_1-260_1476397782.jpg,260,68,car plate,294,515,554,583
otogar-1_1-260_1476397783.jpg,128,33,car plate,613,416,741,449
otogar-1_1-260_1476397784.jpg,147,36,car plate,586,353,733,389
otogar-1_1-260_1476397785.jpg,183,43,car plate,352,287,535,330
otogar-1_1-260_1476397786.jpg,224,66,car plate,273,459,497,525
otogar-1_1-260_1476397787.jpg,133,27,car plate,666,319,799,346
otogar-1_1-260_1476397788.jpg,145,32,car plate,642,304,787,336
otogar-1_1-260_1476397789.jpg,128,37,car plate,691,434,819,471
otogar-1_1-260_1476397790.jpg,140,35,car plate,609,348,749,383
otogar-1_1-260_1476397792.jpg,177,41,car plate,562,409,739,450
otogar-1_1-260_1476397793.jpg,127,29,car plate,607,223,734,252
otogar-1_1-260_1476397794.jpg,146,33,car plate,470,423,616,456
otogar-1_1-260_1476397795.jpg,149,32,car plate,662,382,811,414
otogar-1_1-260_1476397796.jpg,175,43,car plate,787,154,962,197
otogar-1_1-260_1476397797.jpg,183,50,car plate,554,335,737,385
otogar-1_1-260_1476397798.jpg,121,28,car plate,682,326,803,354
otogar-1_1-260_1476397799.jpg,143,34,car plate,633,395,776,429
otogar-1_1-260_1476397800.jpg,235,86,car plate,134,573,369,659
otogar-1_1-260_1476397801.jpg,250,60,car plate,385,493,635,553
otogar-1_1-260_1476397803.jpg,178,46,car plate,557,110,735,156
otogar-1_1-260_1476397804.jpg,149,34,car plate,650,417,799,451
otogar-1_1-260_1476397805.jpg,149,34,car plate,574,389,723,423
otogar-1_1-260_1476397806.jpg,246,63,car plate,376,282,622,345
otogar-1_1-260_1476397807.jpg,218,62,car plate,344,377,562,439
otogar-1_1-260_1476397808.jpg,234,85,car plate,134,574,368,659
otogar-1_1-260_1476397809.jpg,129,32,car plate,668,383,797,415
otogar-1_1-260_1476397810.jpg,186,41,car plate,759,275,945,316
otogar-1_1-260_1476397811.jpg,254,70,car plate,181,511,435,581
otogar-1_1-260_1476397812.jpg,200,46,car plate,424,332,624,378
otogar-1_1-260_1476397814.jpg,151,37,car plate,788,147,939,184
otogar-1_1-260_1476397815.jpg,200,55,car plate,574,359,774,414
otogar-1_1-260_1476397816.jpg,142,32,car plate,603,295,745,327
otogar-1_1-260_1476397817.jpg,131,28,car plate,613,374,744,402
otogar-1_1-260_1476397818.jpg,156,34,car plate,569,423,725,457
otogar-1_1-260_1476397819.jpg,267,94,car plate,108,627,375,721
otogar-1_1-260_1476397820.jpg,151,35,car plate,669,410,820,445
otogar-1_1-260_1476397821.jpg,140,33,car plate,569,440,709,473
otogar-1_1-260_1476397822.jpg,145,43,car plate,605,289,750,332
otogar-1_1-260_1476397823.jpg,191,45,car plate,418,322,609,367
otogar-1_1-260_1476397825.jpg,185,49,car plate,543,435,728,484
otogar-1_1-260_1476397826.jpg,133,28,car plate,628,374,761,402
otogar-1_1-260_1476397827.jpg,151,34,car plate,609,307,760,341
otogar-1_1-260_1476397828.jpg,135,33,car plate,604,475,739,508
otogar-1_1-260_1476397829.jpg,143,32,car plate,599,394,742,426
otogar-1_1-260_1476397830.jpg,213,54,car plate,484,411,697,465
otogar-1_1-260_1476397831.jpg,162,42,car plate,585,310,747,352
otogar-1_1-260_1476397832.jpg,133,33,car plate,722,423,855,456
otogar-1_1-260_1476397833.jpg,128,29,car plate,637,376,765,405
otogar-1_1-260_1476397834.jpg,152,32,car plate,591,392,743,424
otogar-1_1-260_1476397836.jpg,152,33,car plate,647,419,799,452
otogar-1_1-260_1476397837.jpg,200,76,car plate,274,476,474,552
otogar-1_1-260_1476397838.jpg,127,34,car plate,643,422,770,456
otogar-1_1-260_1476397839.jpg,192,43,car plate,485,413,677,456
otogar-1_1-260_1476397840.jpg,168,42,car plate,549,359,717,401
otogar-1_1-260_1476397841.jpg,165,35,car plate,840,257,1005,292
otogar-1_1-260_1476397842.jpg,169,42,car plate,430,295,599,337
otogar-1_1-260_1476397843.jpg,181,50,car plate,646,346,827,396
otogar-1_1-260_1476397844.jpg,142,36,car plate,503,420,645,456
otogar-1_1-260_1476397845.jpg,134,35,car plate,720,449,854,484
otogar-1_1-260_1476397847.jpg,144,34,car plate,497,415,641,449
otogar-1_1-260_1476397848.jpg,230,55,car plate,281,471,511,526
otogar-1_1-260_1476397849.jpg,184,54,car plate,796,481,980,535
otogar-1_1-260_1476397850.jpg,137,35,car plate,556,354,693,389
otogar-1_1-260_1476397851.jpg,185,43,car plate,481,351,666,394
otogar-1_1-260_1476397853.jpg,143,33,car plate,639,260,782,293
otogar-1_1-260_1476397854.jpg,125,29,car plate,780,324,905,353
otogar-1_1-260_1476397855.jpg,151,37,car plate,654,366,805,403
otogar-1_1-260_1476397856.jpg,180,49,car plate,558,332,738,381
otogar-1_1-260_1476397858.jpg,167,43,car plate,566,273,733,316
otogar-1_1-260_1476397859.jpg,273,78,car plate,214,509,487,587
otogar-1_1-260_1476397860.jpg,215,66,car plate,308,387,523,453
otogar-1_1-260_1476397861.jpg,177,50,car plate,545,327,722,377
video0000_.raw_2.jpg,230,67,car plate,567,227,797,294
video0002.raw_10.jpg,272,68,car plate,534,81,806,149
video0002.raw_8.jpg,110,66,car plate,590,412,700,478
video0002.raw_9.jpg,247,69,car plate,543,240,790,309
video0006.raw_28.jpg,169,69,car plate,503,109,672,178
video0006.raw_8.jpg,280,69,car plate,331,181,611,250
video0012.raw_4.jpg,263,71,car plate,447,269,710,340
video0012.raw_5.jpg,292,72,car plate,426,97,718,169
video0015.raw_19.jpg,245,71,car plate,656,426,901,497
video0015.raw_20.jpg,267,70,car plate,624,295,891,365
video0015.raw_21.jpg,259,69,car plate,621,175,880,244
video0016.raw_21.jpg,254,68,car plate,619,147,873,215
video0016.raw_22.jpg,307,67,car plate,554,22,861,89
video0017.raw_14.jpg,251,70,car plate,538,48,789,118
video0022.raw_16.jpg,277,70,car plate,416,170,693,240
video0022.raw_17.jpg,270,69,car plate,420,29,690,98
video0028.raw_14.jpg,240,70,car plate,331,235,571,305
video0032.raw_16.jpg,248,71,car plate,291,194,539,265
video0032.raw_17.jpg,274,69,car plate,307,21,581,90
video0033.raw_2.jpg,282,76,car plate,585,502,867,578
video0033.raw_3.jpg,266,75,car plate,589,301,855,376
video0034.raw_13.jpg,205,69,car plate,752,312,957,381
video0034.raw_14.jpg,264,71,car plate,681,128,945,199
video0036.raw_13.jpg,246,67,car plate,555,54,801,121
video0039.raw_11.jpg,229,67,car plate,575,247,804,314
video0040.raw_12.jpg,276,66,car plate,408,173,684,239
video0043.raw_12.jpg,282,70,car plate,467,121,749,191
video0044.raw_10.jpg,209,63,car plate,552,174,761,237
video0045.raw_7.jpg,117,66,car plate,458,420,575,486
video0045.raw_8.jpg,281,71,car plate,449,208,730,279
video0058.raw_13.jpg,270,71,car plate,707,580,977,651
video0058.raw_14.jpg,289,71,car plate,673,389,962,460
video0058.raw_15.jpg,276,66,car plate,669,218,945,284
video0059.raw_11.jpg,114,63,car plate,769,379,883,442
video0059.raw_12.jpg,282,67,car plate,594,228,876,295
video0061.raw_13.jpg,238,67,car plate,420,151,658,218
video0061.raw_39.jpg,286,70,car plate,472,108,758,178
video0065.raw_12.jpg,263,71,car plate,693,433,956,504
video0065.raw_13.jpg,251,69,car plate,690,277,941,346
video0065.raw_14.jpg,277,69,car plate,683,132,960,201
video0068.raw_14.jpg,281,70,car plate,563,369,844,439
video0068.raw_15.jpg,273,68,car plate,562,238,835,306
video0069.raw_7.jpg,282,71,car plate,518,108,800,179
video0072.raw_13.jpg,231,67,car plate,398,94,629,161
video0073.raw_15.jpg,276,70,car plate,599,207,875,277
video0074.raw_10.jpg,272,63,car plate,476,109,748,172
video0074.raw_8.jpg,264,70,car plate,514,493,778,563
video0074.raw_9.jpg,286,68,car plate,479,290,765,358
video0075.raw_6.jpg,223,69,car plate,651,445,874,514
video0075.raw_7.jpg,214,69,car plate,647,278,861,347
video0075.raw_8.jpg,283,68,car plate,605,125,888,193
video0078.raw_12.jpg,290,70,car plate,727,120,1017,190
video0079.raw_8.jpg,178,66,car plate,866,478,1044,544
video0079.raw_9.jpg,286,68,car plate,740,269,1026,337
video0084.raw_7.jpg,277,66,car plate,491,333,768,399
video0085.raw_10.jpg,288,71,car plate,702,185,990,256
video0085.raw_11.jpg,276,68,car plate,690,26,966,94
video0086.raw_8.jpg,283,68,car plate,697,224,980,292
video0087.raw_10.jpg,168,66,car plate,603,331,771,397
video0087.raw_11.jpg,276,68,car plate,559,164,835,232
video0087.raw_39.jpg,229,67,car plate,398,97,627,164
video0087.raw_57.jpg,279,71,car plate,393,364,672,435
video0087.raw_58.jpg,265,69,car plate,405,207,670,276
video0092.raw_13.jpg,162,67,car plate,628,87,790,154
video0092.raw_67.jpg,281,69,car plate,669,35,950,104
video0095.raw_14.jpg,280,68,car plate,566,197,846,265
video0096.raw_10.jpg,283,71,car plate,703,275,986,346
video0096.raw_11.jpg,273,68,car plate,702,107,975,175
video0096.raw_9.jpg,224,70,car plate,771,461,995,531
video0100.raw_10.jpg,279,69,car plate,393,204,672,273
video0100.raw_9.jpg,217,69,car plate,461,395,678,464
video0102.raw_7.jpg,163,66,car plate,671,156,834,222
video0104.raw_13.jpg,240,69,car plate,621,162,861,231
video0110.raw_3.jpg,336,75,car plate,632,730,968,805
video0110.raw_4.jpg,314,70,car plate,626,479,940,549
video0110.raw_5.jpg,297,66,car plate,618,259,915,325
video0112.raw_15.jpg,172,68,car plate,822,146,994,214
video0112.raw_16.jpg,280,72,car plate,709,8,989,80
video0114.raw_11.jpg,291,75,car plate,766,333,1057,408
video0114.raw_12.jpg,277,71,car plate,762,167,1039,238
video0115.raw_7.jpg,295,72,car plate,381,165,676,237
video0116.raw_3.jpg,117,68,car plate,702,132,819,200
video0118.raw_6.jpg,287,71,car plate,648,261,935,332
video0119.raw_1.jpg,166,67,car plate,672,272,838,339
video0120.raw_10.jpg,120,66,car plate,876,436,996,502
video0120.raw_11.jpg,289,70,car plate,700,257,989,327
video0124.raw_9.jpg,280,71,car plate,697,124,977,195
video0126.raw_2.jpg,247,69,car plate,629,434,876,503
video0126.raw_3.jpg,300,69,car plate,558,232,858,301
video0128.raw_41.jpg,320,72,car plate,497,98,817,170
video0131.raw_12.jpg,286,69,car plate,438,299,724,368
video0131.raw_13.jpg,276,68,car plate,446,140,722,208
video0133.raw_11.jpg,211,68,car plate,679,355,890,423
video0133.raw_12.jpg,275,69,car plate,675,180,950,249
video0136.raw_9.jpg,282,77,car plate,471,281,753,358
video0139.raw_4.jpg,282,68,car plate,600,314,882,382
video0140.raw_8.jpg,280,71,car plate,585,143,865,214
video0146.raw_1.jpg,292,69,car plate,170,394,462,463
video0149.raw_1.jpg,209,69,car plate,631,256,840,325
video0151.raw_9.jpg,208,68,car plate,655,112,863,180
video0153.raw_10.jpg,293,68,car plate,522,179,815,247
video0153.raw_9.jpg,183,66,car plate,574,346,757,412
video0158.raw_5.jpg,265,66,car plate,415,146,680,212
video0159.raw_9.jpg,276,71,car plate,693,267,969,338
video0160.raw_4.jpg,277,71,car plate,679,152,956,223
video0163.raw_10.jpg,287,68,car plate,558,287,845,355
video0163.raw_11.jpg,276,66,car plate,551,141,827,207
video0163.raw_9.jpg,298,72,car plate,566,444,864,516
video0171.raw_5.jpg,291,72,car plate,490,175,781,247
video0173.raw_9.jpg,172,67,car plate,792,304,964,371
video0174.raw_8.jpg,152,67,car plate,600,371,752,438
video0176.raw_8.jpg,289,69,car plate,546,311,835,380
video0178.raw_12.jpg,115,66,car plate,535,219,650,285
video0179.raw_10.jpg,270,69,car plate,399,173,669,242
video0184.raw_10.jpg,288,70,car plate,470,381,758,451
video0184.raw_11.jpg,274,67,car plate,473,203,747,270
video0189.raw_10.jpg,288,68,car plate,542,398,830,466
video0195.raw_15.jpg,218,70,car plate,418,201,636,271
video0195.raw_16.jpg,290,68,car plate,383,60,673,128
video0196.raw_13.jpg,288,72,car plate,665,434,953,506
video0196.raw_14.jpg,274,70,car plate,660,265,934,335
video0196.raw_15.jpg,264,67,car plate,653,111,917,178
video0196.raw_43.jpg,228,68,car plate,656,135,884,203
video0197.raw_10.jpg,271,67,car plate,357,260,628,327
video0197.raw_9.jpg,287,69,car plate,344,461,631,530
video0198.raw_13.jpg,223,70,car plate,661,245,884,315
video0198.raw_14.jpg,282,70,car plate,656,79,938,149
video0204.raw_37.jpg,225,76,car plate,269,251,494,327
video0204.raw_38.jpg,294,79,car plate,301,89,595,168
video0204.raw_76.jpg,243,68,car plate,609,262,852,330
video0205.raw_7.jpg,278,68,car plate,600,245,878,313
video0206.raw_5.jpg,274,71,car plate,629,297,903,368
video0207.raw_9.jpg,206,68,car plate,537,133,743,201
video0210.raw_7.jpg,215,67,car plate,329,317,544,384
video0214.raw_11.jpg,251,67,car plate,537,92,788,159
video0217.raw_6.jpg,174,68,car plate,662,403,836,471
video0217.raw_7.jpg,279,67,car plate,550,199,829,266
video0218.raw_4.jpg,290,70,car plate,739,250,1029,320
video0219.raw_10.jpg,275,69,car plate,600,2,875,71
video0219.raw_9.jpg,290,72,car plate,599,177,889,249
video0220.raw_6.jpg,242,63,car plate,736,153,978,216
video0221.raw_13.jpg,114,62,car plate,849,321,963,383
video0221.raw_14.jpg,238,68,car plate,677,134,915,202
video0223.raw_11.jpg,242,71,car plate,726,253,968,324
video0223.raw_12.jpg,265,70,car plate,716,71,981,141
video0229.raw_3.jpg,279,69,car plate,660,321,939,390
video0231.raw_10.jpg,282,67,car plate,275,286,557,353
video0234.raw_18.jpg,279,68,car plate,564,392,843,460
video0234.raw_19.jpg,267,66,car plate,563,231,830,297
video0235.raw_12.jpg,319,72,car plate,591,25,910,97
video0238.raw_8.jpg,186,68,car plate,609,352,795,420
video0238.raw_9.jpg,215,70,car plate,574,180,789,250
video0240.raw_17.jpg,277,68,car plate,558,160,835,228
video0240.raw_18.jpg,267,63,car plate,560,11,827,74
video0243.raw_14.jpg,218,70,car plate,673,159,891,229
video0244.raw_11.jpg,282,66,car plate,794,268,1076,334
video0245.raw_15.jpg,278,70,car plate,730,220,1008,290
video0247.raw_12.jpg,250,70,car plate,252,299,502,369
video0247.raw_13.jpg,280,71,car plate,264,157,544,228
video0251.raw_15.jpg,260,69,car plate,520,358,780,427
video0251.raw_16.jpg,281,68,car plate,489,163,770,231
video0255.raw_16.jpg,211,68,car plate,696,440,907,508
video0255.raw_17.jpg,282,70,car plate,622,308,904,378
video0255.raw_18.jpg,274,68,car plate,622,188,896,256
video0257.raw_16.jpg,180,66,car plate,762,234,942,300
video0257.raw_17.jpg,289,70,car plate,714,92,1003,162
video0259.raw_14.jpg,206,67,car plate,510,65,716,132
video0261.raw_13.jpg,289,69,car plate,541,357,830,426
video0261.raw_14.jpg,275,67,car plate,541,186,816,253
video0261.raw_88.jpg,287,70,car plate,440,213,727,283
video0262.raw_41.jpg,286,69,car plate,515,261,801,330
video0263.raw_64.jpg,293,72,car plate,658,378,951,450
video0263.raw_65.jpg,277,69,car plate,654,175,931,244
video0265.raw_15.jpg,270,68,car plate,580,164,850,232
video0265.raw_69.jpg,297,70,car plate,614,223,911,293
video0269.raw_5.jpg,119,68,car plate,590,350,709,418
video0269.raw_6.jpg,293,69,car plate,575,150,868,219
video0270.raw_116.jpg,211,71,car plate,616,362,827,433
video0270.raw_117.jpg,239,70,car plate,612,196,851,266
video0271.raw_15.jpg,112,63,car plate,702,552,814,615
video0271.raw_16.jpg,280,68,car plate,655,364,935,432
video0271.raw_17.jpg,266,66,car plate,655,194,921,260
video0271.raw_83.jpg,287,70,car plate,730,271,1017,341
video0272.raw_84.jpg,180,68,car plate,806,494,986,562
video0272.raw_85.jpg,283,68,car plate,684,292,967,360
video0272.raw_86.jpg,273,66,car plate,674,110,947,176
video0275.raw_3.jpg,276,69,car plate,614,181,890,250
video0275.raw_80.jpg,245,68,car plate,705,238,950,306
video0275.raw_81.jpg,297,69,car plate,634,69,931,138
video0283.raw_42.jpg,216,68,car plate,630,277,846,345
video0283.raw_43.jpg,288,69,car plate,544,122,832,191
video0283.raw_75.jpg,175,67,car plate,572,460,747,527
video0283.raw_76.jpg,272,70,car plate,532,309,804,379
video0286.raw_11.jpg,151,62,car plate,565,199,716,261
video0288.raw_11.jpg,230,69,car plate,553,360,783,429
video0288.raw_12.jpg,294,67,car plate,535,146,829,213
video0290.raw_10.jpg,289,75,car plate,562,389,851,464
video0290.raw_11.jpg,273,72,car plate,554,171,827,243
video0291.raw_10.jpg,272,68,car plate,567,126,839,194
video0291.raw_9.jpg,288,70,car plate,566,326,854,396
video0293.raw_10.jpg,274,68,car plate,628,208,902,276
video0293.raw_9.jpg,290,71,car plate,636,415,926,486
video0295.raw_15.jpg,261,71,car plate,514,294,775,365
video0295.raw_16.jpg,293,71,car plate,514,120,807,191
video0297.raw_32.jpg,281,78,car plate,609,498,890,576
video0297.raw_33.jpg,267,72,car plate,618,320,885,392
video0297.raw_34.jpg,258,72,car plate,623,154,881,226
video0303.raw_16.jpg,213,70,car plate,562,390,775,460
video0303.raw_17.jpg,281,71,car plate,558,204,839,275
video0304.raw_10.jpg,260,67,car plate,458,129,718,196
video0304.raw_9.jpg,272,69,car plate,453,313,725,382
video0306.raw_113.jpg,305,69,car plate,729,595,1034,664
video0306.raw_114.jpg,288,68,car plate,713,388,1001,456
video0306.raw_115.jpg,274,62,car plate,698,202,972,264
video0306.raw_16.jpg,213,67,car plate,618,183,831,250
video0306.raw_17.jpg,311,70,car plate,606,49,917,119
video0306.raw_38.jpg,280,68,car plate,631,385,911,453
video0306.raw_39.jpg,273,68,car plate,624,236,897,304
video0307.raw_16.jpg,287,71,car plate,698,276,985,347
video0307.raw_17.jpg,275,71,car plate,692,128,967,199
video0308.raw_68.jpg,281,70,car plate,757,326,1038,396
video0308.raw_69.jpg,271,68,car plate,745,169,1016,237
video0308.raw_99.jpg,270,62,car plate,457,167,727,229
video0309.raw_14.jpg,247,68,car plate,223,380,470,448
video0309.raw_15.jpg,280,68,car plate,190,232,470,300
video0310.raw_15.jpg,262,72,car plate,460,337,722,409
video0310.raw_16.jpg,291,70,car plate,463,173,754,243
video0311.raw_11.jpg,241,71,car plate,682,270,923,341
video0311.raw_12.jpg,275,71,car plate,634,98,909,169
video0312.raw_17.jpg,195,62,car plate,584,117,779,179
video0313.raw_14.jpg,183,66,car plate,697,403,880,469
video0313.raw_15.jpg,289,67,car plate,577,215,866,282
video0316.raw_13.jpg,310,54,car plate,411,906,721,960
video0316.raw_18.jpg,282,69,car plate,473,87,755,156
video0316.raw_77.jpg,296,71,car plate,486,464,782,535
video0316.raw_78.jpg,286,68,car plate,487,296,773,364
video0316.raw_79.jpg,273,68,car plate,489,141,762,209
video0319.raw_15.jpg,292,69,car plate,570,131,862,200
video0322.raw_14.jpg,134,60,car plate,770,900,904,960
video0322.raw_17.jpg,247,72,car plate,593,279,840,351
video0323.raw_10.jpg,218,70,car plate,617,167,835,237
video0325.raw_14.jpg,107,66,car plate,766,452,873,518
video0325.raw_15.jpg,261,71,car plate,607,280,868,351
video0327.raw_14.jpg,195,67,car plate,391,346,586,413
video0327.raw_15.jpg,266,70,car plate,392,214,658,284
video0329.raw_38.jpg,177,68,car plate,754,363,931,431
video0329.raw_39.jpg,276,69,car plate,676,201,952,270
video0331.raw_14.jpg,277,76,car plate,606,292,883,368
video0331.raw_15.jpg,264,70,car plate,606,129,870,199
video0332.raw_17.jpg,286,72,car plate,752,445,1038,517
video0332.raw_18.jpg,274,71,car plate,753,298,1027,369
video0336.raw_14.jpg,247,70,car plate,622,99,869,169
video0337.raw_10.jpg,289,71,car plate,703,311,992,382
video0337.raw_11.jpg,278,69,car plate,696,135,974,204
video0340.raw_40.jpg,287,69,car plate,649,78,936,147
video0343.raw_6.jpg,282,69,car plate,564,183,846,252
video0346.raw_148.jpg,241,69,car plate,388,301,629,370
video0346.raw_149.jpg,267,69,car plate,392,159,659,228
video0346.raw_43.jpg,210,68,car plate,642,357,852,425
video0346.raw_44.jpg,279,71,car plate,564,207,843,278
video0346.raw_84.jpg,149,63,car plate,693,461,842,524
video0346.raw_85.jpg,315,67,car plate,613,292,928,359
video0346.raw_86.jpg,305,67,car plate,605,138,910,205
video0348.raw_8.jpg,265,66,car plate,787,147,1052,213
video0349.raw_3.jpg,319,76,car plate,807,435,1126,511
video0349.raw_4.jpg,305,71,car plate,801,286,1106,357
video0349.raw_5.jpg,293,68,car plate,792,145,1085,213
video0353.raw_4.jpg,251,70,car plate,669,486,920,556
video0353.raw_5.jpg,279,69,car plate,666,314,945,383
video0353.raw_6.jpg,270,67,car plate,663,157,933,224
video0354.raw_10.jpg,280,67,car plate,485,316,765,383
video0354.raw_11.jpg,270,67,car plate,485,176,755,243
video0355.raw_8.jpg,280,71,car plate,733,268,1013,339
video0362.raw_8.jpg,279,70,car plate,618,255,897,325
video0363.raw_5.jpg,277,70,car plate,693,217,970,287
video0363.raw_6.jpg,265,70,car plate,688,67,953,137
video0366.raw_9.jpg,286,70,car plate,648,255,934,325
video0369.raw_6.jpg,246,69,car plate,514,341,760,410
video0370.raw_9.jpg,287,66,car plate,713,299,1000,365
video0371.raw_10.jpg,276,71,car plate,657,63,933,134
video0371.raw_7.jpg,218,72,car plate,681,470,899,542
video0371.raw_8.jpg,295,76,car plate,645,323,940,399
video0371.raw_9.jpg,286,75,car plate,652,188,938,263
video0372.raw_10.jpg,278,72,car plate,755,326,1033,398
video0372.raw_11.jpg,267,70,car plate,749,178,1016,248
video0373.raw_6.jpg,257,69,car plate,479,397,736,466
video0373.raw_7.jpg,281,70,car plate,448,248,729,318
video0379.raw_6.jpg,212,71,car plate,621,141,833,212
video0381.raw_6.jpg,249,69,car plate,679,179,928,248
video0387.raw_13.jpg,114,66,car plate,675,330,789,396
video0387.raw_14.jpg,278,69,car plate,514,183,792,252
video0392.raw_10.jpg,288,68,car plate,672,115,960,183
video0392.raw_8.jpg,315,72,car plate,681,461,996,533
video0392.raw_9.jpg,300,71,car plate,677,280,977,351
video0394.raw_7.jpg,183,68,car plate,656,330,839,398
video0394.raw_8.jpg,283,70,car plate,615,154,898,224
video0397.raw_11.jpg,297,78,car plate,630,245,927,323
video0397.raw_12.jpg,287,75,car plate,624,98,911,173
video0399.raw_6.jpg,288,67,car plate,491,452,779,519
video0399.raw_7.jpg,275,63,car plate,487,282,762,345
video0400.raw_113.jpg,117,66,car plate,781,421,898,487
video0400.raw_114.jpg,142,67,car plate,745,243,887,310
video0400.raw_83.jpg,116,63,car plate,840,471,956,534
video0400.raw_84.jpg,210,68,car plate,737,294,947,362
video0401.raw_4.jpg,321,72,car plate,438,344,759,416
video0401.raw_5.jpg,303,68,car plate,445,135,748,203
video0403.raw_1.jpg,136,56,car plate,704,904,840,960
video0403.raw_4.jpg,289,72,car plate,537,221,826,293
video0404.raw_10.jpg,239,69,car plate,595,68,834,137
video0410.raw_27.jpg,255,77,car plate,746,363,1001,440
video0410.raw_28.jpg,279,72,car plate,700,159,979,231
video0410.raw_4.jpg,293,68,car plate,516,359,809,427
video0410.raw_5.jpg,279,63,car plate,517,186,796,249
video0412.raw_6.jpg,297,72,car plate,577,430,874,502
video0412.raw_7.jpg,283,70,car plate,577,261,860,331
video0412.raw_8.jpg,274,68,car plate,575,106,849,174
video0413.raw_7.jpg,265,71,car plate,664,230,929,301
video0413.raw_8.jpg,292,70,car plate,616,77,908,147
video0415.raw_3.jpg,279,68,car plate,483,412,762,480
video0415.raw_4.jpg,266,67,car plate,485,250,751,317
video0417.raw_62.jpg,283,72,car plate,795,417,1078,489
video0417.raw_63.jpg,274,70,car plate,789,281,1063,351
video0417.raw_64.jpg,264,67,car plate,784,152,1048,219
video0419.raw_9.jpg,290,70,car plate,512,154,802,224
video0421.raw_10.jpg,280,66,car plate,649,207,929,273
video0421.raw_9.jpg,254,67,car plate,652,354,906,421
video0423.raw_12.jpg,279,69,car plate,774,289,1053,358
video0423.raw_13.jpg,270,68,car plate,764,159,1034,227
video0427.raw_10.jpg,288,67,car plate,639,275,927,342
video0430.raw_7.jpg,289,70,car plate,567,256,856,326
video0437.raw_8.jpg,283,70,car plate,471,376,754,446
video0437.raw_9.jpg,273,69,car plate,473,213,746,282
video0440.raw_10.jpg,209,68,car plate,444,212,653,280
video0440.raw_11.jpg,270,68,car plate,442,36,712,104
video0452.raw_10.jpg,319,77,car plate,730,475,1049,552
video0452.raw_11.jpg,307,72,car plate,726,326,1033,398
video0452.raw_12.jpg,295,71,car plate,721,185,1016,256
video0452.raw_13.jpg,287,68,car plate,714,54,1001,122
video0456.raw_6.jpg,291,71,car plate,631,390,922,461
video0456.raw_7.jpg,277,67,car plate,618,202,895,269
video0459.raw_32.jpg,258,72,car plate,568,470,826,542
video0459.raw_33.jpg,282,71,car plate,568,303,850,374
video0459.raw_34.jpg,272,67,car plate,568,149,840,216
video0461.raw_8.jpg,296,69,car plate,737,358,1033,427
video0461.raw_9.jpg,281,68,car plate,722,174,1003,242
video0463.raw_28.jpg,225,68,car plate,595,602,820,670
video0463.raw_29.jpg,296,67,car plate,584,426,880,493
video0463.raw_30.jpg,290,62,car plate,574,264,864,326
video0465.raw_4.jpg,297,66,car plate,586,275,883,341
video0465.raw_5.jpg,282,63,car plate,576,100,858,163
video0468.raw_7.jpg,295,69,car plate,534,432,829,501
video0468.raw_8.jpg,280,66,car plate,535,267,815,333
video0469.raw_14.jpg,290,75,car plate,557,280,847,355
video0471.raw_31.jpg,113,66,car plate,767,405,880,471
video0471.raw_32.jpg,281,68,car plate,598,247,879,315
video0474.raw_10.jpg,261,77,car plate,484,357,745,434
video0474.raw_11.jpg,249,72,car plate,495,228,744,300
video0474.raw_12.jpg,241,75,car plate,505,104,746,179
video0474.raw_8.jpg,283,84,car plate,458,657,741,741
video0474.raw_9.jpg,273,80,car plate,471,500,744,580
video0475.raw_10.jpg,254,68,car plate,654,202,908,270
video0475.raw_11.jpg,246,67,car plate,653,112,899,179
video0475.raw_5.jpg,145,68,car plate,771,749,916,817
video0475.raw_6.jpg,250,72,car plate,662,620,912,692
video0475.raw_7.jpg,276,77,car plate,658,504,934,581
video0475.raw_8.jpg,267,72,car plate,657,398,924,470
video0475.raw_9.jpg,260,70,car plate,656,296,916,366
video0476.raw_7.jpg,275,79,car plate,468,598,743,677
video0476.raw_8.jpg,259,76,car plate,483,413,742,489
video0476.raw_9.jpg,246,71,car plate,495,246,741,317
video0478.raw_3.jpg,243,77,car plate,451,642,694,719
video0478.raw_4.jpg,270,79,car plate,431,471,701,550
video0478.raw_5.jpg,256,77,car plate,446,320,702,397
video0478.raw_6.jpg,246,75,car plate,459,181,705,256
video0482.raw_10.jpg,216,80,car plate,525,750,741,830
video0482.raw_11.jpg,245,79,car plate,500,597,745,676
video0482.raw_12.jpg,276,79,car plate,509,460,785,539
video0482.raw_13.jpg,263,76,car plate,521,333,784,409
video0482.raw_14.jpg,256,76,car plate,530,216,786,292
video0482.raw_15.jpg,249,71,car plate,540,108,789,179
video0486.raw_6.jpg,225,76,car plate,316,603,541,679
video0486.raw_7.jpg,283,81,car plate,270,402,553,483
video0486.raw_8.jpg,270,79,car plate,291,229,561,308
video0486.raw_9.jpg,257,76,car plate,309,70,566,146
video0490.raw_13.jpg,274,76,car plate,442,363,716,439
video0490.raw_14.jpg,265,75,car plate,449,245,714,320
video0490.raw_15.jpg,255,72,car plate,453,135,708,207
video0490.raw_16.jpg,247,69,car plate,456,34,703,103
